0.0 1883.01102
0.0 1887.64923
34.485691 1892.28699
36.963395 1896.92459
46.932679 1901.56158
66.766232 1906.19812
-10.223168 1910.83435
-42.485049 1915.47043
-2.780873 1920.1059
79.107674 1924.74091
-2.780639 1929.37561
-44.928059 1934.01001
31.950188 1938.6441
86.49608 1943.27759
69.152515 1947.91077
49.306693 1952.54349
-30.088639 1957.17575
39.423316 1961.80786
19.529465 1966.43951
71.661529 1971.07071
76.611526 1975.70145
12.110297 1980.33203
-7.754737 1984.96216
71.661529 1989.59167
-64.860571 1994.22089
-62.326243 1998.84979
-64.778886 2003.47855
-20.149103 2008.10654
12.111827 2012.73422
-69.788372 2017.3616
36.915006 2021.98853
111.392918 2026.61514
-25.125083 2031.2413
-37.522207 2035.867
46.888455 2040.4924
-37.539729 2045.11734
69.21662 2049.74197
-20.160122 2054.36615
-40.028156 2058.99002
-59.894476 2063.61343
98.988678 2068.23654
4.667236 2072.85919
29.479968 2077.48123
-17.684136 2082.10327
61.798352 2086.72485
-25.125083 2091.34583
-94.701806 2095.96649
34.444779 2100.5867
14.602093 2105.20676
-32.589637 2109.82635
4.667832 2114.44534
-0.300805 2119.06403
59.333443 2123.6824
-42.522743 2128.30048
111.383678 2132.91779
34.46369 2137.53494
143.699528 2142.15179
34.481269 2146.76819
-12.709336 2151.38412
121.388004 2155.9996
-32.585354 2160.61493
-25.113455 2165.22949
59.282914 2169.84406
-44.999748 2174.45801
-62.402618 2179.07166
-40.046855 2183.68484
-67.382339 2188.29773
-129.464731 2192.91031
84.134526 2197.52228
-32.56347 2202.13379
-20.156722 2206.745
39.440031 2211.35574
29.492401 2215.96634
7.142557 2220.57648
44.390784 2225.186
17.074596 2229.79553
-161.677063 2234.4043
-47.460002 2239.01276
-112.003521 2243.62076
59.295455 2248.22845
-32.581207 2252.83569
46.866751 2257.44278
86.641749 2262.0491
46.858844 2266.65512
2.180368 2271.26114
-30.098818 2275.86639
133.723384 2280.47119
59.26791 2285.07568
-2.782507 2289.67972
-25.145347 2294.28345
-12.712013 2298.88687
121.301021 2303.48984
-42.492193 2308.09219
56.775231 2312.6944
-67.33656 2317.29614
-27.597547 2321.89758
-35.074043 2326.49841
-2.783916 2331.09894
34.509369 2335.69901
91.544037 2340.29892
-62.297737 2344.89822
-49.95371 2349.49707
-37.557091 2354.09561
-35.041589 2358.69385
-54.898129 2363.29163
-7.745871 2367.88895
-37.531676 2372.48581
71.700797 2377.08237
2.183693 2381.67847
29.488661 2386.27441
-17.679508 2390.8696
22.053829 2395.46463
-92.176401 2400.0592
9.635353 2404.65332
128.754146 2409.24698
-44.990363 2413.84033
-99.594207 2418.43338
-25.137714 2423.02597
-2.785339 2427.6181
29.489909 2432.20993
-10.23785 2436.80115
84.148818 2441.39221
-82.257811 2445.98282
235.618119 2450.57297
-84.73947 2455.16266
-12.713623 2459.75189
46.864773 2464.34082
-7.748348 2468.92944
46.876658 2473.51761
-12.715237 2478.10516
-27.629104 2482.69272
98.914078 2487.27951
64.210451 2491.866
27.041268 2496.45218
-67.353542 2501.0379
121.372703 2505.62317
4.662307 2510.20813
123.858368 2514.79279
49.348244 2519.37668
27.030979 2523.96057
-30.083567 2528.54385
69.187439 2533.12683
-121.994669 2537.7092
103.9664 2542.29126
-77.257914 2546.87302
-37.563488 2551.45432
44.394539 2556.035
17.083988 2560.61584
-82.205658 2565.19592
79.164441 2569.7757
-12.713086 2574.35455
49.358538 2578.93372
-0.300467 2583.51196
56.799157 2588.0899
31.966424 2592.66754
-59.87929 2597.24487
76.784455 2601.8219
2.18156 2606.39832
118.856849 2610.97443
96.533031 2615.54993
-0.300881 2620.12512
-12.699234 2624.69971
-17.690903 2629.27429
-40.018009 2633.84827
4.664073 2638.42194
-30.087369 2642.9953
44.402066 2647.56805
-25.109245 2652.1405
-27.616188 2656.71234
-44.980731 2661.28387
-74.7929 2665.8551
9.628687 2670.42572
49.356451 2674.99573
39.393606 2679.56604
99.005523 2684.13574
19.569652 2688.70483
9.628687 2693.27362
-30.118023 2697.8418
-54.905062 2702.40936
99.039071 2706.97693
46.868734 2711.54419
-20.157572 2716.11053
131.282936 2720.67688
17.085441 2725.24292
29.517487 2729.80835
7.143892 2734.37347
-49.981247 2738.93799
24.504278 2743.5025
-77.261171 2748.0661
54.317664 2752.62939
-54.944572 2757.19238
41.922989 2761.75507
-74.82785 2766.31714
-22.668129 2770.87891
99.034873 2775.44067
-2.780989 2780.00122
17.084713 2784.56177
96.59869 2789.12201
7.136742 2793.68164
-0.300682 2798.24097
41.899913 2802.79968
-62.402618 2807.3584
-15.205604 2811.9162
-17.680256 2816.474
-32.582724 2821.03149
-45.001655 2825.58838
-22.641169 2830.14465
-59.907043 2834.70062
-10.236839 2839.25629
-7.756721 2843.81134
66.715513 2848.36639
-67.308171 2852.92053
-92.184224 2857.47467
-17.693031 2862.0282
4.666702 2866.58142
84.070496 2871.13434
-2.784508 2875.68634
-49.955687 2880.23804
19.564671 2884.78973
31.993515 2889.34113
59.285418 2893.8913
-20.17638 2898.44208
19.552288 2902.99164
-20.149103 2907.54089
17.073293 2912.08984
91.621702 2916.63879
-27.599869 2921.18683
91.590528 2925.73456
-7.752621 2930.28198
-5.273605 2934.82849
24.52902 2939.37561
69.2254 2943.92151
66.769078 2948.46741
-35.088993 2953.01239
-37.539729 2957.55737
-72.286869 2962.10175
-2.783802 2966.64581
-37.552307 2971.18958
49.377525 2975.73242
-15.203019 2980.27557
4.662697 2984.81812
-42.456774 2989.35974
34.462366 2993.90137
-42.512062 2998.44238
39.43681 3002.9834
99.017956 3007.5235
14.593436 3012.0636
-114.483448 3016.60278
108.922276 3021.14197
-84.81559 3025.68054
-37.547535 3030.21881
27.00006 3034.75677
-27.605681 3039.29413
17.088478 3043.83118
-79.792869 3048.36761
27.01819 3052.90375
86.608786 3057.43958
98.976303 3061.9751
168.656436 3066.5097
-42.503076 3071.04431
-27.597547 3075.578
-17.678897 3080.11169
22.03426 3084.64508
-82.236895 3089.17755
2.180552 3093.71063
41.914228 3098.24219
66.715513 3102.77374
-22.660377 3107.30499
-10.234806 3111.83563
138.798761 3116.36597
-10.233802 3120.89569
41.905226 3125.42511
12.109275 3129.95422
118.896942 3134.48273
-12.716446 3139.01093
31.993515 3143.53882
22.024241 3148.0658
-0.300614 3152.59308
12.115933 3157.11975
-2.783447 3161.64581
-42.522743 3166.17126
51.847035 3170.69672
-54.951584 3175.22156
-67.36499 3179.74579
36.935327 3184.27002
-0.300869 3188.79333
59.288064 3193.31665
31.978578 3197.83936
89.078495 3202.36176
-59.945503 3206.88354
111.355469 3211.40503
-40.034937 3215.92651
29.508667 3220.44647
-102.143645 3224.96704
19.585549 3229.48639
-84.736005 3234.00604
12.110297 3238.52509
-57.407588 3243.04352
-20.158556 3247.56165
-74.739323 3252.07916
-20.158556 3256.59668
49.348244 3261.11328
14.588388 3265.62988
51.860378 3270.14557
-2.782524 3274.66156
12.115415 3279.17664
69.190213 3283.6911
22.040759 3288.20557
101.481667 3292.71942
-17.677269 3297.23297
54.272027 3301.74561
-0.300933 3306.25854
126.414023 3310.77026
51.796836 3315.28229
188.239395 3319.7937
81.587372 3324.3045
-0.300594 3328.815
89.071097 3333.32489
79.13418 3337.83478
91.590528 3342.34406
2.181927 3346.85303
-84.63619 3351.36078
91.505539 3355.86914
-45.011215 3360.37659
91.505539 3364.88342
-17.669091 3369.39026
-40.007898 3373.89648
141.178112 3378.4024
79.074406 3382.90771
-35.066733 3387.41272
93.941639 3391.91681
19.544911 3396.4212
51.831689 3400.92468
121.352028 3405.42816
66.698548 3409.93103
165.985146 3414.43329
165.950271 3418.93555
96.467984 3423.43689
178.308663 3427.93793
168.238819 3432.43866
126.221946 3436.93878
113.772544 3441.4389
113.791519 3445.93842
140.995241 3450.43732
262.532921 3454.93591
255.025276 3459.43359
289.996307 3463.93158
133.567049 3468.42896
213.002937 3472.92542
202.930046 3477.42218
282.240898 3481.91803
252.240197 3486.41357
239.904695 3490.90881
353.646912 3495.40314
408.152336 3499.89777
575.639801 3504.39148
688.64893 3508.88489
715.689243 3513.37799
720.911995 3517.87048
526.599953 3522.36267
405.817695 3526.85425
541.182312 3531.34552
467.151501 3535.83649
626.477261 3540.32684
685.681398 3544.81659
971.11837 3549.30634
847.912407 3553.79517
846.053902 3558.2843
818.634919 3562.77222
776.708846 3567.26013
842.914856 3571.74774
806.189697 3576.23444
809.525643 3580.72113
845.266636 3585.20721
727.395448 3589.69299
820.895081 3594.17786
783.942873 3598.66302
810.747011 3603.14697
899.82671 3607.63123
813.795659 3612.11456
870.058365 3616.5976
853.641663 3621.08032
893.827358 3625.56244
877.371991 3630.04456
985.120209 3634.52576
1092.513306 3639.00696
1433.167637 3643.48663
1646.170678 3647.96722
2066.825908 3652.4469
2117.720948 3656.92596
1947.02813 3661.40472
1925.966865 3665.88287
1719.973481 3670.36102
1495.800537 3674.83826
1578.165528 3679.31549
1538.358749 3683.79181
1315.182991 3688.26843
1199.41263 3692.74384
1256.191074 3697.21924
997.346161 3701.69403
1183.370289 3706.16821
935.550955 3710.6427
1147.947739 3715.11566
1108.678872 3719.58923
1036.613327 3724.06158
1038.583724 3728.53424
1083.65255 3733.00568
1053.719101 3737.47711
1014.963479 3741.94794
938.967296 3746.41846
1080.755577 3750.88898
864.494249 3755.35828
1001.892712 3759.82758
994.29594 3764.29596
943.138881 3768.76465
782.10067 3773.23242
393.044124 3777.69989
195.266277 3782.16675
173.231834 3786.6333
64.240167 3791.09985
-57.381087 3795.56519
-5.269531 3800.03052
126.248264 3804.49524
173.449097 3808.95996
148.590012 3813.42377
237.766548 3817.88727
205.480759 3822.35046
425.786263 3826.81274
395.847065 3831.27533
393.491874 3835.73669
550.98508 3840.19836
467.038924 3844.65912
536.25824 3849.11957
563.20076 3853.57971
360.889894 3858.03925
464.668793 3862.49847
633.37912 3866.95679
481.740907 3871.41541
487.037415 3875.87311
531.227631 3880.33051
622.597969 3884.78729
624.907982 3889.24408
592.298425 3893.69995
656.867699 3898.15552
607.741016 3902.61078
592.980213 3907.06543
604.872376 3911.52008
604.968018 3915.97351
671.746499 3920.42725
652.237389 3924.87976
740.469795 3929.33289
621.299492 3933.78479
734.839755 3938.23639
774.831734 3942.68768
704.877025 3947.13837
823.37747 3951.58905
918.992596 3956.03851
938.894989 3960.48798
975.899918 3964.93683
995.819046 3969.38568
901.892471 3973.83392
858.109947 3978.28156
801.069917 3982.72888
816.661392 3987.1756
859.763164 3991.62201
947.044045 3996.06781
982.599652 4000.51361
876.933426 4004.95819
948.284233 4009.40308
857.545483 4013.84705
881.66033 4018.29102
948.502446 4022.73438
1070.455534 4027.17682
1204.915867 4031.61926
1322.884163 4036.0611
1415.970559 4040.50293
1612.708705 4044.94385
1727.176956 4049.38446
1782.158327 4053.82477
1639.604614 4058.26447
1661.592583 4062.70386
1442.467032 4067.14233
1471.273682 4071.58081
1449.230674 4076.01868
1402.138279 4080.45624
1391.697053 4084.89319
1334.565239 4089.33014
1362.408425 4093.76617
1306.424296 4098.2019
1701.389382 4102.63702
1825.240746 4107.07184
1851.761282 4111.50635
1950.809089 4115.94025
1853.33955 4120.37384
2016.538539 4124.80682
2165.525575 4129.23981
2211.708827 4133.67126
2013.086563 4138.10333
1925.902607 4142.53479
1762.741853 4146.96533
1723.196022 4151.39587
1567.031181 4155.82581
1710.59134 4160.25543
2049.16745 4164.68414
2090.498562 4169.11285
2180.489414 4173.54065
2162.410103 4177.96875
2193.876427 4182.39594
2149.993016 4186.82281
2148.545784 4191.24908
2219.079785 4195.67505
2058.746162 4200.10071
2129.040413 4204.52545
2164.717923 4208.9502
2602.907356 4213.37372
2687.160595 4217.79785
3053.455242 4222.22107
3209.810478 4226.64368
3161.545356 4231.06628
2946.427311 4235.48798
2711.898285 4239.90967
2399.961834 4244.33044
2373.773045 4248.75092
2350.21518 4253.17078
2355.662125 4257.59064
2175.970825 4262.00989
2169.637886 4266.42853
1982.348695 4270.84686
2062.999066 4275.26459
2005.38007 4279.68201
1929.316753 4284.09912
2236.838169 4288.51563
2102.616381 4292.93121
2168.450108 4297.34711
2129.912266 4301.76239
2313.594818 4306.17706
2193.89252 4310.59113
2235.62198 4315.00488
2006.266043 4319.41833
2125.969548 4323.83087
2124.176315 4328.24341
2060.302979 4332.65533
1991.732796 4337.06726
1979.18533 4341.47827
2255.229515 4345.88867
2784.514477 4350.29877
3790.665673 4354.70825
4604.462006 4359.11804
4595.17035 4363.52661
3958.14318 4367.93518
3516.349519 4372.34283
3333.416065 4376.75049
3038.540111 4381.15723
2782.851432 4385.56396
2787.638298 4389.9704
2538.225601 4394.37561
2717.521919 4398.78113
2670.733528 4403.18573
2634.47163 4407.59033
2652.594164 4411.99341
2664.528511 4416.39709
2595.627419 4420.79956
2616.513092 4425.20264
2891.817886 4429.6051
2820.125679 4434.00604
2702.232376 4438.40759
2974.988377 4442.80762
2866.9288 4447.20825
2957.412223 4451.60767
2942.124848 4456.00739
2949.481762 4460.40558
2763.386629 4464.80438
2720.497157 4469.20258
2618.304364 4473.59955
2615.647777 4477.99713
2616.253483 4482.39319
2524.374634 4486.78955
2809.917679 4491.185
2521.088264 4495.58014
2652.162002 4499.97498
2644.575074 4504.36951
2889.521377 4508.76343
2848.63829 4513.15674
2892.509987 4517.54974
2952.833374 4521.94183
2792.17737 4526.33392
3154.427987 4530.7251
3222.984226 4535.11688
3093.690209 4539.50684
2928.169807 4543.8974
3199.97517 4548.28735
3085.347016 4552.67639
3088.028126 4557.06543
3237.825624 4561.45325
3160.244507 4565.84137
3024.053135 4570.22858
3160.772591 4574.61578
3093.019411 4579.00208
3164.833756 4583.38867
3121.019966 4587.77405
3196.734879 4592.15912
3065.648559 4596.54388
3175.944916 4600.92773
2983.964201 4605.31189
3257.449639 4609.69513
3264.078949 4614.07806
3407.663925 4618.46008
3195.514092 4622.84241
3280.959121 4627.22351
3283.641777 4631.60461
3481.614395 4635.98541
3542.59209 4640.3653
3403.248741 4644.74518
3468.541728 4649.12384
3425.425571 4653.50281
3413.725601 4657.88086
3406.358328 4662.25891
3665.994678 4666.63605
3860.644265 4671.01318
3802.501366 4675.39001
4042.496777 4679.76563
4271.542366 4684.14124
4407.046707 4688.51593
4529.740146 4692.89063
4746.279628 4697.2644
4801.448867 4701.63849
4946.667489 4706.01135
4853.139313 4710.38422
5075.060596 4714.75677
5011.538292 4719.12811
4855.483063 4723.50006
4824.696703 4727.87048
4592.951396 4732.24121
4434.825116 4736.61072
4392.234597 4740.98053
4399.507244 4745.34943
4331.699772 4749.71802
4657.183506 4754.0863
4507.780194 4758.45367
4387.682502 4762.82104
4269.183479 4767.1875
4125.875122 4771.55426
4285.535595 4775.91949
4370.03598 4780.28503
4517.345718 4784.64966
4280.946517 4789.01428
4208.59655 4793.3786
4227.716698 4797.7417
4186.113129 4802.1051
4154.567963 4806.46698
4103.897656 4810.82947
4117.407135 4815.19073
4319.753531 4819.552
4336.539585 4823.91266
4389.193798 4828.27301
4583.831161 4832.63306
4527.133621 4836.99188
4369.846834 4841.35101
4344.317783 4845.70923
4334.183139 4850.06744
4340.167702 4854.42413
4726.632904 4858.78174
4578.337323 4863.13782
4593.082779 4867.4939
4889.512055 4871.84998
4970.024223 4876.20453
5077.97303 4880.55939
5135.458763 4884.91333
4989.749057 4889.26727
5133.011177 4893.6203
5060.376796 4897.97302
5263.702468 4902.32513
5112.432251 4906.67755
5099.030663 4911.02905
5361.092728 4915.37964
5648.109871 4919.73022
5668.312378 4924.0799
5739.444298 4928.42957
6134.301912 4932.77832
6741.71946 4937.12738
6653.067887 4941.47491
6760.786182 4945.82275
6327.205185 4950.17029
6419.895958 4954.5166
6674.859986 4958.86292
6762.266341 4963.20831
7227.717513 4967.55402
7883.757828 4971.8985
8920.147289 4976.24298
9737.600018 4980.58655
10708.517952 4984.93042
11048.326991 4989.27368
10854.248367 4993.61572
10670.45612 4997.95807
10063.435463 5002.29919
9492.094902 5006.64063
8959.329441 5010.98083
8543.211351 5015.32104
8409.12601 5019.66064
8057.445198 5023.99994
7904.165901 5028.33893
7440.823582 5032.677
7768.270557 5037.01477
7995.894058 5041.35193
7799.956749 5045.68909
7418.850708 5050.02502
7060.737251 5054.36127
6966.668061 5058.69629
6765.147574 5063.03162
6782.477116 5067.36603
6791.85633 5071.69983
6611.388138 5076.03363
6714.81828 5080.36621
6395.387256 5084.6994
6555.186158 5089.03107
6383.945435 5093.36304
6211.52185 5097.69379
6192.230484 5102.02484
6295.75835 5106.35529
6296.423714 5110.68481
6153.882738 5115.01434
6444.64267 5119.34265
6758.170988 5123.67126
6946.809235 5127.99927
6748.588989 5132.32605
6645.786843 5136.65344
6716.727855 5140.97961
7216.653656 5145.30579
7710.015259 5149.63135
7922.720144 5153.95691
8231.854093 5158.28064
8388.562874 5162.60498
8166.932529 5166.92871
8035.482269 5171.25183
8386.325229 5175.57373
8465.703465 5179.89624
9000.237526 5184.21753
8641.281472 5188.53943
8512.915844 5192.86072
8230.695976 5197.18018
8384.961669 5201.50024
8346.946869 5205.81909
8039.651455 5210.13855
8453.176674 5214.45679
8707.870728 5218.77502
8997.23098 5223.09204
8870.278688 5227.40906
8801.514458 5231.72546
8681.399112 5236.04187
8582.52355 5240.35767
7949.154346 5244.67224
7733.511925 5248.98682
7620.967797 5253.30078
7405.699967 5257.61475
7416.116317 5261.92749
7575.283409 5266.24023
7216.287262 5270.55237
7306.726391 5274.86389
7191.599854 5279.17542
7189.848648 5283.48572
7079.066944 5287.79663
7269.563324 5292.10571
7697.41346 5296.41541
8047.819428 5300.72388
8334.398378 5305.03235
8419.710892 5309.34082
8552.701888 5313.64746
9354.611206 5317.95532
10019.980398 5322.26135
11123.558609 5326.56738
12983.595337 5330.8728
16031.996704 5335.17822
21797.771294 5339.48242
27401.648827 5343.78662
27367.771294 5348.09082
23420.951102 5352.39319
23511.908612 5356.69617
29670.060677 5360.99792
35593.68782 5365.29968
39781.360378 5369.60083
41785.39637 5373.90137
42489.876987 5378.2019
43212.291406 5382.50183
43753.935937 5386.80115
44335.736534 5391.09985
42319.054841 5395.39795
40496.178093 5399.69543
36913.583586 5403.99292
32923.110088 5408.28979
28429.846745 5412.58606
24257.3107 5416.88171
20974.228604 5421.17737
18319.959809 5425.47302
16392.432388 5429.76685
13919.632925 5434.06128
12800.084358 5438.35388
11738.313599 5442.64771
11388.222541 5446.9397
11567.295849 5451.2323
16162.84663 5455.52307
21969.621502 5459.81506
24146.647567 5464.10583
20592.064525 5468.39539
16628.045964 5472.68555
15447.303673 5476.97449
14941.793473 5481.26282
13886.076492 5485.55054
12530.709915 5489.83887
11269.811032 5494.12598
10354.171005 5498.41309
9546.517691 5502.69958
9399.415261 5506.98486
8919.875122 5511.27075
9027.515801 5515.55481
8982.60315 5519.83948
9122.29097 5524.12292
9290.073562 5528.40698
9285.541336 5532.6886
9403.38225 5536.97205
9368.110458 5541.25366
9346.719569 5545.53467
9663.941582 5549.81628
9591.718863 5554.09607
9663.700927 5558.37646
9823.631371 5562.65564
9477.44247 5566.93481
9489.568604 5571.21338
9360.660496 5575.49133
9478.907167 5579.76929
9796.760672 5584.04602
10099.139012 5588.32275
10357.731049 5592.59888
10481.358002 5596.87439
10208.083586 5601.14929
10368.973236 5605.42419
10019.525417 5609.69788
10063.50647 5613.97156
10342.532242 5618.24524
10318.946657 5622.5177
10448.25061 5626.79016
10273.655708 5631.0614
10455.10062 5635.33264
10935.235527 5639.60327
11381.754112 5643.87329
11631.021294 5648.14331
12070.074586 5652.41272
12952.834614 5656.68213
14038.768928 5660.94971
15420.099137 5665.2179
16906.365044 5669.48425
18083.314393 5673.75183
19523.557705 5678.01819
22798.59956 5682.28394
27832.032804 5686.54846
31904.121247 5690.81421
33142.736686 5695.07874
31069.392212 5699.34265
28858.531128 5703.60596
26614.580521 5707.86865
24458.858353 5712.13074
22692.550934 5716.39282
20577.294319 5720.6543
18513.026433 5724.91516
17046.547958 5729.17603
15656.13649 5733.43567
14700.247925 5737.69531
13884.921479 5741.95435
13283.643013 5746.21277
12861.954167 5750.47119
12850.961567 5754.72839
12898.745941 5758.9856
13622.856006 5763.24158
13901.213264 5767.49817
14038.20916 5771.75293
13893.449159 5776.0083
13786.203152 5780.26306
14278.951546 5784.51721
14628.367577 5788.77136
15049.573379 5793.02429
14777.034984 5797.27661
14563.288802 5801.52832
14650.200981 5805.78064
15082.190636 5810.03113
15346.467529 5814.28223
15884.297028 5818.53271
15964.505925 5822.78198
16809.974643 5827.03125
17015.597534 5831.2793
18166.797729 5835.52795
19291.059838 5839.77539
20863.834137 5844.02283
21750.523177 5848.26965
23667.681176 5852.51587
25414.771313 5856.76208
26977.612259 5861.00647
28084.064862 5865.25208
27658.50032 5869.49524
25990.01994 5873.73962
22939.341194 5877.98218
18489.67981 5882.22534
14234.616433 5886.46729
11133.79475 5890.70984
8748.366299 5894.95117
7233.308643 5899.19128
6119.19397 5903.43201
5660.437831 5907.67151
5330.309746 5911.91101
5514.52255 5916.1499
5992.868043 5920.38818
6958.155224 5924.62524
8029.137127 5928.86292
9116.896086 5933.10059
10288.708633 5937.33582
11667.892518 5941.57227
12824.09729 5945.8075
13760.829214 5950.04272
15308.692993 5954.27673
16248.120526 5958.51074
17592.315341 5962.74353
18618.658326 5966.97632
19697.574349 5971.20911
20323.817294 5975.44067
21476.193099 5979.67224
22095.885124 5983.9032
22389.658878 5988.13354
23314.918123 5992.36328
23900.579682 5996.59241
24433.462492 6000.82153
24658.518524 6005.05005
24903.411713 6009.27795
25638.589058 6013.50525
25811.103393 6017.73254
25876.980484 6021.95862
25802.095909 6026.18408
26529.817344 6030.40955
26190.452759 6034.6344
26532.925026 6038.85925
26498.513824 6043.0835
26271.700699 6047.30652
26566.571724 6051.52893
26117.485229 6055.75195
26351.999878 6059.97375
26020.624245 6064.19495
25869.848877 6068.41553
25890.06263 6072.63672
25859.64051 6076.85608
25412.238166 6081.07605
25411.537232 6085.2948
24979.338638 6089.51294
24939.304249 6093.73108
24679.536567 6097.948
24749.755669 6102.16553
24516.272965 6106.38123
23903.617221 6110.59753
23968.150513 6114.81262
23744.575157 6119.02832
23625.974001 6123.24219
23630.105623 6127.45605
23441.060937 6131.66931
23375.35096 6135.88196
23357.089653 6140.0946
22942.468628 6144.30664
23106.362526 6148.51807
23463.700149 6152.72827
24226.401589 6156.93909
25287.167406 6161.14929
24997.701294 6165.35889
24080.162263 6169.56787
23421.022567 6173.77563
22793.635585 6177.9834
21916.445702 6182.19055
21738.497856 6186.39832
21139.879029 6190.60364
20585.158012 6194.81018
20345.569946 6199.01611
19874.191726 6203.22083
18830.419731 6207.42493
18881.784027 6211.62842
18670.127293 6215.83191
18269.018135 6220.03418
18270.277172 6224.23706
17562.592616 6228.43872
17389.518471 6232.64038
17095.035097 6236.84143
16907.426605 6241.04126
16870.942448 6245.2417
16638.691746 6249.44031
16719.248871 6253.64014
16698.318237 6257.83752
16346.527497 6262.03552
16148.138939 6266.2323
15628.984986 6270.42969
15385.500611 6274.62585
15587.898247 6278.82141
15117.076348 6283.01697
14980.017968 6287.2113
14923.248269 6291.40625
14923.439888 6295.59998
14724.397095 6299.79309
14895.475358 6303.9856
14396.107026 6308.1781
14472.987003 6312.37
13928.450283 6316.56067
13884.124245 6320.75195
13567.642139 6324.94202
13300.435318 6329.13208
13254.552979 6333.32092
13014.862915 6337.50977
13080.676361 6341.69739
12706.245697 6345.88562
12868.333564 6350.07263
12655.401195 6354.25964
12577.540956 6358.44543
12614.24395 6362.63123
12556.867561 6366.81641
12415.013199 6371.00037
12519.063406 6375.18494
12409.137657 6379.36829
12199.482812 6383.55164
11992.706916 6387.73438
11855.474675 6391.9165
11671.467231 6396.09863
11731.878338 6400.27893
11655.016373 6404.45984
11594.89666 6408.63953
11356.187722 6412.81921
11032.816612 6416.99829
11108.149681 6421.17676
10841.40245 6425.35461
10833.142016 6429.53247
10684.730278 6433.70972
10740.813286 6437.88635
10611.759327 6442.06177
10523.924229 6446.23718
10310.734715 6450.4126
10550.283326 6454.58618
10299.10725 6458.76099
10513.289003 6462.93396
10397.497193 6467.10693
10461.842807 6471.27991
10095.093784 6475.45166
9994.76404 6479.62341
9786.826083 6483.79333
9862.666191 6487.96448
9689.554309 6492.13379
9696.036239 6496.3031
9052.314854 6500.4718
9265.363526 6504.63989
8753.170028 6508.80859
8924.418091 6512.97546
8864.303451 6517.14233
8683.293907 6521.30859
8454.391039 6525.47485
8457.684306 6529.63928
8685.532975 6533.80432
8641.295426 6537.96814
8729.590424 6542.13196
8775.672591 6546.29578
8959.75394 6550.45837
9265.079128 6554.62036
9474.658707 6558.78174
9186.64855 6562.94312
9238.01202 6567.10327
8911.212845 6571.26404
9036.044265 6575.42358
9023.811259 6579.58252
8734.793342 6583.74084
8546.896607 6587.89917
8284.746216 6592.05688
8303.873447 6596.21338
8550.449609 6600.37048
9080.250854 6604.52637
8780.328003 6608.68164
8077.846104 6612.83691
7683.681751 6616.99158
7533.680777 6621.14502
7772.334488 6625.29846
7902.214462 6629.45129
7563.086166 6633.60413
7388.989868 6637.75635
7133.88146 6641.90674
7040.982795 6646.05835
6794.929322 6650.20813
7038.858268 6654.35791
6892.701836 6658.50769
6821.0486 6662.65625
6992.387641 6666.8042
7037.275147 6670.95215
6999.471714 6675.09949
7151.731315 6679.24622
6967.018886 6683.39233
7180.272591 6687.53784
7166.023773 6691.68335
7526.658211 6695.82825
7592.69144 6699.97192
7495.742768 6704.1156
7578.014071 6708.25867
7574.904243 6712.40173
7471.103955 6716.54358
7606.820671 6720.68481
7442.560467 6724.82605
7419.779739 6728.96667
7193.642914 6733.10669
6941.489137 6737.24609
7176.986435 6741.38489
6932.2645 6745.52307
7040.409272 6749.66064
6812.284065 6753.79822
6577.363434 6757.93579
6463.106705 6762.07153
6420.152084 6766.20789
6211.977661 6770.34241
6029.012085 6774.47754
5840.086212 6778.61206
5806.452897 6782.74597
5669.094254 6786.87866
5557.628952 6791.01135
5369.400619 6795.14404
5382.876465 6799.27551
5218.974571 6803.40698
5188.15181 6807.53723
4888.820572 6811.66748
4716.237903 6815.79712
4567.750819 6819.92615
4743.572998 6824.05457
4697.991625 6828.18298
4559.789643 6832.31018
4314.291202 6836.43738
4198.786222 6840.56335
4055.94899 6844.68994
4043.457718 6848.81531
3958.843051 6852.93945
3757.34253 6857.06482
3763.005959 6861.18774
3654.384716 6865.31128
3593.82407 6869.43481
3487.96692 6873.55713
3305.691612 6877.67883
3230.026947 6881.79932
3292.553895 6885.92041
3161.631776 6890.04089
3222.984226 6894.16016
3323.58432 6898.27881
3088.522476 6902.39868
3012.05384 6906.51611
3002.48373 6910.63354
3002.116504 6914.75098
2933.82382 6918.86719
2806.231819 6922.9834
2876.056282 6927.099
2809.083625 6931.2146
2840.276725 6935.32837
2751.96228 6939.44214
2833.922943 6943.55652
2651.326888 6947.66846
2721.474457 6951.78101
2804.206314 6955.89294
2674.111274 6960.00366
2642.789169 6964.11438
2545.509162 6968.2251
2469.600994 6972.33459
2389.631435 6976.44409
2442.021218 6980.55298
2490.553246 6984.66064
2331.027709 6988.76831
2343.982509 6992.87537
2355.182934 6996.98181
2299.321354 7001.08826
2251.399819 7005.19348
2279.690308 7009.2981
2272.396538 7013.40271
2321.438194 7017.50732
2338.272179 7021.61011
2184.767594 7025.7135
2106.646297 7029.81567
2181.907787 7033.91724
2066.471849 7038.0188
2036.679295 7042.11914
2013.321831 7046.21948
2067.607755 7050.31921
1924.822597 7054.41895
2013.848038 7058.51746
1994.963207 7062.61536
2024.615818 7066.71265
2112.897705 7070.81055
2016.956999 7074.90662
1963.234253 7079.0033
1950.260704 7083.09814
2030.999535 7087.19299
2009.480294 7091.28784
2021.129226 7095.38147
1872.466038 7099.4751
1862.86176 7103.5675
1848.029175 7107.66052
1895.086433 7111.75171
1792.339409 7115.8429
1869.261439 7119.93347
1768.708161 7124.02405
1901.535099 7128.11401
1749.278183 7132.20276
1801.001883 7136.2915
1803.295661 7140.37964
1803.419852 7144.46777
1875.345665 7148.55408
1790.703213 7152.64099
1894.152314 7156.72668
1749.15363 7160.81177
1739.468937 7164.89746
1721.417094 7168.98132
1602.896516 7173.06519
1622.98677 7177.14844
1637.945259 7181.23108
1737.047551 7185.31372
1535.763645 7189.39514
1586.5518 7193.47595
1679.274864 7197.55676
1625.938194 7201.63696
1493.457144 7205.71716
1701.389382 7209.79614
1589.034744 7213.87451
1604.457161 7217.95227
1633.154633 7222.02942
1590.302979 7226.10718
1587.355644 7230.18311
1559.527572 7234.25903
1577.476391 7238.33374
1579.674103 7242.40906
1477.829132 7246.48376
1455.350517 7250.55725
1495.031624 7254.63013
1573.022956 7258.703
1578.050438 7262.77466
1426.817711 7266.84631
1397.12077 7270.91797
1375.537338 7274.98779
1414.036552 7279.05823
1393.216328 7283.12805
1375.689789 7287.19666
1404.72496 7291.26526
1366.885253 7295.33264
1438.762924 7299.40063
1384.555942 7303.4668
1379.491 7307.53357
1457.144633 7311.59851
1331.341484 7315.66406
1411.657349 7319.729
1425.773805 7323.79272
1516.838795 7327.85645
1431.943825 7331.91895
1391.747804 7335.98206
1374.729127 7340.04333
1400.325661 7344.10522
1348.374321 7348.16528
1395.202477 7352.22656
1355.37418 7356.28662
1421.902435 7360.34546
1423.112435 7364.4043
1450.649978 7368.46252
1470.679004 7372.52014
1496.588224 7376.57715
1502.815383 7380.63354
1402.344513 7384.68933
1407.208405 7388.74512
1509.441857 7392.80029
1433.953644 7396.85486
1367.134512 7400.90881
1276.002838 7404.96216
1447.956055 7409.0155
1455.776229 7413.06702
1338.493775 7417.11914
1497.461189 7421.17004
1451.021675 7425.22095
1467.11689 7429.27124
1448.432041 7433.32031
1278.760933 7437.37
1384.65721 7441.41785
1254.935733 7445.46631
1397.84124 7449.51355
1311.242616 7453.56079
1320.250938 7457.6062
1348.722568 7461.65283
1323.698939 7465.69824
1223.417406 7469.74243
1269.867982 7473.78723
1342.915874 7477.8302
1145.264759 7481.87378
1248.138826 7485.91614
1229.063286 7489.9585
1279.746493 7493.99963
1160.930008 7498.04077
1143.852493 7502.0813
1152.278988 7506.12122
1245.6111 7510.16052
1254.458946 7514.19922
1305.978027 7518.23792
1219.542698 7522.27478
1146.768116 7526.31226
920.840905 7530.34851
1212.003227 7534.38477
1241.942024 7538.42102
1212.184418 7542.45544
1190.063042 7546.48987
1316.982273 7550.52368
1370.874107 7554.5575
1439.557152 7558.59009
1300.132599 7562.62268
1265.889592 7566.65405
1160.365634 7570.68542
1258.393475 7574.7168
1224.692719 7578.74634
1230.401367 7582.77588
1055.244164 7586.8042
1163.719574 7590.83374
1207.263626 7594.86084
1307.77874 7598.88916
1033.580409 7602.91504
1058.726593 7606.94214
1132.854263 7610.96802
1056.283051 7614.99268
1011.209032 7619.01733
1091.191727 7623.04199
1016.942173 7627.06543
1183.370289 7631.08826
1034.406116 7635.11108
1013.881547 7639.13208
1075.910656 7643.15369
907.033699 7647.17529
980.191727 7651.19568
1082.135489 7655.21545
1504.036297 7659.23462
1886.439087 7663.25317
2043.069969 7667.27112
1665.548608 7671.28845
1512.147072 7675.30518
1274.642724 7679.32251
1323.261893 7683.33862
1243.636686 7687.35413
1513.58383 7691.36841
1607.745149 7695.38269
1874.591897 7699.39636
1639.957229 7703.41003
1404.621403 7707.42249
1236.235596 7711.43433
1266.409401 7715.44617
1156.617974 7719.4574
1164.55732 7723.46802
1043.667054 7727.47803
1017.996719 7731.48682
1044.905289 7735.49622
955.476852 7739.50439
862.843601 7743.51196
883.057679 7747.51892
980.907371 7751.52588
793.870956 7755.53162
717.359729 7759.53735
742.487724 7763.54309
617.50589 7767.54639
696.044406 7771.5509
727.907139 7775.5542
784.800239 7779.5575
693.642975 7783.55896
688.730256 7787.56104
708.26743 7791.56189
695.934707 7795.56274
612.538422 7799.56299
698.998108 7803.56201
750.555679 7807.56165
745.203766 7811.56006
678.957733 7815.55786
722.658107 7819.55505
782.408104 7823.55225
737.465133 7827.54761
735.850281 7831.54358
705.287283 7835.53894
718.200837 7839.53369
757.563622 7843.52783
639.079484 7847.52075
648.828115 7851.51367
622.573098 7855.50598
555.246682 7859.49768
545.779331 7863.48877
493.679951 7867.47986
637.075473 7871.47034
525.388107 7875.45959
540.987724 7879.44885
597.734043 7883.4375
649.211182 7887.42493
550.743514 7891.41235
575.801079 7895.39917
629.851024 7899.38538
693.752697 7903.37158
630.380623 7907.35718
504.101513 7911.34094
571.016044 7915.32532
642.349174 7919.30847
630.152771 7923.29224
600.145725 7927.27417
610.079132 7931.2561
622.201641 7935.23682
476.739452 7939.21753
625.257576 7943.19824
590.260696 7947.17773
543.775246 7951.15723
642.400353 7955.1355
595.631431 7959.11377
546.040287 7963.09082
553.735176 7967.06787
627.81855 7971.0437
597.781525 7975.01953
570.695663 7978.99536
481.702518 7982.96936
488.952745 7986.94397
625.082474 7990.91736
429.697415 7994.89014
530.825768 7998.8623
457.165722 8002.83447
578.169579 8006.80542
496.179379 8010.77637
442.027768 8014.7467
521.48407 8018.71643
583.6306 8022.68555
533.625305 8026.65405
439.899448 8030.62256
556.309876 8034.58923
598.212364 8038.55652
560.784947 8042.52258
604.991925 8046.48804
516.413769 8050.4541
516.579567 8054.41833
420.16476 8058.38257
612.807502 8062.34619
605.474815 8066.30859
427.200222 8070.271
580.863426 8074.23279
528.850631 8078.19458
519.063355 8082.15515
498.877076 8086.11572
538.569439 8090.07507
513.807751 8094.03381
661.704499 8097.99194
626.526321 8101.95068
723.972 8105.90759
538.569439 8109.8645
592.861725 8113.8208
548.392456 8117.77649
540.451779 8121.73157
555.841156 8125.68665
617.752311 8129.6405
585.36496 8133.59375
760.376907 8137.54639
878.707138 8141.49841
871.178237 8145.45105
916.862885 8149.40186
880.025131 8153.35266
892.202153 8157.30347
1117.898025 8161.25244
1287.811589 8165.20203
1826.912567 8169.14978
2460.493026 8173.09753
3262.643677 8177.04468
4290.281299 8180.99182
4868.956428 8184.93774
5141.797429 8188.88367
5350.448677 8192.82898
5646.768017 8196.77307
5953.329995 8200.71716
6284.346557 8204.66003
6173.245341 8208.60291
5663.264038 8212.54517
5208.332153 8216.48743
4793.989845 8220.42786
4407.264908 8224.3689
3994.885622 8228.30872
3547.966187 8232.24792
3318.097748 8236.18774
2943.470757 8240.12512
2637.789894 8244.06311
2463.555351 8247.99988
2277.438919 8251.93665
1882.200749 8255.8728
1692.907105 8259.80835
1542.654907 8263.74329
1570.531277 8267.67761
1493.755874 8271.61194
1266.361992 8275.54443
1258.253141 8279.47754
1187.005362 8283.40942
1123.950108 8287.34131
947.958223 8291.27136
953.359349 8295.20264
869.722987 8299.13208
789.27509 8303.06152
826.148713 8306.99097
846.15319 8310.91797
737.724705 8314.84619
751.921022 8318.77319
744.970459 8322.7002
698.472599 8326.62537
684.088211 8330.55054
555.487468 8334.4751
669.023349 8338.39966
592.298425 8342.32361
585.621895 8346.24634
570.604706 8350.16907
568.008667 8354.09058
627.81855 8358.01208
449.379017 8361.93298
493.993424 8365.85327
521.233856 8369.77295
531.59066 8373.69202
476.7585 8377.61047
600.505012 8381.52832
489.679603 8385.44617
497.11428 8389.36218
518.689418 8393.27942
356.259933 8397.19421
385.583054 8401.11023
437.985077 8405.0238
338.795239 8408.9386
407.855076 8412.85217
435.339973 8416.76453
437.966903 8420.67749
472.384712 8424.58862
343.900058 8428.49976
348.995704 8432.41028
400.668674 8436.32019
343.689821 8440.22949
420.539131 8444.13879
284.678417 8448.04749
299.448562 8451.95496
388.316258 8455.86182
269.445839 8459.76807
343.900058 8463.67432
405.652076 8467.57996
400.881111 8471.48499
336.629433 8475.38879
353.575038 8479.2926
351.249985 8483.19641
351.5672 8487.09839
257.192129 8491.00098
348.881233 8494.90234
249.861256 8498.8031
232.442074 8502.70325
338.740236 8506.60339
222.492764 8510.50171
314.351337 8514.40125
237.471879 8518.29895
257.381821 8522.19604
257.244508 8526.09314
267.514351 8529.98901
259.736812 8533.8855
361.509216 8537.78015
289.574967 8541.6748
168.162386 8545.56885
329.068669 8549.46228
311.841736 8553.35571
212.923264 8557.24731
230.055696 8561.13953
348.682174 8565.03052
242.296802 8568.92151
185.42445 8572.81067
235.038418 8576.70105
403.514778 8580.5896
242.615463 8584.47754
284.76081 8588.36609
254.951461 8592.25281
254.888272 8596.13892
336.76841 8600.02502
269.765156 8603.91052
235.067673 8607.79541
314.338421 8611.67969
292.11898 8615.56335
257.520134 8619.44702
291.974655 8623.32947
242.445652 8627.21069
193.040329 8631.09253
240.261391 8634.97314
252.343228 8638.85376
279.710663 8642.73315
314.312714 8646.61255
222.420608 8650.49072
143.501083 8654.3689
282.13628 8658.24707
212.738666 8662.1228
313.903034 8665.99915
249.87138 8669.87488
180.531115 8673.75061
217.791607 8677.62451
299.448562 8681.49841
175.824242 8685.3717
217.621553 8689.24438
257.424408 8693.11707
175.620036 8696.98853
274.585278 8700.85938
178.152999 8704.72961
302.194207 8708.59985
135.947766 8712.46887
230.188328 8716.33789
245.06894 8720.20569
212.834946 8724.07349
279.779992 8727.94067
172.919594 8731.80725
93.786506 8735.67322
200.406055 8739.53796
245.262406 8743.40332
83.968949 8747.26624
123.661005 8751.13037
210.300159 8754.99329
250.098305 8758.85559
242.605415 8762.71729
131.134285 8766.57898
185.653996 8770.44006
185.871743 8774.29932
54.188972 8778.15918
158.410099 8782.01782
153.45028 8785.87585
197.98127 8789.73389
317.084755 8793.5907
212.985298 8797.44751
101.316577 8801.3031
264.984916 8805.1593
153.323202 8809.01367
220.247383 8812.86804
121.164271 8816.7218
91.463451 8820.57434
272.439956 8824.42749
133.628166 8828.27942
262.543838 8832.13013
198.137695 8835.98145
81.580524 8839.83154
71.649507 8843.68042
195.768082 8847.53052
321.817421 8851.37817
71.542542 8855.22644
108.8309 8859.07349
106.330784 8862.92053
225.212826 8866.76636
158.443138 8870.61157
163.335816 8874.4574
212.834946 8878.30078
113.767811 8882.14539
225.194099 8885.98816
207.904083 8889.83093
180.725022 8893.67249
255.184349 8897.51465
252.59346 8901.35498
175.750798 8905.19531
188.05928 8909.03503
148.484288 8912.87415
91.383702 8916.71326
123.733296 8920.55054
205.438156 8924.38843
170.763367 8928.2251
195.759697 8932.06116
175.772889 8935.89661
98.864691 8939.73206
252.520165 8943.56628
222.924339 8947.3999
103.879097 8951.23352
198.038684 8955.06592
141.21983 8958.89832
126.174383 8962.72949
250.171386 8966.56067
242.726463 8970.39063
178.197277 8974.22058
96.367546 8978.04993
150.873347 8981.87866
61.733105 8985.70618
81.60096 8989.53369
111.327484 8993.36121
116.172946 8997.18689
198.038684 9001.01257
235.429298 9004.83704
141.048226 9008.66211
287.317177 9012.48596
81.485341 9016.3092
240.201409 9020.13184
171.021046 9023.95386
190.804176 9027.77588
41.866643 9031.59668
284.784401 9035.41687
170.862999 9039.23645
131.047415 9043.05603
173.310974 9046.875
146.111519 9050.69275
106.455749 9054.5105
133.61702 9058.32642
111.341458 9062.14294
76.605248 9065.95825
213.101181 9069.77417
158.430046 9073.58826
165.915497 9077.40234
106.361832 9081.21582
54.235898 9085.02869
180.747749 9088.84033
195.636849 9092.65198
12.098633 9096.46301
160.899929 9100.27344
128.614221 9104.08325
133.672859 9107.89246
153.637173 9111.70105
227.884911 9115.50903
175.897835 9119.31641
173.325306 9123.12317
128.667744 9126.92932
208.050926 9130.73547
-10.232502 9134.53979
165.915497 9138.34473
128.759438 9142.14783
136.122441 9145.95154
160.974068 9149.75464
220.393318 9153.55652
113.872647 9157.3584
49.321137 9161.15845
195.587959 9164.95972
212.905594 9168.75854
193.160607 9172.55859
287.091522 9176.3562
287.424957 9180.15503
76.554043 9183.95203
175.743626 9187.74902
222.952149 9191.5448
183.262223 9195.34058
173.398034 9199.13574
150.980084 9202.92969
111.271959 9206.72363
113.753618 9210.51636
93.9534 9214.30969
227.942215 9218.10181
235.448945 9221.89331
108.908497 9225.6842
146.050301 9229.47388
108.908497 9233.26416
81.553074 9237.05261
101.383773 9240.84106
54.231404 9244.62891
61.663693 9248.41675
84.063572 9252.20337
138.553826 9255.98938
106.460251 9259.77478
141.172165 9263.55957
86.431569 9267.34436
36.908828 9271.12732
208.155693 9274.91089
118.81168 9278.69324
168.470635 9282.47559
59.243022 9286.25671
108.885735 9290.03723
31.948852 9293.81775
123.764267 9297.59705
143.632912 9301.37634
155.881592 9305.15381
-62.407936 9308.9325
96.512635 9312.70935
49.304773 9316.4856
-15.180016 9320.26123
34.424573 9324.03687
76.617951 9327.8125
123.769596 9331.5863
46.852928 9335.36011
111.430687 9339.13208
178.338531 9342.90527
79.174384 9346.67664
178.466243 9350.448
111.308889 9354.21814
203.28669 9357.98889
31.984001 9361.75842
66.76069 9365.52673
103.953244 9369.29504
64.234748 9373.06274
-17.677269 9376.83044
54.292496 9380.5957
-22.644994 9384.36218
101.494665 9388.12744
14.588388 9391.89148
106.44675 9395.65613
29.458999 9399.41956
26.987466 9403.18237
44.385289 9406.94458
46.868734 9410.70557
133.667259 9414.46655
168.499031 9418.22693
-17.65889 9421.98669
36.974442 9425.74646
34.46369 9429.50562
141.279598 9433.26294
66.721004 9437.02026
54.299345 9440.77698
138.640613 9444.53369
-2.781338 9448.28918
2.182666 9452.04468
71.643505 9455.79834
-27.596389 9459.55261
-54.900439 9463.30627
116.401413 9467.05811
-10.234806 9470.81055
19.566328 9474.56177
34.459317 9478.31238
76.598701 9482.06238
-2.783916 9485.81238
71.637512 9489.56116
19.546548 9493.30933
-47.474028 9497.05811
103.931362 9500.80505
109.010199 9504.55139
-5.266405 9508.29773
153.604862 9512.04346
12.122635 9515.78735
44.360878 9519.53186
2.181192 9523.27515
-22.64595 9527.01843
31.948852 9530.76172
79.094261 9534.50195
64.251019 9538.24341
-7.745546 9541.98486
-30.083567 9545.72449
121.367424 9549.4635
2.183594 9553.20251
141.160278 9556.94092
-54.93304 9560.67871
76.660028 9564.41589
89.048573 9568.15125
96.537119 9571.88721
-54.895821 9575.62256
59.320654 9579.3573
-2.783329 9583.09021
-57.385918 9586.82373
84.109463 9590.55664
7.145995 9594.28955
101.503116 9598.02063
-40.041741 9601.7511
-54.907373 9605.48157
79.167664 9609.21143
27.014752 9612.94128
-40.006216 9616.66809
59.280547 9620.39612
-5.267296 9624.12415
-87.210066 9627.85095
26.99212 9631.57715
151.049248 9635.30151
46.809856 9639.02649
66.709759 9642.75146
46.882616 9646.47522
113.906288 9650.19714
-10.23077 9653.92029
81.526025 9657.6416
66.707089 9661.36292
51.807827 9665.08423
44.346032 9668.80371
74.141468 9672.52319
-0.300576 9676.24207
-25.134651 9679.96094
24.546761 9683.67737
34.496026 9687.39441
106.451248 9691.11084
-27.611646 9694.82666
-15.199794 9698.54248
203.158318 9702.25586
81.604526 9705.96985
29.466375 9709.68323
46.856874 9713.39661
36.942997 9717.10754
39.43012 9720.81909
84.059913 9724.53064
46.884604 9728.24097
113.853489 9731.94946
29.518746 9735.65918
76.640496 9739.36768
24.526809 9743.07556
31.973033 9746.78284
118.841679 9750.48828
66.701347 9754.19495
-20.164519 9757.90039
49.331619 9761.60522
56.815983 9765.30884
81.628626 9769.01245
-74.739323 9772.71606
46.860821 9776.41846
12.107239 9780.12024
-30.088639 9783.82019
148.571297 9787.52136
91.52861 9791.22131
7.1472 9794.92065
-7.742812 9798.61877
-79.715393 9802.31689
-7.74914 9806.0144
-2.783916 9809.71191
111.421128 9813.4082
51.858036 9817.10266
133.650486 9820.79773
29.501148 9824.4928
123.661005 9828.18604
-0.300739 9831.87866
108.835579 9835.57129
-57.390753 9839.26331
81.56685 9842.95471
36.928963 9846.64612
51.851564 9850.33569
108.904049 9854.02527
98.972004 9857.71362
-47.436094 9861.40259
93.965042 9865.08911
19.566328 9868.77625
61.772275 9872.46277
-2.782976 9876.14929
103.940109 9879.83459
24.534082 9883.51807
24.543613 9887.20215
116.376812 9890.88623
34.447814 9894.56909
31.988072 9898.25012
-22.632599 9901.93115
14.607071 9905.61279
-25.146412 9909.29321
-30.075983 9912.97302
59.295455 9916.651
36.932076 9920.3302
-54.907373 9924.00818
46.886593 9927.68494
-134.352833 9931.36047
-42.519266 9935.03723
39.416789 9938.71277
-25.134651 9942.3877
-47.45002 9946.0614
136.294645 9949.7345
-67.302511 9953.40759
27.001059 9957.08008
56.772846 9960.75195
84.063572 9964.422
-22.638307 9968.09265
91.520779 9971.7627
-69.835545 9975.43152
-15.199154 9979.10095
106.496346 9982.76733
-25.124022 9986.43494
76.653415 9990.10193
46.898555 9993.76831
-69.886284 9997.43286
108.968493 10001.09802
2.18248 10004.76257
103.9664 10008.42651
91.606093 10012.08923
-15.199794 10015.75134
24.532139 10019.41284
-49.95371 10023.07434
131.316284 10026.73523
-42.512062 10030.39429
64.210451 10034.05334
-35.069572 10037.71179
74.175817 10041.37024
51.838257 10045.02808
54.352238 10048.68408
17.096512 10052.34009
-0.300415 10055.99609
-10.23177 10059.65149
-12.71793 10063.30444
-0.30072 10066.95862
24.529927 10070.61218
71.734259 10074.26453
-0.300453 10077.91626
41.933831 10081.56677
-12.716446 10085.21729
-5.263078 10088.8678
136.265617 10092.51709
-32.586864 10096.16577
64.213142 10099.81384
19.563839 10103.4613
36.919651 10107.10754
4.662502 10110.75439
24.515441 10114.39941
39.435002 10118.04443
-2.782876 10121.68884
59.288064 10125.33325
61.790605 10128.97522
-40.01632 10132.6178
-20.163528 10136.26038
-30.086101 10139.90112
22.058658 10143.54187
9.627469 10147.1814
-5.26507 10150.82153
34.444779 10154.46045
-7.756721 10158.09937
24.51867 10161.73523
-92.243111 10165.3717
-12.713086 10169.00879
89.044822 10172.64404
141.136559 10176.27991
29.504902 10179.91333
27.035606 10183.54675
76.705549 10187.18018
158.549347 10190.81299
-7.751633 10194.44397
41.924764 10198.07495
24.530964 10201.70593
69.23113 10205.33691
19.566328 10208.96606
-42.533734 10212.5946
27.004475 10216.22253
118.962719 10219.85046
-82.195282 10223.47778
4.665058 10227.10327
-52.455147 10230.72876
12.110297 10234.35364
-40.006216 10237.97852
29.497395 10241.60278
-59.854087 10245.22461
-5.268635 10248.84766
9.625041 10252.46948
41.914228 10256.09131
-15.194016 10259.71069
39.413466 10263.3313
-17.672936 10266.94946
66.737914 10270.56885
-62.370861 10274.18823
-5.268188 10277.80396
56.818263 10281.4209
-35.069572 10285.03784
36.928963 10288.65479
34.459317 10292.26807
76.67286 10295.88135
76.634044 10299.49707
-2.785698 10303.10913
36.916553 10306.72241
-7.749794 10310.33325
-42.524685 10313.94531
94.040129 10317.55493
-87.243531 10321.16577
-35.060795 10324.77417
-35.074043 10328.38257
-27.622043 10331.99097
9.634395 10335.59937
54.359195 10339.20654
81.642441 10342.81128
-89.661023 10346.41724
-44.965594 10350.02197
-37.519056 10353.62671
106.491828 10357.229
-27.60698 10360.83252
-79.782818 10364.43481
-20.188476 10368.03711
14.592686 10371.6394
-64.822275 10375.23804
26.996519 10378.83789
46.910561 10382.43774
-49.964275 10386.03638
27.037781 10389.63257
-2.782507 10393.2312
46.856874 10396.82861
