0.0 1883.01102
0.0 1887.64923
-7.424667 1892.28699
37.053829 1896.92459
59.365004 1901.56158
6.977411 1906.19812
-21.317738 1910.83435
26.583958 1915.47043
51.412595 1920.1059
25.842882 1924.74091
19.381273 1929.37561
-21.808041 1934.01001
-50.559232 1938.6441
-46.840009 1943.27759
-9.154862 1947.91077
31.791966 1952.54349
-17.090872 1957.17575
-57.505695 1961.80786
-9.402291 1966.43951
-77.363593 1971.07071
-36.441945 1975.70145
76.2727 1980.33203
-37.448561 1984.96216
-40.926271 1989.59167
44.227688 1994.22089
61.350256 1998.84979
87.640343 2003.47855
100.800582 2008.10654
96.808144 2012.73422
23.086483 2017.3616
50.666283 2021.98853
25.579451 2026.61514
123.654022 2031.2413
11.439368 2035.867
48.184918 2040.4924
32.034878 2045.11734
-28.252042 2049.74197
55.867317 2054.36615
88.613724 2058.99002
72.782126 2063.61343
57.391838 2068.23654
17.639622 2072.85919
160.507937 2077.48123
6.725715 2082.10327
81.984152 2086.72485
30.05283 2091.34583
94.88016 2095.96649
-18.333622 2100.5867
76.240274 2105.20676
157.772123 2109.82635
63.346162 2114.44534
25.342131 2119.06403
112.273747 2123.6824
8.711749 2128.30048
34.032124 2132.91779
-43.124563 2137.53494
49.66752 2142.15179
105.561478 2146.76819
114.978653 2151.38412
50.909903 2155.9996
70.536588 2160.61493
76.984588 2165.22949
140.131667 2169.84406
40.974472 2174.45801
36.014277 2179.07166
60.828199 2183.68484
-0.965843 2188.29773
112.25038 2192.91031
62.094726 2197.52228
83.182831 2202.13379
61.595723 2206.745
10.943541 2211.35574
103.829188 2215.96634
124.640671 2220.57648
117.741836 2225.186
27.330595 2229.79553
52.155106 2234.4043
84.685642 2239.01276
0.026446 2243.62076
53.887114 2248.22845
62.590989 2252.83569
94.143904 2257.44278
67.037514 2262.0491
27.324842 2266.65512
78.965729 2271.26114
57.618034 2275.86639
42.707587 2280.47119
118.997487 2285.07568
112.765412 2289.67972
47.434594 2294.28345
54.137413 2298.88687
87.173755 2303.48984
82.97684 2308.09219
45.441839 2312.6944
46.952129 2317.29614
59.370029 2321.89758
90.681764 2326.49841
47.204229 2331.09894
88.184912 2335.69901
103.81173 2340.29892
94.124245 2344.89822
-28.008826 2349.49707
92.403303 2354.09561
70.800027 2358.69385
103.315333 2363.29163
29.789848 2367.88895
29.312083 2372.48581
44.453167 2377.08237
-10.395258 2381.67847
-65.202716 2386.27441
14.421026 2390.8696
65.053034 2395.46463
70.285837 2400.0592
58.603186 2404.65332
57.615735 2409.24698
15.161065 2413.84033
5.486402 2418.43338
61.820461 2423.02597
102.571474 2427.6181
98.362048 2432.20993
49.917646 2436.80115
12.185563 2441.39221
160.983644 2445.98282
-11.133713 2450.57297
71.011979 2455.16266
69.293394 2459.75189
75.247932 2464.34082
63.343212 2468.92944
56.892877 2473.51761
16.906833 2478.10516
24.344349 2482.69272
101.826796 2487.27951
123.231164 2491.866
10.69957 2496.45218
78.466566 2501.0379
36.746039 2505.62317
131.126439 2510.20813
83.937655 2514.79279
63.804798 2519.37668
60.101745 2523.96057
52.881426 2528.54385
121.690607 2533.12683
37.487156 2537.7092
-1.461625 2542.29126
58.342905 2546.87302
34.023397 2551.45432
34.773529 2556.035
36.750798 2560.61584
85.695945 2565.19592
33.025551 2569.7757
57.358038 2574.35455
32.54055 2578.93372
75.750508 2583.51196
73.017985 2588.0899
115.747157 2592.66754
99.846703 2597.24487
23.855072 2601.8219
83.944614 2606.39832
132.642851 2610.97443
97.105135 2615.54993
12.184539 2620.12512
63.828866 2624.69971
10.94676 2629.27429
76.746167 2633.84827
95.87688 2638.42194
-3.447492 2642.9953
78.221605 2647.56805
150.526215 2652.1405
104.095161 2656.71234
51.168724 2661.28387
102.571205 2665.8551
71.023823 2670.42572
143.357042 2674.99573
38.245516 2679.56604
71.538536 2684.13574
126.963669 2688.70483
133.572624 2693.27362
35.500182 2697.8418
-3.447638 2702.40936
-47.354037 2706.97693
76.48506 2711.54419
134.61 2716.11053
27.820008 2720.67688
107.045435 2725.24292
83.427292 2729.80835
96.856863 2734.37347
63.092315 2738.93799
59.843611 2743.5025
75.756646 2748.0661
-59.984318 2752.62939
82.959253 2757.19238
-23.054415 2761.75507
-56.290762 2766.31714
91.38361 2770.87891
113.78185 2775.44067
63.570084 2780.00122
91.627728 2784.56177
108.01044 2789.12201
72.73914 2793.68164
96.360857 2798.24097
29.055628 2802.79968
-11.139162 2807.3584
21.371777 2811.9162
64.349749 2816.474
37.512248 2821.03149
100.056404 2825.58838
70.9942 2830.14465
23.105663 2834.70062
42.702074 2839.25629
7.968301 2843.81134
113.762396 2848.36639
84.398239 2852.92053
54.870072 2857.47467
52.648972 2862.0282
67.30264 2866.58142
89.143243 2871.13434
68.038256 2875.68634
111.487217 2880.23804
56.377542 2884.78973
55.36628 2889.34113
83.689514 2893.8913
76.720265 2898.44208
10.446322 2902.99164
37.248598 2907.54089
43.708686 2912.08984
15.413085 2916.63879
0.770487 2921.18683
80.93655 2925.73456
68.785549 2930.28198
37.498164 2934.82849
59.344836 2939.37561
111.047364 2943.92151
13.426181 2948.46741
53.391079 2953.01239
38.751613 2957.55737
93.116083 2962.10175
75.442021 2966.64581
80.946915 2971.18958
69.027464 2975.73242
84.448346 2980.27557
52.885735 2984.81812
106.278816 2989.35974
1.019067 2993.90137
77.222962 2998.44238
82.404228 3002.9834
87.625732 3007.5235
9.45395 3012.0636
83.93779 3016.60278
56.625589 3021.14197
52.124163 3025.68054
59.811102 3030.21881
155.675099 3034.75677
74.481616 3039.29413
126.392605 3043.83118
82.665855 3048.36761
77.226084 3052.90375
135.106033 3057.43958
92.581043 3061.9751
100.052322 3066.5097
112.66579 3071.04431
86.123474 3075.578
162.341072 3080.11169
31.277565 3084.64508
19.876892 3089.17755
109.728004 3093.71063
75.699511 3098.24219
101.76244 3102.77374
29.284039 3107.30499
46.658888 3111.83563
111.43068 3116.36597
120.880424 3120.89569
154.885613 3125.42511
165.804146 3129.95422
110.953697 3134.48273
172.808319 3139.01093
149.376469 3143.53882
191.628738 3148.0658
102.732696 3152.59308
130.553325 3157.11975
137.948845 3161.64581
122.08385 3166.17126
126.059533 3170.69672
104.437353 3175.22156
100.703539 3179.74579
136.191364 3184.27002
99.444149 3188.79333
150.082324 3193.31665
135.93236 3197.83936
115.844095 3202.36176
152.32415 3206.88354
116.524483 3211.40503
173.639424 3215.92651
148.286286 3220.44647
146.546965 3224.96704
91.230896 3229.48639
166.896675 3234.00604
238.927765 3238.52509
133.675278 3243.04352
237.867752 3247.56165
115.024483 3252.07916
218.503593 3256.59668
223.407501 3261.11328
198.342571 3265.62988
239.095505 3270.14557
253.728073 3274.66156
155.376968 3279.17664
247.706017 3283.6911
201.47661 3288.20557
234.562374 3292.71942
252.901573 3297.23297
220.392368 3301.74561
254.80677 3306.25854
216.02561 3310.77026
208.632807 3315.28229
316.606682 3319.7937
275.532841 3324.3045
347.317108 3328.815
307.735886 3333.32489
353.569763 3337.83478
312.794365 3342.34406
341.356216 3346.85303
234.747429 3351.36078
396.715973 3355.86914
225.063187 3360.37659
359.610809 3364.88342
342.007205 3369.39026
324.70554 3373.89648
339.276951 3378.4024
342.338062 3382.90771
392.802093 3387.41272
369.89014 3391.91681
357.547825 3396.4212
248.29338 3400.92468
385.54845 3405.42816
357.939623 3409.93103
356.154259 3414.43329
355.950624 3418.93555
310.973499 3423.43689
454.240478 3427.93793
382.537569 3432.43866
366.034558 3436.93878
499.907074 3441.4389
416.600981 3445.93842
408.119118 3450.43732
511.124565 3454.93591
443.190186 3459.43359
388.793648 3463.93158
461.642216 3468.42896
461.628672 3472.92542
480.95511 3477.42218
485.416046 3481.91803
553.909226 3486.41357
566.961289 3490.90881
487.398573 3495.40314
507.572588 3499.89777
534.320541 3504.39148
552.903473 3508.88489
521.460489 3513.37799
529.160099 3517.87048
548.296657 3522.36267
574.941104 3526.85425
604.310002 3531.34552
558.454924 3535.83649
576.817237 3540.32684
607.367943 3544.81659
600.810256 3549.30634
646.92712 3553.79517
614.420565 3558.2843
644.161959 3562.77222
601.372646 3567.26013
672.489986 3571.74774
735.334595 3576.23444
754.87645 3580.72113
617.649055 3585.20721
632.999159 3589.69299
688.682641 3594.17786
728.193939 3598.66302
711.160444 3603.14697
754.811999 3607.63123
719.05732 3612.11456
730.436308 3616.5976
733.642531 3621.08032
785.1012 3625.56244
755.400637 3630.04456
796.073985 3634.52576
863.47834 3639.00696
834.034468 3643.48663
738.241066 3647.96722
860.10337 3652.4469
907.332894 3656.92596
865.492469 3661.40472
922.54319 3665.88287
983.655884 3670.36102
976.045955 3674.83826
977.080719 3679.31549
982.764793 3683.79181
889.498442 3688.26843
1033.789093 3692.74384
969.616076 3697.21924
1072.90982 3701.69403
1080.445664 3706.16821
1055.027339 3710.6427
1060.771061 3715.11566
1052.87146 3719.58923
1079.174747 3724.06158
1043.645426 3728.53424
1053.777916 3733.00568
1081.33008 3737.47711
1142.824101 3741.94794
1163.966797 3746.41846
1108.376408 3750.88898
1159.06919 3755.35828
1149.999667 3759.82758
1197.546035 3764.29596
1230.483204 3768.76465
1252.301315 3773.23242
1254.867463 3777.69989
1179.784508 3782.16675
1279.230378 3786.6333
1301.441101 3791.09985
1352.471954 3795.56519
1314.785865 3800.03052
1320.774601 3804.49524
1342.33446 3808.95996
1370.998268 3813.42377
1403.970286 3817.88727
1438.739536 3822.35046
1428.418566 3826.81274
1511.28215 3831.27533
1451.461141 3835.73669
1472.58481 3840.19836
1527.431186 3844.65912
1509.598538 3849.11957
1578.1413 3853.57971
1572.333407 3858.03925
1536.480599 3862.49847
1625.681339 3866.95679
1673.673641 3871.41541
1626.902377 3875.87311
1707.546135 3880.33051
1758.431869 3884.78729
1687.066139 3889.24408
1720.673129 3893.69995
1743.826996 3898.15552
1720.242458 3902.61078
1711.950768 3907.06543
1800.536827 3911.52008
1827.801026 3915.97351
1743.061186 3920.42725
1764.102187 3924.87976
1778.044589 3929.33289
1888.098209 3933.78479
1845.02939 3938.23639
1842.145907 3942.68768
1851.132271 3947.13837
1900.882357 3951.58905
2003.662002 3956.03851
1844.839454 3960.48798
1945.087923 3964.93683
1908.379219 3969.38568
2008.755158 3973.83392
2119.140228 3978.28156
2027.313053 3982.72888
2077.761446 3987.1756
2046.555103 3991.62201
2217.100189 3996.06781
2070.583241 4000.51361
2223.572647 4004.95819
2216.727187 4009.40308
2261.373184 4013.84705
2274.215584 4018.29102
2297.348216 4022.73438
2317.213868 4027.17682
2345.348389 4031.61926
2342.483913 4036.0611
2410.39798 4040.50293
2432.045243 4044.94385
2460.56102 4049.38446
2379.000837 4053.82477
2490.510467 4058.26447
2424.626213 4062.70386
2454.894636 4067.14233
2549.88477 4071.58081
2620.993301 4076.01868
2615.856544 4080.45624
2643.655574 4084.89319
2677.744049 4089.33014
2617.209017 4093.76617
2555.448223 4098.2019
2653.21578 4102.63702
2734.385847 4107.07184
2686.559497 4111.50635
2747.401526 4115.94025
2714.075367 4120.37384
2831.747608 4124.80682
2837.006697 4129.23981
2959.204605 4133.67126
2931.718266 4138.10333
3012.822788 4142.53479
2907.96613 4146.96533
3072.019211 4151.39587
3084.411835 4155.82581
3018.533308 4160.25543
3095.330475 4164.68414
3091.399723 4169.11285
3108.0513 4173.54065
3056.874821 4177.96875
3191.474884 4182.39594
3172.317275 4186.82281
3326.634995 4191.24908
3232.654936 4195.67505
3341.060551 4200.10071
3397.289475 4204.52545
3301.68296 4208.9502
3325.125099 4213.37372
3405.27347 4217.79785
3389.91819 4222.22107
3486.385178 4226.64368
3604.390762 4231.06628
3590.073967 4235.48798
3635.588806 4239.90967
3590.623916 4244.33044
3607.743465 4248.75092
3709.363609 4253.17078
3610.29191 4257.59064
3772.24553 4262.00989
3664.50703 4266.42853
3663.126436 4270.84686
3686.177803 4275.26459
3699.359093 4279.68201
3809.52444 4284.09912
3885.514021 4288.51563
3854.88192 4292.93121
3844.649097 4297.34711
3984.368923 4301.76239
3901.483996 4306.17706
3959.425949 4310.59113
3938.055126 4315.00488
4003.975228 4319.41833
4044.742052 4323.83087
4153.571914 4328.24341
4184.101322 4332.65533
4172.842806 4337.06726
4181.042611 4341.47827
4267.623198 4345.88867
4394.480289 4350.29877
4415.550057 4354.70825
4416.638947 4359.11804
4551.177948 4363.52661
4548.280991 4367.93518
4593.134117 4372.34283
4633.436264 4376.75049
4669.437973 4381.15723
4720.197738 4385.56396
4697.325056 4389.9704
4782.833496 4394.37561
4780.742859 4398.78113
4817.315486 4403.18573
4904.263008 4407.59033
5022.90609 4411.99341
4941.656374 4416.39709
5037.886051 4420.79956
5093.806465 4425.20264
5225.789398 4429.6051
5175.446968 4434.00604
5219.710727 4438.40759
5213.62903 4442.80762
5269.10554 4447.20825
5270.207985 4451.60767
5344.029709 4456.00739
5341.08316 4460.40558
5412.713272 4464.80438
5633.695327 4469.20258
5426.268547 4473.59955
5662.902897 4477.99713
5623.308846 4482.39319
5713.557129 4486.78955
5781.615509 4491.185
5790.633415 4495.58014
5910.396957 4499.97498
5843.514897 4504.36951
6006.191284 4508.76343
5989.566786 4513.15674
5926.720383 4517.54974
6154.809983 4521.94183
6180.116684 4526.33392
6047.528839 4530.7251
6156.6203 4535.11688
6290.287246 4539.50684
6263.066927 4543.8974
6339.775391 4548.28735
6394.298122 4552.67639
6358.98568 4557.06543
6483.15152 4561.45325
6469.654709 4565.84137
6503.393123 4570.22858
6600.938309 4574.61578
6541.573571 4579.00208
6584.769779 4583.38867
6685.433399 4587.77405
6562.167896 4592.15912
6836.269027 4596.54388
6777.331994 4600.92773
6867.626305 4605.31189
6903.783274 4609.69513
6903.9303 4614.07806
7162.720688 4618.46008
7075.261296 4622.84241
7174.727463 4627.22351
7249.181185 4631.60461
7371.659151 4635.98541
7603.52295 4640.3653
7635.215607 4644.74518
7724.277941 4649.12384
7865.00512 4653.50281
7953.949036 4657.88086
8023.474304 4662.25891
8181.957306 4666.63605
8343.005112 4671.01318
8384.37619 4675.39001
8701.33696 4679.76563
8716.518225 4684.14124
8793.483996 4688.51593
9009.707869 4692.89063
9152.66111 4697.2644
9313.445588 4701.63849
9707.686127 4706.01135
9791.939438 4710.38422
9744.753689 4714.75677
10073.422641 4719.12811
10316.191009 4723.50006
10419.201752 4727.87048
10614.954422 4732.24121
10770.790252 4736.61072
10987.091854 4740.98053
11353.059174 4745.34943
11473.961052 4749.71802
11716.815033 4754.0863
11870.870606 4758.45367
12117.617027 4762.82104
12192.764131 4767.1875
12619.635225 4771.55426
12744.759278 4775.91949
12916.436832 4780.28503
13337.342318 4784.64966
13526.309891 4789.01428
13699.29283 4793.3786
13957.887459 4797.7417
13965.038639 4802.1051
14323.264428 4806.46698
14652.510059 4810.82947
14818.390696 4815.19073
15125.152865 4819.552
15431.513993 4823.91266
15651.869978 4828.27301
15878.180147 4832.63306
16091.463707 4836.99188
16111.462294 4841.35101
16341.857246 4845.70923
16677.980763 4850.06744
16829.128696 4854.42413
17085.644911 4858.78174
17410.415798 4863.13782
17442.377043 4867.4939
17748.49984 4871.84998
17880.160227 4876.20453
18014.75975 4880.55939
18146.570369 4884.91333
18315.790201 4889.26727
18431.405777 4893.6203
18584.582411 4897.97302
18936.729163 4902.32513
18807.942025 4906.67755
19154.521147 4911.02905
19278.503731 4915.37964
19460.148285 4919.73022
19533.753569 4924.0799
19868.657441 4928.42957
19952.642746 4932.77832
20169.546768 4937.12738
20344.230259 4941.47491
20422.027638 4945.82275
20535.665498 4950.17029
20860.124764 4954.5166
20990.01281 4958.86292
21122.269378 4963.20831
21305.562485 4967.55402
21445.243263 4971.8985
21461.980849 4976.24298
21629.045151 4980.58655
21740.832016 4984.93042
21908.677006 4989.27368
22017.328446 4993.61572
22026.469188 4997.95807
22312.532389 5002.29919
22336.023278 5006.64063
22615.715224 5010.98083
22757.015465 5015.32104
22913.14885 5019.66064
22805.666497 5023.99994
23304.825962 5028.33893
23241.362553 5032.677
23451.765287 5037.01477
23433.634606 5041.35193
23600.941247 5045.68909
23658.975899 5050.02502
24007.103279 5054.36127
23979.998459 5058.69629
24251.779354 5063.03162
24376.036295 5067.36603
24685.034639 5071.69983
24705.746165 5076.03363
24803.20752 5080.36621
24732.25676 5084.6994
24943.565072 5089.03107
25136.177006 5093.36304
25226.122887 5097.69379
25589.107406 5102.02484
25517.511501 5106.35529
25845.617882 5110.68481
25966.900699 5115.01434
26095.566463 5119.34265
26317.738928 5123.67126
26211.774163 5127.99927
26066.430103 5132.32605
26295.27951 5136.65344
26545.746615 5140.97961
26806.297184 5145.30579
26977.80447 5149.63135
27053.066895 5153.95691
27337.308902 5158.28064
27296.108513 5162.60498
27321.781771 5166.92871
27498.168869 5171.25183
27518.236385 5175.57373
27833.890144 5179.89624
27907.96042 5184.21753
27902.519003 5188.53943
28094.19869 5192.86072
28227.773058 5197.18018
28383.1698 5201.50024
28402.218002 5205.81909
28505.960727 5210.13855
28809.100895 5214.45679
28724.249825 5218.77502
28778.771267 5223.09204
28954.488802 5227.40906
29006.632595 5231.72546
29272.743803 5236.04187
29242.881439 5240.35767
28961.414551 5244.67224
29207.214176 5248.98682
29369.568848 5253.30078
29478.021324 5257.61475
29535.088199 5261.92749
29429.320953 5266.24023
29568.816189 5270.55237
29676.70031 5274.86389
29775.749471 5279.17542
29612.968611 5283.48572
29882.007789 5287.79663
29996.370858 5292.10571
29762.437264 5296.41541
30022.01099 5300.72388
29922.773876 5305.03235
30215.420243 5309.34082
30103.935959 5313.64746
30363.625794 5317.95532
30470.088531 5322.26135
30342.300053 5326.56738
30586.260971 5330.8728
30821.951033 5335.17822
30872.462891 5339.48242
30860.397675 5343.78662
30708.614717 5348.09082
30559.96273 5352.39319
31013.342105 5356.69617
31082.070173 5360.99792
31116.558455 5365.29968
30935.490075 5369.60083
31166.195495 5373.90137
31122.425444 5378.2019
31396.798311 5382.50183
31371.905522 5386.80115
31586.784777 5391.09985
31634.654677 5395.39795
31695.43116 5399.69543
31764.973801 5403.99292
31874.784733 5408.28979
31782.013436 5412.58606
31858.340009 5416.88171
31810.656739 5421.17737
32007.620392 5425.47302
32338.306765 5429.76685
32276.811165 5434.06128
32421.240127 5438.35388
32635.430328 5442.64771
32560.650879 5446.9397
32667.280372 5451.2323
32823.032686 5455.52307
32787.484864 5459.81506
32996.683777 5464.10583
33069.528039 5468.39539
32972.913651 5472.68555
33147.880642 5476.97449
33112.731754 5481.26282
33128.078766 5485.55054
32928.660227 5489.83887
33438.16197 5494.12598
33439.505131 5498.41309
33419.171464 5502.69958
33606.998427 5506.98486
33588.648262 5511.27075
33632.868923 5515.55481
33522.47864 5519.83948
33792.254632 5524.12292
33632.076249 5528.40698
34075.47028 5532.6886
34196.03492 5536.97205
34403.567692 5541.25366
34364.548161 5545.53467
34567.610661 5549.81628
34814.813575 5554.09607
34995.746789 5558.37646
35223.352203 5562.65564
35317.70734 5566.93481
35519.48859 5571.21338
35705.533432 5575.49133
35955.136933 5579.76929
35867.879547 5584.04602
36097.179744 5588.32275
36096.576249 5592.59888
36443.653435 5596.87439
36399.701584 5601.14929
36879.689278 5605.42419
36950.692842 5609.69788
36828.965539 5613.97156
36962.825749 5618.24524
37108.892061 5622.5177
37239.513533 5626.79016
37190.643372 5631.0614
37095.202746 5635.33264
36916.304276 5639.60327
37042.728377 5643.87329
37175.821388 5648.14331
36935.745884 5652.41272
37073.163826 5656.68213
37050.35656 5660.94971
36693.888749 5665.2179
37040.336009 5669.48425
36903.942053 5673.75183
36818.285119 5678.01819
36875.363121 5682.28394
36485.5667 5686.54846
36504.809669 5690.81421
36402.154122 5695.07874
36102.521267 5699.34265
36357.995228 5703.60596
36137.656544 5707.86865
36301.114487 5712.13074
36214.841141 5716.39282
36158.141911 5720.6543
35871.279786 5724.91516
36096.034939 5729.17603
36138.440592 5733.43567
35904.681765 5737.69531
36244.001389 5741.95435
36083.078705 5746.21277
36025.203182 5750.47119
35930.534103 5754.72839
35977.468514 5758.9856
35881.559819 5763.24158
35757.843049 5767.49817
35717.289703 5771.75293
35646.339915 5776.0083
35658.706551 5780.26306
35660.805335 5784.51721
35690.125619 5788.77136
35819.476619 5793.02429
35863.405839 5797.27661
35784.079741 5801.52832
35997.59433 5805.78064
36012.890214 5810.03113
35924.834122 5814.28223
35797.221083 5818.53271
35812.656321 5822.78198
35770.062393 5827.03125
35624.632884 5831.2793
35571.15168 5835.52795
35411.298689 5839.77539
35798.039134 5844.02283
35826.390415 5848.26965
35867.994553 5852.51587
35969.458317 5856.76208
36088.691246 5861.00647
36184.639161 5865.25208
36282.654526 5869.49524
36072.530549 5873.73962
36341.512299 5877.98218
36165.485535 5882.22534
36181.70633 5886.46729
36202.781032 5890.70984
36302.305973 5894.95117
36316.76236 5899.19128
36218.036713 5903.43201
36115.004215 5907.67151
36118.831652 5911.91101
36113.126814 5916.1499
36079.046379 5920.38818
36067.366776 5924.62524
36369.046715 5928.86292
36255.831795 5933.10059
36144.376736 5937.33582
36096.583561 5941.57227
36262.508453 5945.8075
36268.039703 5950.04272
36251.525711 5954.27673
36224.368412 5958.51074
36381.816986 5962.74353
36249.036713 5966.97632
36136.822127 5971.20911
36300.968018 5975.44067
36456.093049 5979.67224
36331.886501 5983.9032
36220.292809 5988.13354
36295.281891 5992.36328
36274.235466 5996.59241
36275.743412 6000.82153
36387.214081 6005.05005
36305.725861 6009.27795
36439.548689 6013.50525
36304.082611 6017.73254
36315.637027 6021.95862
36230.870565 6026.18408
36321.313195 6030.40955
36261.661713 6034.6344
36606.985855 6038.85925
36519.670046 6043.0835
36522.139161 6047.30652
36580.277108 6051.52893
36709.278549 6055.75195
36571.637879 6059.97375
36451.583256 6064.19495
36516.936068 6068.41553
36500.795302 6072.63672
36441.534997 6076.85608
36586.063147 6081.07605
36941.350131 6085.2948
36730.177397 6089.51294
37100.861557 6093.73108
37087.414356 6097.948
37047.971955 6102.16553
37243.947127 6106.38123
37507.235022 6110.59753
37615.290359 6114.81262
37529.658692 6119.02832
37830.72447 6123.24219
37769.960785 6127.45605
37676.614838 6131.66931
38025.153366 6135.88196
37663.088412 6140.0946
37980.004982 6144.30664
38063.560074 6148.51807
38101.910213 6152.72827
38087.19368 6156.93909
38219.947747 6161.14929
38406.018723 6165.35889
38294.299317 6169.56787
38117.696748 6173.77563
38288.234669 6177.9834
38088.642403 6182.19055
38093.976183 6186.39832
37932.159628 6190.60364
37893.623368 6194.81018
37600.483551 6199.01611
37474.808182 6203.22083
37481.574944 6207.42493
37037.013334 6211.62842
37346.024994 6215.83191
36839.845036 6220.03418
36942.530721 6224.23706
36816.50618 6228.43872
36516.915287 6232.64038
36483.564057 6236.84143
36405.435868 6241.04126
36394.908724 6245.2417
35987.609446 6249.44031
35879.933651 6253.64014
35846.415138 6257.83752
35386.391272 6262.03552
35606.803863 6266.2323
35401.434685 6270.42969
35272.309241 6274.62585
35431.142061 6278.82141
35040.255684 6283.01697
34801.909342 6287.2113
35001.202746 6291.40625
34738.079216 6295.59998
34547.740448 6299.79309
34518.328308 6303.9856
34352.484157 6308.1781
34165.572243 6312.37
34277.415287 6316.56067
33794.578196 6320.75195
34092.786592 6324.94202
34135.817053 6329.13208
34095.714035 6333.32092
34181.890465 6337.50977
34253.509018 6341.69739
33629.746735 6345.88562
33964.003696 6350.07263
33416.19117 6354.25964
33554.318881 6358.44543
33505.009202 6362.63123
33680.59795 6366.81641
33710.378098 6371.00037
33441.126736 6375.18494
33378.174309 6379.36829
33236.139084 6383.55164
33416.754982 6387.73438
33081.403569 6391.9165
33344.643067 6396.09863
32864.82096 6400.27893
33137.509343 6404.45984
33223.900872 6408.63953
33483.438523 6412.81921
33202.741379 6416.99829
33234.662091 6421.17676
33201.129547 6425.35461
32870.550766 6429.53247
32787.378747 6433.70972
32668.94908 6437.88635
32754.253767 6442.06177
32565.480131 6446.23718
32777.71347 6450.4126
32726.001574 6454.58618
32699.736817 6458.76099
32611.066463 6462.93396
32580.136696 6467.10693
32587.066463 6471.27991
32683.463412 6475.45166
32519.234268 6479.62341
32492.911247 6483.79333
32547.115024 6487.96448
32374.861291 6492.13379
32608.298668 6496.3031
32403.363106 6500.4718
32708.935408 6504.63989
32319.096192 6508.80859
32348.162086 6512.97546
32087.467872 6517.14233
32122.070384 6521.30859
31873.370884 6525.47485
31951.964705 6529.63928
32124.009037 6533.80432
32113.467377 6537.96814
32281.581795 6542.13196
32130.748341 6546.29578
32131.830803 6550.45837
31967.241951 6554.62036
32260.10494 6558.78174
32158.709305 6562.94312
32076.722497 6567.10327
31935.98859 6571.26404
31853.312162 6575.42358
31985.480072 6579.58252
31840.561832 6583.74084
32141.832757 6587.89917
32008.021555 6592.05688
31737.054477 6596.21338
31672.296932 6600.37048
31673.778629 6604.52637
31526.245576 6608.68164
31370.436028 6612.83691
31464.146973 6616.99158
31329.09465 6621.14502
31300.947586 6625.29846
31506.413185 6629.45129
31064.855446 6633.60413
31098.998213 6637.75635
31239.534342 6641.90674
31426.848351 6646.05835
31331.456924 6650.20813
31310.212028 6654.35791
30797.466129 6658.50769
30742.372837 6662.65625
30849.936686 6666.8042
30933.42902 6670.95215
30924.035882 6675.09949
30664.594895 6679.24622
30845.852653 6683.39233
30862.06308 6687.53784
30478.208647 6691.68335
30614.001542 6695.82825
30488.736649 6699.97192
30398.269588 6704.1156
30322.826012 6708.25867
30191.621056 6712.40173
30166.400806 6716.54358
30374.046665 6720.68481
30138.782471 6724.82605
30172.3981 6728.96667
30020.960922 6733.10669
29853.960209 6737.24609
29781.241707 6741.38489
29657.605057 6745.52307
29555.329655 6749.66064
29407.173491 6753.79822
29333.3606 6757.93579
29421.050744 6762.07153
29341.292759 6766.20789
29334.447048 6770.34241
29213.170647 6774.47754
28894.371474 6778.61206
29098.622908 6782.74597
28904.144516 6786.87866
28768.249662 6791.01135
28789.154818 6795.14404
28590.63489 6799.27551
28698.635841 6803.40698
28645.005649 6807.53723
28518.85804 6811.66748
28450.571388 6815.79712
28505.86351 6819.92615
28481.833845 6824.05457
28415.011483 6828.18298
28243.225861 6832.31018
28079.995756 6836.43738
27871.517668 6840.56335
27805.952702 6844.68994
27817.180306 6848.81531
27854.862553 6852.93945
27673.888436 6857.06482
27594.889193 6861.18774
27635.598732 6865.31128
27454.77385 6869.43481
27449.596192 6873.55713
27374.133193 6877.67883
27375.168058 6881.79932
27282.031213 6885.92041
27129.636681 6890.04089
27261.260146 6894.16016
27232.411949 6898.27881
27223.607605 6902.39868
26971.306229 6906.51611
26974.812004 6910.63354
26942.269108 6914.75098
27200.40976 6918.86719
26822.872185 6922.9834
26958.567692 6927.099
26668.427805 6931.2146
26624.75927 6935.32837
26676.913955 6939.44214
26751.010406 6943.55652
26512.060124 6947.66846
26666.764161 6951.78101
26579.781387 6955.89294
26540.682716 6960.00366
26446.455215 6964.11438
26085.555068 6968.2251
26263.422364 6972.33459
26132.60494 6976.44409
26095.653569 6980.55298
26118.067429 6984.66064
25839.029374 6988.76831
25951.950363 6992.87537
25851.707245 6996.98181
25877.217118 7001.08826
25946.425744 7005.19348
25943.509948 7009.2981
25758.260384 7013.40271
25440.938639 7017.50732
25491.254997 7021.61011
25385.798405 7025.7135
25392.831284 7029.81567
25332.84576 7033.91724
25310.646574 7038.0188
25484.669769 7042.11914
25358.686268 7046.21948
25360.565739 7050.31921
25346.9132 7054.41895
25018.967872 7058.51746
25045.047184 7062.61536
24959.956814 7066.71265
25036.900375 7070.81055
25154.342105 7074.90662
25130.818184 7079.0033
24765.002333 7083.09814
24935.409996 7087.19299
24599.129547 7091.28784
24631.22295 7095.38147
24536.278629 7099.4751
24460.11631 7103.5675
24667.117402 7107.66052
24535.27908 7111.75171
24494.50201 7115.8429
24511.413845 7119.93347
24435.462028 7124.02405
24363.090365 7128.11401
24286.758941 7132.20276
24310.791198 7136.2915
24382.405549 7140.37964
24232.022064 7144.46777
24251.335994 7148.55408
24402.790535 7152.64099
24116.39502 7156.72668
23919.92692 7160.81177
23894.590424 7164.89746
23754.690592 7168.98132
23792.880738 7173.06519
23604.46859 7177.14844
23569.798952 7181.23108
23420.563119 7185.31372
23345.753092 7189.39514
23265.031739 7193.47595
23340.214348 7197.55676
22920.737944 7201.63696
22817.105777 7205.71716
22896.061686 7209.79614
22888.46428 7213.87451
22796.089626 7217.95227
22704.644194 7222.02942
22717.302338 7226.10718
22486.177338 7230.18311
22509.236118 7234.25903
22389.708748 7238.33374
22378.652756 7242.40906
22324.770821 7246.48376
22355.223732 7250.55725
22300.447754 7254.63013
22275.890816 7258.703
21943.264572 7262.77466
21921.913534 7266.84631
21895.958825 7270.91797
21748.245715 7274.98779
21854.28673 7279.05823
21875.708767 7283.12805
21905.996414 7287.19666
21851.6176 7291.26526
21908.201752 7295.33264
21796.772125 7299.40063
21959.55346 7303.4668
21804.504089 7307.53357
21732.490219 7311.59851
21688.929528 7315.66406
21992.342026 7319.729
21970.349392 7323.79272
21796.399968 7327.85645
21957.38489 7331.91895
22014.936836 7335.98206
21859.958176 7340.04333
21833.24152 7344.10522
22018.822029 7348.16528
21944.919899 7352.22656
22190.31234 7356.28662
22158.187571 7360.34546
22047.06443 7364.4043
22260.24237 7368.46252
22375.288845 7372.52014
22391.888871 7376.57715
22391.974918 7380.63354
22379.259343 7384.68933
22287.436676 7388.74512
22685.122894 7392.80029
22699.112614 7396.85486
22718.009018 7400.90881
22612.673791 7404.96216
22650.949513 7409.0155
22803.801804 7413.06702
22706.950749 7417.11914
22579.667733 7421.17004
22576.376574 7425.22095
22408.35025 7429.27124
22261.982026 7433.32031
22368.285227 7437.37
22292.782967 7441.41785
22189.725998 7445.46631
22160.543587 7449.51355
22118.442842 7453.56079
21984.130097 7457.6062
21617.35619 7461.65283
21603.463073 7465.69824
21554.592522 7469.74243
21247.139319 7473.78723
21249.061127 7477.8302
21052.933182 7481.87378
20975.029374 7485.91614
21025.446537 7489.9585
20931.308556 7493.99963
20727.145431 7498.04077
20622.055977 7502.0813
20471.349272 7506.12122
20488.926804 7510.16052
20425.338105 7514.19922
20198.166336 7518.23792
19955.924523 7522.27478
19989.501221 7526.31226
19617.532866 7530.34851
19824.61866 7534.38477
19716.592888 7538.42102
19550.281739 7542.45544
19283.730046 7546.48987
19273.01984 7550.52368
19300.109446 7554.5575
19190.516764 7558.59009
19164.653569 7562.62268
19132.655686 7566.65405
18850.687589 7570.68542
18732.369553 7574.7168
18692.458825 7578.74634
18592.296932 7582.77588
18519.702397 7586.8042
18405.317551 7590.83374
18447.493761 7594.86084
18427.382433 7598.88916
18225.784089 7602.91504
18138.45662 7606.94214
18116.851034 7610.96802
18168.239487 7614.99268
17906.421768 7619.01733
17947.352084 7623.04199
17946.681261 7627.06543
17869.978928 7631.08826
17761.378963 7635.11108
17676.342492 7639.13208
17493.604951 7643.15369
17637.818484 7647.17529
17502.851225 7651.19568
17523.706299 7655.21545
17497.428147 7659.23462
17396.533274 7663.25317
17218.531416 7667.27112
17321.362412 7671.28845
17096.424408 7675.30518
17055.933455 7679.32251
16903.938195 7683.33862
16836.187713 7687.35413
16936.898422 7691.36841
16759.912234 7695.38269
16851.177735 7699.39636
16947.815674 7703.41003
16525.590744 7707.42249
16533.617012 7711.43433
16499.311738 7715.44617
16429.515934 7719.4574
16370.330567 7723.46802
16290.979339 7727.47803
16147.633957 7731.48682
16055.093327 7735.49622
16019.589943 7739.50439
16172.865543 7743.51196
16115.421013 7747.51892
16185.215797 7751.52588
16182.614304 7755.53162
16039.9904 7759.53735
15873.003577 7763.54309
15801.085282 7767.54639
15723.853298 7771.5509
15589.780827 7775.5542
15638.501542 7779.5575
15380.036899 7783.55896
15258.53528 7787.56104
15240.599858 7791.56189
15284.318807 7795.56274
15297.038498 7799.56299
15034.143875 7803.56201
15084.041969 7807.56165
15035.204903 7811.56006
14943.830643 7815.55786
14872.378577 7819.55505
14893.819817 7823.55225
14970.670135 7827.54761
14729.234972 7831.54358
14781.961578 7835.53894
14795.357406 7839.53369
14772.1417 7843.52783
14640.458655 7847.52075
14626.256619 7851.51367
14601.005048 7855.50598
14590.222168 7859.49768
14568.131108 7863.48877
14371.877077 7867.47986
14213.772206 7871.47034
14426.744957 7875.45959
14364.035754 7879.44885
14544.648186 7883.4375
14507.308903 7887.42493
14323.487826 7891.41235
14210.076466 7895.39917
14210.153629 7899.38538
13985.133888 7903.37158
14100.93187 7907.35718
13978.43877 7911.34094
13901.876624 7915.32532
13935.496151 7919.30847
13705.256022 7923.29224
13683.121192 7927.27417
13708.507911 7931.2561
13692.3382 7935.23682
13686.156559 7939.21753
13719.654786 7943.19824
13496.941048 7947.17773
13398.249577 7951.15723
13259.043278 7955.1355
13431.192306 7959.11377
13421.485514 7963.09082
13499.851403 7967.06787
13485.371948 7971.0437
13434.828308 7975.01953
13327.358964 7978.99536
13232.892991 7982.96936
13403.664245 7986.94397
13195.41028 7990.91736
13102.451631 7994.89014
12945.015602 7998.8623
12878.755321 8002.83447
12992.216843 8006.80542
12857.093849 8010.77637
12808.824667 8014.7467
12854.039173 8018.71643
12832.004069 8022.68555
12896.98758 8026.65405
12724.033369 8030.62256
12755.737152 8034.58923
12645.304352 8038.55652
12543.90408 8042.52258
12543.9542 8046.48804
12439.537728 8050.4541
12542.556305 8054.41833
12466.009855 8058.38257
12506.369781 8062.34619
12359.426857 8066.30859
12502.96489 8070.271
12335.913845 8074.23279
12351.219239 8078.19458
12299.570153 8082.15515
12123.024794 8086.11572
12210.143967 8090.07507
12113.103614 8094.03381
12006.049467 8097.99194
12043.456153 8101.95068
12049.183197 8105.90759
12080.046545 8109.8645
12089.557399 8113.8208
12070.795443 8117.77649
11785.834885 8121.73157
11859.725131 8125.68665
11748.746615 8129.6405
11732.625309 8133.59375
11687.731034 8137.54639
11748.046946 8141.49841
11831.23838 8145.45105
11748.548653 8149.40186
11669.515938 8153.35266
11575.237282 8157.30347
11677.473297 8161.25244
11660.473617 8165.20203
11631.888796 8169.14978
11516.441715 8173.09753
11527.593003 8177.04468
11332.166475 8180.99182
11240.297334 8184.93774
11193.876139 8188.88367
11364.233002 8192.82898
11239.694407 8196.77307
11261.977919 8200.71716
11249.287947 8204.66003
11176.655914 8208.60291
11133.324059 8212.54517
11146.18515 8216.48743
11219.992683 8220.42786
11046.087479 8224.3689
11028.606108 8228.30872
11033.13451 8232.24792
11002.937104 8236.18774
10942.225207 8240.12512
10817.955947 8244.06311
10884.457102 8247.99988
10768.388314 8251.93665
10823.742635 8255.8728
10746.38124 8259.80835
10712.709055 8263.74329
10692.862429 8267.67761
10716.583626 8271.61194
10630.751732 8275.54443
10661.397103 8279.47754
10585.304159 8283.40942
10566.67316 8287.34131
10563.732026 8291.27136
10668.968597 8295.20264
10566.173431 8299.13208
10515.38205 8303.06152
10389.10599 8306.99097
10423.449112 8310.91797
10223.804718 8314.84619
10236.624054 8318.77319
10299.860661 8322.7002
10279.581576 8326.62537
10120.81581 8330.55054
10144.081576 8334.4751
10135.963728 8338.39966
10117.578182 8342.32361
10043.849392 8346.24634
10064.727502 8350.16907
10049.713303 8354.09058
9934.480782 8358.01208
9771.155372 8361.93298
9713.129504 8365.85327
9832.804672 8369.77295
9795.769714 8373.69202
9801.629504 8377.61047
9713.345036 8381.52832
9688.498356 8385.44617
9654.617709 8389.36218
9575.966896 8393.27942
9594.51999 8397.19421
9556.988091 8401.11023
9509.029079 8405.0238
9421.932716 8408.9386
9551.722496 8412.85217
9400.118904 8416.76453
9429.980072 8420.67749
9365.904745 8424.58862
9291.75193 8428.49976
9293.00032 8432.41028
9294.190705 8436.32019
9229.927355 8440.22949
9260.086518 8444.13879
9149.268217 8448.04749
9148.087752 8451.95496
9146.309159 8455.86182
9083.301882 8459.76807
9025.675905 8463.67432
8952.111576 8467.57996
9088.65683 8471.48499
8850.002572 8475.38879
8828.435091 8479.2926
8809.875939 8483.19641
8728.968412 8487.09839
8758.91861 8491.00098
8640.114423 8494.90234
8719.080697 8498.8031
8773.596572 8502.70325
8668.534974 8506.60339
8624.463139 8510.50171
8645.948471 8514.40125
8527.003044 8518.29895
8371.969851 8522.19604
8447.677279 8526.09314
8469.789963 8529.98901
8458.280839 8533.8855
8458.199978 8537.78015
8345.423299 8541.6748
8286.235314 8545.56885
8378.352203 8549.46228
8178.994217 8553.35571
8204.35979 8557.24731
8134.683068 8561.13953
8154.297434 8565.03052
8100.993803 8568.92151
8154.029678 8572.81067
8088.938542 8576.70105
8054.307888 8580.5896
8074.633121 8584.47754
8073.968233 8588.36609
8175.38824 8592.25281
8168.855682 8596.13892
8004.125654 8600.02502
7933.373317 8603.91052
7978.309357 8607.79541
7869.561654 8611.67969
7802.940407 8615.56335
7785.874332 8619.44702
7805.283532 8623.32947
7766.090853 8627.21069
7742.242466 8631.09253
7758.575016 8634.97314
7754.148926 8638.85376
7700.024196 8642.73315
7633.908584 8646.61255
7572.31504 8650.49072
7538.628624 8654.3689
7470.086754 8658.24707
7508.896244 8662.1228
7438.370188 8665.99915
7410.20714 8669.87488
7338.521444 8673.75061
7323.125448 8677.62451
7280.422255 8681.49841
7337.856628 8685.3717
7185.155886 8689.24438
7114.857975 8693.11707
7188.209853 8696.98853
7187.135532 8700.85938
7153.172487 8704.72961
7048.35009 8708.59985
7008.885146 8712.46887
6983.967863 8716.33789
6987.585075 8720.20569
6942.678194 8724.07349
6818.120247 8727.94067
6711.277374 8731.80725
6835.549156 8735.67322
6679.609499 8739.53796
6693.078291 8743.40332
6672.03718 8747.26624
6664.463531 8751.13037
6547.153874 8754.99329
6483.179358 8758.85559
6561.013946 8762.71729
6379.643967 8766.57898
6421.666166 8770.44006
6454.445872 8774.29932
6314.977572 8778.15918
6191.337326 8782.01782
6107.990891 8785.87585
6111.103178 8789.73389
6151.524895 8793.5907
6131.383088 8797.44751
6094.535769 8801.3031
6224.435273 8805.1593
6141.666519 8809.01367
6165.941684 8812.86804
6047.967436 8816.7218
6123.45517 8820.57434
6127.810791 8824.42749
6082.405266 8828.27942
5962.278918 8832.13013
5989.506134 8835.98145
5945.389619 8839.83154
5861.607975 8843.68042
5814.578434 8847.53052
5873.846443 8851.37817
5821.431732 8855.22644
5763.081237 8859.07349
5765.337723 8862.92053
5765.646088 8866.76636
5769.664649 8870.61157
5737.006307 8874.4574
5710.626595 8878.30078
5707.347443 8882.14539
5612.213868 8885.98816
5569.201769 8889.83093
5478.327247 8893.67249
5506.564278 8897.51465
5579.013599 8901.35498
5519.005428 8905.19531
5511.882144 8909.03503
5516.067207 8912.87415
5451.819096 8916.71326
5475.821876 8920.55054
5367.22802 8924.38843
5421.156402 8928.2251
5476.489258 8932.06116
5323.840919 8935.89661
5182.384998 8939.73206
5302.958647 8943.56628
5337.779083 8947.3999
5170.304753 8951.23352
5174.992112 8955.06592
5123.953744 8958.89832
5200.878112 8962.72949
5105.043282 8966.56067
5033.412582 8970.39063
5077.686508 8974.22058
4979.698829 8978.04993
4963.012516 8981.87866
4924.678572 8985.70618
4944.251023 8989.53369
4809.531904 8993.36121
4783.78328 8997.18689
4778.793806 9001.01257
4747.802893 9004.83704
4761.128998 9008.66211
4674.414225 9012.48596
4678.100048 9016.3092
4627.974569 9020.13184
4732.049729 9023.95386
4599.459885 9027.77588
4588.442834 9031.59668
4572.304958 9035.41687
4555.408236 9039.23645
4602.315743 9043.05603
4541.976912 9046.875
4632.52977 9050.69275
4516.233223 9054.5105
4490.818672 9058.32642
4355.445625 9062.14294
4523.580623 9065.95825
4495.289245 9069.77417
4489.403991 9073.58826
4569.469559 9077.40234
4568.263786 9081.21582
4529.096485 9085.02869
4514.065995 9088.84033
4567.866104 9092.65198
4573.618235 9096.46301
4590.162906 9100.27344
4666.985534 9104.08325
4681.854981 9107.89246
4581.70906 9111.70105
4664.237338 9115.50903
4766.706039 9119.31641
4776.247591 9123.12317
4780.699276 9126.92932
4811.667321 9130.73547
4811.2139 9134.53979
4913.634555 9138.34473
4882.549805 9142.14783
4875.45549 9145.95154
4891.607837 9149.75464
4873.619591 9153.55652
4980.730502 9157.3584
4973.047961 9161.15845
4860.217697 9164.95972
4951.440951 9168.75854
5022.325913 9172.55859
4952.553989 9176.3562
5032.953842 9180.15503
4952.606754 9183.95203
4880.506907 9187.74902
4824.244942 9191.5448
4779.438553 9195.34058
4876.238884 9199.13574
4845.101856 9202.92969
4789.012501 9206.72363
4703.43199 9210.51636
4794.851777 9214.30969
4640.89859 9218.10181
4623.493698 9221.89331
4523.212185 9225.6842
4535.711704 9229.47388
4462.622615 9233.26416
4491.1316 9237.05261
4449.957412 9240.84106
4397.755161 9244.62891
4277.897518 9248.41675
4166.574816 9252.20337
4075.800996 9255.98938
4011.424881 9259.77478
3996.371345 9263.55957
3810.816089 9267.34436
3770.25403 9271.12732
3771.876986 9274.91089
3637.949371 9278.69324
3674.421545 9282.47559
3632.759871 9286.25671
3543.613662 9290.03723
3433.337639 9293.81775
3416.735078 9297.59705
3372.909229 9301.37634
3256.153723 9305.15381
3286.843758 9308.9325
3157.176096 9312.70935
3181.153235 9316.4856
3200.96257 9320.26123
3088.030258 9324.03687
2965.022379 9327.8125
2933.733675 9331.5863
2891.687289 9335.36011
2867.917473 9339.13208
2740.727203 9342.90527
2630.654909 9346.67664
2674.192673 9350.448
2501.843168 9354.21814
2435.834603 9357.98889
2370.509037 9361.75842
2269.831119 9365.52673
2145.879216 9369.29504
2094.660312 9373.06274
1979.684721 9376.83044
1976.23848 9380.5957
1886.721939 9384.36218
1780.445641 9388.12744
1695.609344 9391.89148
1599.953894 9395.65613
1633.656708 9399.41956
1513.991886 9403.18237
1518.910583 9406.94458
1414.615461 9410.70557
1389.073421 9414.46655
1365.379967 9418.22693
1229.325272 9421.98669
1297.690704 9425.74646
1256.19908 9429.50562
1169.974346 9433.26294
1244.725899 9437.02026
1285.405624 9440.77698
1269.357651 9444.53369
1194.43296 9448.28918
1163.791428 9452.04468
1190.22731 9455.79834
1161.491532 9459.55261
1134.775026 9463.30627
1143.197709 9467.05811
1150.070894 9470.81055
1161.074133 9474.56177
1189.711131 9478.31238
1229.343964 9482.06238
1340.077011 9485.81238
1187.031964 9489.56116
1215.938735 9493.30933
1290.964416 9497.05811
1316.205047 9500.80505
1179.347461 9504.55139
1273.093082 9508.29773
1279.622501 9512.04346
1274.365089 9515.78735
1237.725793 9519.53186
1402.467407 9523.27515
1417.037727 9527.01843
1325.105065 9530.76172
1438.480957 9534.50195
1432.15564 9538.24341
1344.809578 9541.98486
1356.925783 9545.72449
1431.721073 9549.4635
1338.239831 9553.20251
1407.146183 9556.94092
1428.85611 9560.67871
1446.406342 9564.41589
1395.25557 9568.15125
1364.159836 9571.88721
1447.408706 9575.62256
1335.563343 9579.3573
1379.331994 9583.09021
1354.529752 9586.82373
1405.670159 9590.55664
1503.638596 9594.28955
1408.523888 9598.02063
1421.630031 9601.7511
1446.496895 9605.48157
1401.218514 9609.21143
1419.877892 9612.94128
1378.276038 9616.66809
1372.432387 9620.39612
1450.651767 9624.12415
1401.602309 9627.85095
1397.737886 9631.57715
1445.631012 9635.30151
1402.157398 9639.02649
1493.960694 9642.75146
1458.727181 9646.47522
1442.523853 9650.19714
1408.637375 9653.92029
1452.391146 9657.6416
1386.796602 9661.36292
1374.9407 9665.08423
1389.844631 9668.80371
1420.13675 9672.52319
1417.479542 9676.24207
1444.888291 9679.96094
1408.325752 9683.67737
1456.778381 9687.39441
1466.910759 9691.11084
1332.69929 9694.82666
1288.865101 9698.54248
1317.415103 9702.25586
1320.481672 9705.96985
1338.980881 9709.68323
1365.654938 9713.39661
1280.481979 9717.10754
1332.913681 9720.81909
1348.785026 9724.53064
1304.365871 9728.24097
1318.830208 9731.94946
1274.311222 9735.65918
1253.147257 9739.36768
1272.267746 9743.07556
1306.899261 9746.78284
1245.06387 9750.48828
1202.469404 9754.19495
1260.930741 9757.90039
1249.506379 9761.60522
1334.081589 9765.30884
1300.563225 9769.01245
1308.166916 9772.71606
1276.688607 9776.41846
1247.686775 9780.12024
1218.964426 9783.82019
1267.475914 9787.52136
1042.894669 9791.22131
1206.63348 9794.92065
1139.971566 9798.61877
1137.447157 9802.31689
1168.290211 9806.0144
1159.393563 9809.71191
1174.124942 9813.4082
1186.234017 9817.10266
1120.868532 9820.79773
1057.113024 9824.4928
1147.913421 9828.18604
1128.263721 9831.87866
1093.630062 9835.57129
1074.086092 9839.26331
1050.767371 9842.95471
948.615704 9846.64612
999.234318 9850.33569
1100.938873 9854.02527
985.492045 9857.71362
989.648789 9861.40259
925.050309 9865.08911
957.901526 9868.77625
964.6512 9872.46277
1021.459503 9876.14929
969.994108 9879.83459
982.349796 9883.51807
991.006504 9887.20215
943.099342 9890.88623
951.833994 9894.56909
985.531738 9898.25012
1050.578194 9901.93115
903.14008 9905.61279
1000.378403 9909.29321
900.304337 9912.97302
879.714071 9916.651
903.973964 9920.3302
878.20266 9924.00818
815.264598 9927.68494
884.168976 9931.36047
957.51513 9935.03723
963.371552 9938.71277
927.586421 9942.3877
883.194687 9946.0614
818.310268 9949.7345
852.750136 9953.40759
855.780506 9957.08008
844.440556 9960.75195
777.81529 9964.422
845.79758 9968.09265
681.880036 9971.7627
737.914596 9975.43152
788.504646 9979.10095
791.724064 9982.76733
706.271209 9986.43494
761.858872 9990.10193
727.161292 9993.76831
764.252662 9997.43286
767.436711 10001.09802
849.716682 10004.76257
782.433441 10008.42651
696.893664 10012.08923
779.734283 10015.75134
710.535671 10019.41284
660.506667 10023.07434
691.355201 10026.73523
710.486027 10030.39429
733.856071 10034.05334
678.119472 10037.71179
698.286118 10041.37024
729.810875 10045.02808
674.787018 10048.68408
574.614685 10052.34009
633.715043 10055.99609
636.398441 10059.65149
715.227203 10063.30444
650.446617 10066.95862
661.772674 10070.61218
615.576403 10074.26453
701.519837 10077.91626
668.818543 10081.56677
555.168619 10085.21729
582.614197 10088.8678
695.217132 10092.51709
595.898987 10096.16577
577.303263 10099.81384
547.137663 10103.4613
604.132309 10107.10754
561.540804 10110.75439
548.389847 10114.39941
461.096771 10118.04443
528.906212 10121.68884
559.437992 10125.33325
494.147934 10128.97522
514.056465 10132.6178
545.025391 10136.26038
562.191742 10139.90112
433.526627 10143.54187
449.184685 10147.1814
459.073643 10150.82153
525.002441 10154.46045
517.548576 10158.09937
495.559383 10161.73523
444.576192 10165.3717
500.773934 10169.00879
499.683548 10172.64404
454.858782 10176.27991
345.892135 10179.91333
471.06436 10183.54675
442.518251 10187.18018
502.578598 10190.81299
431.569071 10194.44397
462.284816 10198.07495
415.502437 10201.70593
447.526833 10205.33691
371.608694 10208.96606
476.2827 10212.5946
454.999023 10216.22253
386.237368 10219.85046
461.12442 10223.47778
352.860159 10227.10327
403.136528 10230.72876
442.33535 10234.35364
485.535629 10237.97852
336.684918 10241.60278
439.813919 10245.22461
363.12224 10248.84766
333.680178 10252.46948
358.259395 10256.09131
384.99173 10259.71069
378.050327 10263.3313
334.900977 10266.94946
296.840859 10270.56885
321.18159 10274.18823
356.880314 10277.80396
388.175339 10281.4209
248.030323 10285.03784
401.573364 10288.65479
313.069576 10292.26807
319.636142 10295.88135
281.941269 10299.49707
281.338219 10303.10913
285.491451 10306.72241
303.42237 10310.33325
334.886421 10313.94531
299.506077 10317.55493
244.958733 10321.16577
348.190567 10324.77417
333.541778 10328.38257
264.826159 10331.99097
369.110703 10335.59937
363.493576 10339.20654
240.292181 10342.81128
279.735065 10346.41724
242.577044 10350.02197
304.288258 10353.62671
244.307696 10357.229
251.951508 10360.83252
261.924378 10364.43481
275.273972 10368.03711
307.159179 10371.6394
300.223221 10375.23804
251.828568 10378.83789
181.0989 10382.43774
224.780851 10386.03638
231.696581 10389.63257
186.331013 10393.2312
276.422821 10396.82861
