0.0 1883.01102
0.0 1887.64923
-1321.921752 1892.28699
-1286.012206 1896.92459
-1243.369629 1901.56158
-1176.038941 1906.19812
-1672.040283 1910.83435
-1449.849731 1915.47043
-1557.578491 1920.1059
-1633.88623 1924.74091
-1384.763551 1929.37561
-1615.931519 1934.01001
-1804.456788 1938.6441
-1748.348144 1943.27759
-1505.958253 1947.91077
-1609.198364 1952.54349
-1638.375121 1957.17575
-1595.7323 1961.80786
-1629.397583 1966.43951
-1526.157348 1971.07071
-1806.701294 1975.70145
-1624.908813 1980.33203
-1548.601075 1984.96216
-1633.88623 1989.59167
-1584.510621 1994.22089
-1557.578369 1998.84979
-1595.732301 2003.47855
-1618.175782 2008.10654
-1600.220947 2012.73422
-1847.099488 2017.3616
-1519.424317 2021.98853
-1766.302856 2026.61514
-1454.338258 2031.2413
-1775.280152 2035.867
-1633.886231 2040.4924
-1505.958374 2045.11734
-1584.510498 2049.74197
-1591.243652 2054.36615
-1582.266235 2058.99002
-1310.69995 2063.61343
-1517.179931 2068.23654
-1665.307251 2072.85919
-1452.093871 2077.48123
-1672.040161 2082.10327
-1344.365234 2086.72485
-1689.994995 2091.34583
-1512.691285 2095.96649
-1454.33838 2100.5867
-1514.935669 2105.20676
-1550.845458 2109.82635
-1557.578369 2114.44534
-1847.099365 2119.06403
-1811.189819 2123.6824
-1559.822754 2128.30048
-1696.728027 2132.91779
-1505.958374 2137.53494
-1559.822876 2142.15179
-1553.089722 2146.76819
-1277.034547 2151.38412
-1604.709717 2155.9996
-1588.999389 2160.61493
-1447.605346 2165.22949
-1557.578491 2169.84406
-1597.976562 2174.45801
-1669.795898 2179.07166
-1613.687012 2183.68484
-1629.397584 2188.29773
-1701.216797 2192.91031
-1660.818482 2197.52228
-1604.709717 2202.13379
-1438.627931 2206.745
-1595.732299 2211.35574
-1672.040161 2215.96634
-1660.818481 2220.57648
-1418.428711 2225.186
-1600.220948 2229.79553
-1660.818603 2234.4043
-1750.592407 2239.01276
-1409.451294 2243.62076
-1434.139038 2248.22845
-1514.935669 2252.83569
-1649.596801 2257.44278
-1651.840941 2262.0491
-1539.623657 2266.65512
-1663.062867 2271.26114
-1582.266357 2275.86639
-1689.994995 2280.47119
-1674.284424 2285.07568
-1636.130493 2289.67972
-1481.270507 2294.28345
-1622.66443 2298.88687
-1535.134887 2303.48984
-1586.754884 2308.09219
-1600.221069 2312.6944
-1400.473999 2317.29614
-1660.81836 2321.89758
-1463.315795 2326.49841
-1380.274781 2331.09894
-1577.777587 2335.69901
-1707.949706 2340.29892
-1692.239379 2344.89822
-1461.07141 2349.49707
-1878.520264 2354.09561
-1685.506225 2358.69385
-1541.867798 2363.29163
-1550.845459 2367.88895
-1512.691285 2372.48581
-1521.668823 2377.08237
-1541.86792 2381.67847
-1566.555664 2386.27441
-1510.4469 2390.8696
-1663.062744 2395.46463
-1483.514892 2400.0592
-1517.180054 2404.65332
-1438.627808 2409.24698
-1434.139037 2413.84033
-1400.474 2418.43338
-1566.555909 2423.02597
-1806.701171 2427.6181
-1544.112183 2432.20993
-1593.488038 2436.80115
-1436.383545 2441.39221
-1519.424561 2445.98282
-1458.827025 2450.57297
-1689.994994 2455.16266
-1427.406249 2459.75189
-1613.687256 2464.34082
-1353.342651 2468.92944
-1443.116578 2473.51761
-1768.547242 2478.10516
-1380.274903 2482.69272
-1698.972289 2487.27951
-1389.25232 2491.866
-1391.496461 2496.45218
-1431.894774 2501.0379
-1400.473999 2505.62317
-1169.305909 2510.20813
-1032.400634 2514.79279
-235.656738 2519.37668
1445.36084 2523.96057
5794.910157 2528.54385
14370.567384 2533.12683
30662.300537 2537.7092
34053.51001 2542.29126
23148.218994 2546.87302
4639.070069 2551.45432
-116.706055 2556.035
-1034.64502 2560.61584
-1048.111083 2565.19592
-1050.355346 2569.7757
-1294.989501 2574.35455
-1481.270385 2578.93372
-1463.315674 2583.51196
-1265.812867 2588.0899
-1463.315674 2592.66754
-1613.687133 2597.24487
-1532.890502 2601.8219
-1366.808716 2606.39832
-1333.143433 2610.97443
-1526.157472 2615.54993
-1429.650391 2620.12512
-1535.134888 2624.69971
-1568.800171 2629.27429
-1645.108033 2633.84827
-1580.02185 2638.42194
-1443.116455 2642.9953
-1512.691528 2647.56805
-1510.447143 2652.1405
-1645.108155 2656.71234
-1562.067017 2661.28387
-1694.483642 2665.8551
-1602.465333 2670.42572
-1705.705443 2674.99573
-1645.108033 2679.56604
-1788.746215 2684.13574
-1620.420166 2688.70483
-1389.252198 2693.27362
-1790.990845 2697.8418
-1725.904542 2702.40936
-1553.089721 2706.97693
-1299.478149 2711.54419
-1319.677369 2716.11053
-1618.175903 2720.67688
-1573.288818 2725.24292
-1535.134887 2729.80835
-1645.107909 2734.37347
-1447.605347 2738.93799
-1550.845338 2743.5025
-1514.935668 2748.0661
-1721.415771 2752.62939
-1532.890624 2757.19238
-1530.646239 2761.75507
-1577.777588 2766.31714
-1559.822876 2770.87891
-1584.51062 2775.44067
-1440.872315 2780.00122
-1553.089721 2784.56177
-1654.085326 2789.12201
-1472.292969 2793.68164
-1458.827027 2798.24097
-1539.623535 2802.79968
-1546.356567 2807.3584
-1492.49231 2811.9162
-1631.641969 2816.474
-1409.451293 2821.03149
-1532.890502 2825.58838
-1465.559937 2830.14465
-1458.826904 2834.70062
-1539.623658 2839.25629
-1627.15332 2843.81134
-1606.953979 2848.36639
-1712.438476 2852.92053
-1586.755004 2857.47467
-1425.161621 2862.0282
-1694.48352 2866.58142
-1582.266357 2871.13434
-1665.307007 2875.68634
-1739.370728 2880.23804
-1470.048707 2884.78973
-1416.184327 2889.34113
-1470.048828 2893.8913
-1461.07129 2898.44208
-1398.229614 2902.99164
-1357.831298 2907.54089
-1624.908935 2912.08984
-1593.488037 2916.63879
-1465.56018 2921.18683
-1629.397583 2925.73456
-1539.623414 2930.28198
-1485.759155 2934.82849
-1544.112305 2939.37561
-1909.941161 2943.92151
-1669.795898 2948.46741
-1465.560059 2953.01239
-1346.609618 2957.55737
-1218.68164 2962.10175
-1061.577149 2966.64581
-877.540527 2971.18958
-956.092773 2975.73242
-1391.496459 2980.27557
-1584.510497 2984.81812
-1492.492309 2989.35974
-1728.148925 2993.90137
-1580.021729 2998.44238
-1694.483765 3002.9834
-1389.252198 3007.5235
-1512.691285 3012.0636
-1429.650391 3016.60278
-1342.12085 3021.14197
-1328.654663 3025.68054
-1425.161865 3030.21881
-1672.040284 3034.75677
-1420.673095 3039.29413
-1804.456909 3043.83118
-1633.88623 3048.36761
-1768.547118 3052.90375
-1429.650512 3057.43958
-1539.623534 3061.9751
-1537.379151 3066.5097
-1651.841186 3071.04431
-1584.510621 3075.578
-1739.370605 3080.11169
-1725.90442 3084.64508
-1393.740724 3089.17755
-1597.976685 3093.71063
-1476.78186 3098.24219
-1438.627808 3102.77374
-1499.225219 3107.30499
-1555.333861 3111.83563
-1387.007813 3116.36597
-913.450195 3120.89569
-879.784912 3125.42511
558.842774 3129.95422
448.869874 3134.48273
-184.03662 3139.01093
-969.559082 3143.53882
-1416.184449 3148.0658
-1544.112304 3152.59308
-1472.292968 3157.11975
-1678.773193 3161.64581
-1759.569823 3166.17126
-1447.605224 3170.69672
-1636.130616 3175.22156
-1512.691528 3179.74579
-1660.818482 3184.27002
-1764.058349 3188.79333
-1454.338379 3193.31665
-1400.473878 3197.83936
-1418.428833 3202.36176
-1748.348145 3206.88354
-1440.872192 3211.40503
-1663.062623 3215.92651
-1654.085449 3220.44647
-1676.528932 3224.96704
-1553.0896 3229.48639
-1678.773192 3234.00604
-1638.375001 3238.52509
-1521.668824 3243.04352
-1584.510498 3247.56165
-1568.800049 3252.07916
-1584.51062 3256.59668
-1476.781739 3261.11328
-1559.822754 3265.62988
-1606.954223 3270.14557
-1627.153199 3274.66156
-1357.831177 3279.17664
-1651.840941 3283.6911
-1557.578491 3288.20557
-1373.541626 3292.71942
-1654.085449 3297.23297
-1597.976562 3301.74561
-1723.660155 3306.25854
-1539.623656 3310.77026
-1559.822754 3315.28229
-1499.225219 3319.7937
-1571.044556 3324.3045
-1535.134766 3328.815
-1530.64624 3333.32489
-1553.089599 3337.83478
-1436.383424 3342.34406
-1449.849609 3346.85303
-1389.252197 3351.36078
-1550.845215 3355.86914
-1600.221068 3360.37659
-1476.781739 3364.88342
-1391.49646 3369.39026
-1568.800048 3373.89648
-1537.379151 3378.4024
-1517.180053 3382.90771
-1719.171632 3387.41272
-1773.035888 3391.91681
-1683.261841 3396.4212
-1618.175903 3400.92468
-1384.76355 3405.42816
-1622.66455 3409.93103
-1443.116578 3414.43329
-1526.157594 3418.93555
-1490.247924 3423.43689
-1499.22522 3427.93793
-1481.270386 3432.43866
-1465.560058 3436.93878
-1698.972534 3441.4389
-1768.547119 3445.93842
-1571.044557 3450.43732
-1663.062623 3454.93591
-1618.17566 3459.43359
-1535.134766 3463.93158
-1627.153319 3468.42896
-1485.759154 3472.92542
-1454.338379 3477.42218
-1615.931397 3481.91803
-1532.890625 3486.41357
-1476.78186 3490.90881
-1636.130615 3495.40314
-1530.646241 3499.89777
-1387.007813 3504.39148
-1378.030395 3508.88489
-1629.397706 3513.37799
-1541.867798 3517.87048
-1496.980957 3522.36267
-1494.73645 3526.85425
-1620.420044 3531.34552
-1703.46106 3535.83649
-1434.13916 3540.32684
-1779.769043 3544.81659
-1645.10791 3549.30634
-1413.940063 3553.79517
-1588.999146 3558.2843
-1528.401734 3562.77222
-1346.609497 3567.26013
-1636.130494 3571.74774
-1447.605225 3576.23444
-1465.560181 3580.72113
-1483.514892 3585.20721
-1636.130494 3589.69299
-1456.582764 3594.17786
-1737.126465 3598.66302
-1530.64624 3603.14697
-1557.57837 3607.63123
-1584.510619 3612.11456
-1532.890624 3616.5976
-1613.687135 3621.08032
-1600.221069 3625.56244
-1429.650514 3630.04456
-1564.31128 3634.52576
-1095.242553 3639.00696
-639.639404 3643.48663
751.856933 3647.96722
1640.619628 3652.4469
1728.148926 3656.92596
637.395265 3661.40472
-314.208739 3665.88287
-738.390868 3670.36102
-1151.351318 3674.83826
-1479.026122 3679.31549
-1510.447022 3683.79181
-1413.939942 3688.26843
-1434.139161 3692.74384
-1593.487914 3697.21924
-1788.74646 3701.69403
-1694.483764 3706.16821
-1591.243531 3710.6427
-1427.406005 3715.11566
-1537.379151 3719.58923
-1775.280152 3724.06158
-1575.533082 3728.53424
-1458.826905 3733.00568
-1633.88623 3737.47711
-1528.401733 3741.94794
-1492.49231 3746.41846
-1461.071288 3750.88898
-1629.397583 3755.35828
-1499.225341 3759.82758
-1553.089722 3764.29596
-1461.071412 3768.76465
-1413.940063 3773.23242
-1517.180054 3777.69989
-1523.913209 3782.16675
-1458.827025 3786.6333
-1595.732299 3791.09985
-1847.099487 3795.56519
-1505.958374 3800.03052
-1467.804321 3804.49524
-1420.672973 3808.95996
-1604.709594 3813.42377
-1447.605224 3817.88727
-1485.759155 3822.35046
-1517.180053 3826.81274
-1447.605225 3831.27533
-1537.379151 3835.73669
-1672.040161 3840.19836
-1317.432983 3844.65912
-1526.157593 3849.11957
-1454.338136 3853.57971
-1474.537476 3858.03925
-1553.0896 3862.49847
-1467.804444 3866.95679
-1474.537598 3871.41541
-1665.307128 3875.87311
-1618.175782 3880.33051
-1375.786134 3884.78729
-1418.42871 3889.24408
-1434.13916 3893.69995
-1418.428832 3898.15552
-1452.093994 3902.61078
-1701.216675 3907.06543
-1638.375 3911.52008
-1564.311279 3915.97351
-1494.73645 3920.42725
-1479.026246 3924.87976
-1488.003661 3929.33289
-1297.233887 3933.78479
-1687.750611 3938.23639
-1321.921752 3942.68768
-1564.311279 3947.13837
-1373.541748 3951.58905
-1404.962646 3956.03851
-1550.845337 3960.48798
-1427.406006 3964.93683
-1479.026246 3969.38568
-1685.506225 3973.83392
-1485.759156 3978.28156
-1425.161744 3982.72888
-1371.297363 3987.1756
-1591.243652 3991.62201
-1407.207031 3996.06781
-1436.383545 4000.51361
-1465.560058 4004.95819
-1485.759277 4009.40308
-1694.483643 4013.84705
-1559.822754 4018.29102
-1582.266234 4022.73438
-1250.102417 4027.17682
-1265.812867 4031.61926
-1270.301514 4036.0611
-641.883788 4040.50293
751.856933 4044.94385
1523.913085 4049.38446
1247.858399 4053.82477
-228.923829 4058.26447
-718.191651 4062.70386
-1335.38794 4067.14233
-1369.0531 4071.58081
-1241.125245 4076.01868
-1375.786133 4080.45624
-1252.346923 4084.89319
-1728.148926 4089.33014
-1346.609496 4093.76617
-1526.157348 4098.2019
-1604.709717 4102.63702
-1461.071411 4107.07184
-1546.356567 4111.50635
-1557.578492 4115.94025
-1256.835693 4120.37384
-1342.12085 4124.80682
-1470.048706 4129.23981
-1470.048828 4133.67126
-1456.582641 4138.10333
-1452.093873 4142.53479
-1557.578491 4146.96533
-1375.78601 4151.39587
-1790.990722 4155.82581
-1618.175781 4160.25543
-1573.288819 4164.68414
-1517.180175 4169.11285
-1775.280274 4173.54065
-1458.827027 4177.96875
-1418.428712 4182.39594
-1618.175904 4186.82281
-1514.93567 4191.24908
-1669.795898 4195.67505
-1333.143432 4200.10071
-1638.374878 4204.52545
-1346.609376 4208.9502
-1422.917481 4213.37372
-1732.637574 4217.79785
-1517.179931 4222.22107
-1588.999389 4226.64368
-1425.161865 4231.06628
-1519.424316 4235.48798
-1521.6687 4239.90967
-1418.428833 4244.33044
-1514.935668 4248.75092
-1479.026122 4253.17078
-1559.822631 4257.59064
-1400.473877 4262.00989
-1479.026244 4266.42853
-1541.867919 4270.84686
-1559.822754 4275.26459
-1505.958375 4279.68201
-1387.007813 4284.09912
-1660.818358 4288.51563
-1492.49231 4292.93121
-1483.514892 4297.34711
-1391.496582 4301.76239
-1535.134888 4306.17706
-1485.759278 4310.59113
-1357.831299 4315.00488
-1337.632079 4319.41833
-1499.22522 4323.83087
-1434.139037 4328.24341
-1508.202636 4332.65533
-1418.428834 4337.06726
-1537.379394 4341.47827
-1115.44165 4345.88867
-659.838868 4350.29877
2336.367431 4354.70825
4769.241944 4359.11804
5379.704834 4363.52661
3339.591797 4367.93518
1200.726563 4372.34283
31.420898 4376.75049
-722.680419 4381.15723
-1214.192992 4385.56396
-1580.021728 4389.9704
-1427.406128 4394.37561
-1472.29309 4398.78113
-1483.514892 4403.18573
-1847.099365 4407.59033
-1562.067017 4411.99341
-1409.451294 4416.39709
-1479.026124 4420.79956
-1485.759155 4425.20264
-1698.972411 4429.6051
-1582.266235 4434.00604
-1490.247925 4438.40759
-1463.315675 4442.80762
-1476.781738 4447.20825
-1582.266114 4451.60767
-1481.270508 4456.00739
-1333.143432 4460.40558
-1656.329712 4464.80438
-1557.57837 4469.20258
-1512.691283 4473.59955
-1398.229736 4477.99713
-1373.541626 4482.39319
-1452.093994 4486.78955
-1627.153199 4491.185
-1364.564331 4495.58014
-1348.854003 4499.97498
-1413.939942 4504.36951
-1508.202636 4508.76343
-1613.687134 4513.15674
-1640.619385 4517.54974
-1696.728028 4521.94183
-1490.247803 4526.33392
-1535.134765 4530.7251
-1407.207031 4535.11688
-1523.913086 4539.50684
-1703.460938 4543.8974
-1618.17578 4548.28735
-1521.668945 4552.67639
-1721.415772 4557.06543
-1739.370728 4561.45325
-1878.520265 4565.84137
-1546.35669 4570.22858
-1665.307251 4574.61578
-1539.623658 4579.00208
-1548.600953 4583.38867
-1456.582642 4587.77405
-1490.247802 4592.15912
-1678.773194 4596.54388
-1494.736572 4600.92773
-1440.872193 4605.31189
-1521.668824 4609.69513
-1496.980834 4614.07806
-1613.687256 4618.46008
-1373.541748 4622.84241
-1488.00354 4627.22351
-1530.646241 4631.60461
-1517.180054 4635.98541
-1631.641846 4640.3653
-1485.759278 4644.74518
-1324.166016 4649.12384
-1398.229736 4653.50281
-1663.062745 4657.88086
-1564.31128 4662.25891
-1633.886231 4666.63605
-1483.514893 4671.01318
-1411.695801 4675.39001
-1496.980956 4679.76563
-1523.913208 4684.14124
-1681.0177 4688.51593
-1604.709716 4692.89063
-1566.555787 4697.2644
-1360.075684 4701.63849
-1631.641968 4706.01135
-1404.962524 4710.38422
-1606.954223 4714.75677
-1384.76355 4719.12811
-1470.048705 4723.50006
-1505.958251 4727.87048
-1597.976685 4732.24121
-1449.849731 4736.61072
-1519.424438 4740.98053
-1523.913085 4745.34943
-1420.672974 4749.71802
-1409.451417 4754.0863
-1571.044556 4758.45367
-1517.180053 4762.82104
-1476.78186 4767.1875
-1831.389037 4771.55426
-1501.469727 4775.91949
-1602.465455 4780.28503
-1431.894776 4784.64966
-1434.139283 4789.01428
-1461.071412 4793.3786
-1597.976807 4797.7417
-1620.420165 4802.1051
-1472.29297 4806.46698
-1364.564331 4810.82947
-1642.863648 4815.19073
-1360.075561 4819.552
-1539.623536 4823.91266
-1519.424317 4828.27301
-1443.116576 4832.63306
-1714.682738 4836.99188
-1723.660279 4841.35101
-1591.243531 4845.70923
-1483.514892 4850.06744
-1532.890502 4854.42413
-1808.945434 4858.78174
-1494.736695 4863.13782
-1568.80017 4867.4939
-1535.135009 4871.84998
-1389.252197 4876.20453
-1452.093993 4880.55939
-1425.161866 4884.91333
-1537.379151 4889.26727
-1627.15332 4893.6203
-1465.560059 4897.97302
-1575.533204 4902.32513
-1645.107909 4906.67755
-1764.058472 4911.02905
-1532.890503 4915.37964
-1663.062745 4919.73022
-1660.818358 4924.0799
-1707.949829 4928.42957
-1496.980836 4932.77832
-1382.519165 4937.12738
-1528.401856 4941.47491
-1481.270385 4945.82275
-1714.68274 4950.17029
-1456.582764 4954.5166
-1562.067017 4958.86292
-1499.22522 4963.20831
-1665.307251 4967.55402
-1580.02185 4971.8985
-1701.216675 4976.24298
-1434.139282 4980.58655
-1319.67749 4984.93042
-1402.718262 4989.27368
-1707.949828 4993.61572
-1611.442871 4997.95807
-1481.270385 5002.29919
-1638.374877 5006.64063
-1532.890625 5010.98083
-1286.012085 5015.32104
-1470.048706 5019.66064
-1568.800049 5023.99994
-1496.980956 5028.33893
-1553.089721 5032.677
-1640.619264 5037.01477
-1647.352295 5041.35193
-1510.447144 5045.68909
-1357.831298 5050.02502
-1562.067017 5054.36127
-1566.555909 5058.69629
-1597.976563 5063.03162
-1539.623412 5067.36603
-1351.098145 5071.69983
-1411.6958 5076.03363
-1584.510499 5080.36621
-1595.732421 5084.6994
-1541.86792 5089.03107
-1526.15747 5093.36304
-1517.180176 5097.69379
-1689.995118 5102.02484
-1458.827148 5106.35529
-1517.180177 5110.68481
-1573.288819 5115.01434
-1425.161744 5119.34265
-1467.804322 5123.67126
-1393.740846 5127.99927
-1647.352295 5132.32605
-1436.383545 5136.65344
-1564.311402 5140.97961
-1355.586913 5145.30579
-1445.360963 5149.63135
-1539.623536 5153.95691
-1568.800171 5158.28064
-1458.827149 5162.60498
-1472.293091 5166.92871
-1539.623656 5171.25183
-1562.067138 5175.57373
-1782.013306 5179.89624
-1606.954102 5184.21753
-1483.514893 5188.53943
-1510.447021 5192.86072
-1501.469604 5197.18018
-1416.184325 5201.50024
-1537.379273 5205.81909
-1434.139159 5210.13855
-1505.958253 5214.45679
-1526.15747 5218.77502
-1559.822754 5223.09204
-1606.954102 5227.40906
-1416.184326 5231.72546
-1422.917358 5236.04187
-1568.80005 5240.35767
-1362.319823 5244.67224
-1503.713868 5248.98682
-1461.071411 5253.30078
-1535.134888 5257.61475
-1474.537353 5261.92749
-1411.695678 5266.24023
-1544.112427 5270.55237
-1537.37915 5274.86389
-1566.555787 5279.17542
-1820.167359 5283.48572
-1391.496582 5287.79663
-1674.284424 5292.10571
-1474.537475 5296.41541
-1672.040283 5300.72388
-1539.623657 5305.03235
-1600.221069 5309.34082
-1654.08545 5313.64746
-1517.180054 5317.95532
-1537.37915 5322.26135
-1508.202758 5326.56738
-1867.298707 5330.8728
-1557.578248 5335.17822
-1620.420045 5339.48242
-1422.917358 5343.78662
-1723.660157 5348.09082
-1759.569947 5352.39319
-1550.845338 5356.69617
-1631.641968 5360.99792
-1539.623535 5365.29968
-1488.00354 5369.60083
-1631.641968 5373.90137
-1577.777589 5378.2019
-1535.134765 5382.50183
-1519.424438 5386.80115
-1979.51599 5391.09985
-1416.184449 5395.39795
-1425.161744 5399.69543
-1389.252319 5403.99292
-1606.95398 5408.28979
-1427.406128 5412.58606
-1382.519165 5416.88171
-1526.157592 5421.17737
-1591.243774 5425.47302
-1512.691405 5429.76685
-1521.668702 5434.06128
-1449.84961 5438.35388
-1413.93994 5442.64771
-1422.917358 5446.9397
-915.694579 5451.2323
3748.063477 5455.52307
8667.676513 5459.81506
11832.209716 5464.10583
8950.464843 5468.39539
4374.236816 5472.68555
2284.747559 5476.97449
1499.225098 5481.26282
538.643799 5485.55054
-399.49414 5489.83887
-1110.952881 5494.12598
-1454.338257 5498.41309
-1303.96704 5502.69958
-1519.42456 5506.98486
-1562.067017 5511.27075
-1413.940063 5515.55481
-1488.00354 5519.83948
-1564.311401 5524.12292
-1402.718385 5528.40698
-1492.49231 5532.6886
-1548.600952 5536.97205
-1613.687012 5541.25366
-1452.093872 5545.53467
-1566.555663 5549.81628
-1595.732301 5554.09607
-1373.541748 5558.37646
-1719.171508 5562.65564
-1757.325439 5566.93481
-1429.65039 5571.21338
-1427.406128 5575.49133
-1454.338256 5579.76929
-1649.596679 5584.04602
-1505.958374 5588.32275
-1355.586914 5592.59888
-1436.383545 5596.87439
-1443.116698 5601.14929
-1604.709717 5605.42419
-1510.447144 5609.69788
-1537.379149 5613.97156
-1546.356689 5618.24524
-1523.913086 5622.5177
-1364.564209 5626.79016
-1716.927124 5631.0614
-1696.728149 5635.33264
-1514.935792 5639.60327
-1521.6687 5643.87329
-1618.175781 5648.14331
-1467.804322 5652.41272
-1622.664428 5656.68213
-1387.007691 5660.94971
-1557.578368 5665.2179
-1629.397584 5669.48425
-1759.569702 5673.75183
-1580.02185 5678.01819
-1548.600952 5682.28394
-1535.135009 5686.54846
-1595.732422 5690.81421
-1510.447144 5695.07874
-1499.225342 5699.34265
-1660.818482 5703.60596
-1461.071411 5707.86865
-1454.338378 5712.13074
-1454.338256 5716.39282
-1562.067139 5720.6543
-1438.62793 5724.91516
-1701.216675 5729.17603
-1573.28894 5733.43567
-1505.958495 5737.69531
-1732.637574 5741.95435
-1463.315796 5746.21277
-1541.867921 5750.47119
-1456.582764 5754.72839
-1912.185669 5758.9856
-1297.233764 5763.24158
-938.138184 5767.49817
-354.607178 5771.75293
-296.25415 5776.0083
-942.626709 5780.26306
-790.010742 5784.51721
-40.398193 5788.77136
-58.353027 5793.02429
-424.182129 5797.27661
-895.495361 5801.52832
-1092.997926 5805.78064
-1171.550415 5810.03113
-1223.170287 5814.28223
-1463.315674 5818.53271
-1456.582519 5822.78198
-1710.193969 5827.03125
-1636.130493 5831.2793
-1575.533325 5835.52795
-1496.980956 5839.77539
-1602.465454 5844.02283
-1631.641846 5848.26965
-1633.886107 5852.51587
-1553.089722 5856.76208
-1512.691407 5861.00647
-1631.641968 5865.25208
-1526.157592 5869.49524
-1400.474 5873.73962
-1537.379272 5877.98218
-1571.044434 5882.22534
-1324.166138 5886.46729
-1328.654785 5890.70984
-1449.849488 5894.95117
-1555.333984 5899.19128
-1734.881959 5903.43201
-1494.736695 5907.67151
-1584.510497 5911.91101
-1351.098267 5916.1499
-1548.601075 5920.38818
-1440.872315 5924.62524
-1725.904419 5928.86292
-1514.935668 5933.10059
-1658.573975 5937.33582
-1588.999268 5941.57227
-1494.736573 5945.8075
-1382.519166 5950.04272
-1483.514771 5954.27673
-1402.718261 5958.51074
-1443.116577 5962.74353
-1483.514892 5966.97632
-1669.795777 5971.20911
-1521.668946 5975.44067
-1517.180053 5979.67224
-1588.999389 5983.9032
-1802.212402 5988.13354
-1364.564453 5992.36328
-1431.894897 5996.59241
-1602.465211 6000.82153
-1633.886352 6005.05005
-1582.266235 6009.27795
-1669.795899 6013.50525
-1452.093872 6017.73254
-1416.184449 6021.95862
-1407.20691 6026.18408
-1566.555664 6030.40955
-1638.374878 6034.6344
-1429.65039 6038.85925
-1577.777589 6043.0835
-1642.863648 6047.30652
-1521.668701 6051.52893
-1519.424438 6055.75195
-1624.908814 6059.97375
-1580.021851 6064.19495
-1672.040161 6068.41553
-1501.469726 6072.63672
-1564.311524 6076.85608
-1514.935792 6081.07605
-1523.913086 6085.2948
-1602.465332 6089.51294
-1398.229492 6093.73108
-1472.292969 6097.948
-1488.00354 6102.16553
-1537.379272 6106.38123
-1429.650512 6110.59753
-1557.578369 6114.81262
-1595.732178 6119.02832
-1324.166016 6123.24219
-1355.587036 6127.45605
-1496.980957 6131.66931
-1564.311401 6135.88196
-1573.288819 6140.0946
-1413.939942 6144.30664
-1564.311401 6148.51807
-1591.243653 6152.72827
-1544.112304 6156.93909
-1786.502076 6161.14929
-1577.777588 6165.35889
-1517.179932 6169.56787
-1712.438355 6173.77563
-1712.438598 6177.9834
-1499.22522 6182.19055
-1467.804443 6186.39832
-1458.826904 6190.60364
-1631.641847 6194.81018
-1434.139281 6199.01611
-1586.755004 6203.22083
-1463.315673 6207.42493
-1512.691405 6211.62842
-1461.071289 6215.83191
-1577.777589 6220.03418
-1672.040161 6224.23706
-1541.86792 6228.43872
-1550.845214 6232.64038
-1606.954101 6236.84143
-1535.134888 6241.04126
-1422.91748 6245.2417
-1595.732423 6249.44031
-1483.51477 6253.64014
-1528.401854 6257.83752
-1645.108033 6262.03552
-1636.130494 6266.2323
-1712.438476 6270.42969
-1737.126343 6274.62585
-1577.777466 6278.82141
-1472.293091 6283.01697
-1898.719361 6287.2113
-1541.867919 6291.40625
-1562.067017 6295.59998
-1615.931396 6299.79309
-1537.379151 6303.9856
-1530.646119 6308.1781
-1573.288941 6312.37
-1658.574096 6316.56067
-1573.288818 6320.75195
-1418.428589 6324.94202
-1398.229613 6329.13208
-1620.420165 6333.32092
-1571.044555 6337.50977
-1458.827027 6341.69739
-1557.57837 6345.88562
-1548.600951 6350.07263
-1404.962524 6354.25964
-1564.311524 6358.44543
-1678.773316 6362.63123
-1494.736573 6366.81641
-1571.044556 6371.00037
-1488.003663 6375.18494
-1624.908814 6379.36829
-1508.202636 6383.55164
-1593.488038 6387.73438
-1481.270386 6391.9165
-1467.804566 6396.09863
-1562.067017 6400.27893
-1391.49646 6404.45984
-1649.596802 6408.63953
-1580.021972 6412.81921
-1427.406128 6416.99829
-1721.415894 6421.17676
-1299.47815 6425.35461
-1458.827148 6429.53247
-1568.800171 6433.70972
-1503.713989 6437.88635
-1573.288818 6442.06177
-1649.596679 6446.23718
-1505.958375 6450.4126
-1600.220946 6454.58618
-1584.510497 6458.76099
-1532.890503 6462.93396
-1562.067016 6467.10693
-1429.650391 6471.27991
-1568.800049 6475.45166
-1465.560059 6479.62341
-1411.695678 6483.79333
-1479.026123 6487.96448
-1400.473877 6492.13379
-1519.42456 6496.3031
-1620.420289 6500.4718
-1474.537597 6504.63989
-1523.913087 6508.80859
-1674.284668 6512.97546
-1656.329712 6517.14233
-1721.415893 6521.30859
-1409.451294 6525.47485
-1723.660156 6529.63928
-1440.872314 6533.80432
-1633.88623 6537.96814
-1499.225219 6542.13196
-1683.261841 6546.29578
-1746.103759 6550.45837
-1588.999268 6554.62036
-1431.894654 6558.78174
-1445.360962 6562.94312
-1440.872314 6567.10327
-1366.808594 6571.26404
-1808.945556 6575.42358
-1550.845215 6579.58252
-1420.673095 6583.74084
-1618.175904 6587.89917
-1458.826903 6592.05688
-1548.600831 6596.21338
-2152.331055 6600.37048
-1588.999146 6604.52637
-1764.058593 6608.68164
-1321.921752 6612.83691
-1584.510621 6616.99158
-1759.569947 6621.14502
-1654.085327 6625.29846
-1461.071411 6629.45129
-1351.098267 6633.60413
-1535.135011 6637.75635
-1510.447144 6641.90674
-1707.949707 6646.05835
-1472.292969 6650.20813
-1654.085327 6654.35791
-1663.062866 6658.50769
-1611.442626 6662.65625
-1571.044555 6666.8042
-1530.64624 6670.95215
-1362.320068 6675.09949
-1467.804321 6679.24622
-1544.112427 6683.39233
-1346.609619 6687.53784
-1562.067139 6691.68335
-1766.302856 6695.82825
-1737.126222 6699.97192
-1586.75476 6704.1156
-1719.171508 6708.25867
-1696.728028 6712.40173
-1721.416016 6716.54358
-1490.247802 6720.68481
-1544.112304 6724.82605
-1364.564453 6728.96667
-1389.252197 6733.10669
-1703.461059 6737.24609
-1539.623534 6741.38489
-1544.112426 6745.52307
-1573.28894 6749.66064
-1685.506348 6753.79822
-1499.225219 6757.93579
-1705.705322 6762.07153
-1568.800171 6766.20789
-1606.954102 6770.34241
-1521.668702 6774.47754
-1739.370483 6778.61206
-1618.175903 6782.74597
-1514.93579 6786.87866
-1737.126342 6791.01135
-1544.112305 6795.14404
-1456.582764 6799.27551
-1470.048827 6803.40698
-1413.940064 6807.53723
-1474.537475 6811.66748
-1494.736451 6815.79712
-1602.465454 6819.92615
-1802.212524 6824.05457
-1750.592407 6828.18298
-1501.469605 6832.31018
-1687.750611 6836.43738
-1440.872193 6840.56335
-1645.108033 6844.68994
-1544.112182 6848.81531
-1586.755005 6852.93945
-1557.57849 6857.06482
-1654.085327 6861.18774
-1705.705566 6865.31128
-1535.13501 6869.43481
-1654.08545 6873.55713
-1514.93579 6877.67883
-1535.13501 6881.79932
-1595.7323 6885.92041
-1490.247803 6890.04089
-1689.994995 6894.16016
-1647.352416 6898.27881
-1633.88623 6902.39868
-1597.976684 6906.51611
-1620.420044 6910.63354
-1337.63208 6914.75098
-1705.705445 6918.86719
-1674.284546 6922.9834
-1550.845336 6927.099
-1474.537476 6931.2146
-1633.88623 6935.32837
-1687.750611 6939.44214
-1434.139039 6943.55652
-1512.691283 6947.66846
-1553.089843 6951.78101
-1523.913086 6955.89294
-1452.093872 6960.00366
-1624.908935 6964.11438
-1472.29297 6968.2251
-1555.334106 6972.33459
-1436.383545 6976.44409
-1306.211425 6980.55298
-1550.845337 6984.66064
-1613.687012 6988.76831
-1746.10376 6992.87537
-1562.067017 6996.98181
-1595.732422 7001.08826
-1431.894776 7005.19348
-1387.007935 7009.2981
-1620.420166 7013.40271
-1734.881959 7017.50732
-1707.949706 7021.61011
-1434.139161 7025.7135
-1842.610717 7029.81567
-1566.555664 7033.91724
-1308.455567 7038.0188
-1492.492187 7042.11914
-1505.958251 7046.21948
-1568.800048 7050.31921
-1591.243653 7054.41895
-1615.931518 7058.51746
-1950.339477 7062.61536
-1793.235107 7066.71265
-1548.600951 7070.81055
-1647.352296 7074.90662
-1636.130616 7079.0033
-1716.927245 7083.09814
-1916.674317 7087.19299
-1777.524535 7091.28784
-1566.555785 7095.38147
-1613.687011 7099.4751
-1472.293091 7103.5675
-1591.243531 7107.66052
-1436.383423 7111.75171
-1624.908813 7115.8429
-1494.736572 7119.93347
-1802.212281 7124.02405
-1584.510499 7128.11401
-1546.356689 7132.20276
-1618.175903 7136.2915
-1427.406006 7140.37964
-1508.202637 7144.46777
-1580.021972 7148.55408
-1597.976685 7152.64099
-1440.872193 7156.72668
-1461.071288 7160.81177
-1454.338379 7164.89746
-1656.329833 7168.98132
-1577.777467 7173.06519
-1517.180054 7177.14844
-1636.130616 7181.23108
-1438.627929 7185.31372
-1618.175781 7189.39514
-1539.623657 7193.47595
-1705.705322 7197.55676
-1557.578246 7201.63696
-1555.334106 7205.71716
-1620.420045 7209.79614
-1755.081177 7213.87451
-1743.859376 7217.95227
-1584.510621 7222.02942
-1402.718385 7226.10718
-1447.605346 7230.18311
-1620.420044 7234.25903
-1474.537476 7238.33374
-1427.406127 7242.40906
-1548.600952 7246.48376
-1582.266113 7250.55725
-1730.39331 7254.63013
-1544.112182 7258.703
-1835.877563 7262.77466
-1422.917359 7266.84631
-1505.958251 7270.91797
-1683.26184 7274.98779
-1631.641968 7279.05823
-1714.682862 7283.12805
-1681.017577 7287.19666
-1678.773193 7291.26526
-1640.619262 7295.33264
-1597.976806 7299.40063
-1492.492188 7303.4668
-1640.619385 7307.53357
-1636.130737 7311.59851
-1501.469483 7315.66406
-1573.28894 7319.729
-1707.949707 7323.79272
-1622.66443 7327.85645
-1633.88623 7331.91895
-1461.071412 7335.98206
-1532.890503 7340.04333
-1624.908936 7344.10522
-1622.664428 7348.16528
-1564.31128 7352.22656
-1584.510498 7356.28662
-1445.360839 7360.34546
-1647.352295 7364.4043
-1476.781738 7368.46252
-1613.687011 7372.52014
-1562.067138 7376.57715
-1761.814087 7380.63354
-1582.266113 7384.68933
-1530.64624 7388.74512
-1568.800048 7392.80029
-1422.917359 7396.85486
-1790.990601 7400.90881
-1510.447143 7404.96216
-1651.841064 7409.0155
-1672.040283 7413.06702
-1667.551391 7417.11914
-1618.17578 7421.17004
-1530.646118 7425.22095
-1604.709594 7429.27124
-1562.067138 7433.32031
-1611.442626 7437.37
-1611.442628 7441.41785
-1645.108033 7445.46631
-1510.447021 7449.51355
-1624.90869 7453.56079
-1434.139161 7457.6062
-1526.157349 7461.65283
-1584.510621 7465.69824
-1458.827027 7469.74243
-1604.709717 7473.78723
-1539.623534 7477.8302
-1604.709717 7481.87378
-1436.383423 7485.91614
-1638.375 7489.9585
-1591.243653 7493.99963
-1402.718383 7498.04077
-1512.691284 7502.0813
-1593.487915 7506.12122
-1528.401855 7510.16052
-1573.288818 7514.19922
-1472.292969 7518.23792
-1483.514892 7522.27478
-1779.769043 7526.31226
-1436.383544 7530.34851
-1512.691283 7534.38477
-1526.157593 7538.42102
-1672.040161 7542.45544
-1676.528809 7546.48987
-1501.469727 7550.52368
-1748.348022 7554.5575
-1588.999145 7558.59009
-1759.569701 7562.62268
-1521.668945 7566.65405
-1633.886352 7570.68542
-1683.262085 7574.7168
-1481.270387 7578.74634
-1566.555907 7582.77588
-1476.781739 7586.8042
-1485.759155 7590.83374
-1602.465453 7594.86084
-1761.814087 7598.88916
-1642.863769 7602.91504
-1707.949707 7606.94214
-1470.048705 7610.96802
-1364.564332 7614.99268
-1537.379272 7619.01733
-1519.42456 7623.04199
-1591.24353 7627.06543
-1407.206908 7631.08826
-1541.868043 7635.11108
-1553.089599 7639.13208
-1526.157471 7643.15369
-1458.827027 7647.17529
-1689.994874 7651.19568
-1571.044434 7655.21545
-1669.795776 7659.23462
-1488.003663 7663.25317
-1402.71814 7667.27112
-1624.908813 7671.28845
-1544.112305 7675.30518
-1730.393311 7679.32251
-1418.42859 7683.33862
-1597.976562 7687.35413
-1685.506348 7691.36841
-1663.062621 7695.38269
-1454.338378 7699.39636
-1436.383545 7703.41003
-1613.687134 7707.42249
-1604.709839 7711.43433
-1575.533202 7715.44617
-1562.067139 7719.4574
-1541.86792 7723.46802
-1580.02185 7727.47803
-1591.243531 7731.48682
-1562.067138 7735.49622
-1591.24353 7739.50439
-1461.07141 7743.51196
-1714.682861 7747.51892
-1519.42456 7751.52588
-1755.081177 7755.53162
-1750.592285 7759.53735
-1467.804444 7763.54309
-1409.451172 7767.54639
-1562.067139 7771.5509
-1530.64624 7775.5542
-1685.506226 7779.5575
-1317.433106 7783.55896
-1528.401856 7787.56104
-1514.93579 7791.56189
-1591.243529 7795.56274
-1597.976684 7799.56299
-1445.360962 7803.56201
-1416.184448 7807.56165
-1573.288818 7811.56006
-1501.469726 7815.55786
-1541.86792 7819.55505
-1721.415894 7823.55225
-1571.044555 7827.54761
-1580.02185 7831.54358
-1391.496583 7835.53894
-1335.387696 7839.53369
-1391.49646 7843.52783
-1624.908936 7847.52075
-1539.623534 7851.51367
-1613.687133 7855.50598
-1970.538573 7859.49768
-1676.52893 7863.48877
-1483.514893 7867.47986
-1537.37915 7871.47034
-1537.379272 7875.45959
-1889.741944 7879.44885
-1438.627808 7883.4375
-1364.564454 7887.42493
-1521.668945 7891.41235
-1627.153199 7895.39917
-1562.067016 7899.38538
-1447.605224 7903.37158
-1869.542968 7907.35718
-1588.999268 7911.34094
-1553.0896 7915.32532
-1573.288818 7919.30847
-1685.506226 7923.29224
-1624.908935 7927.27417
-1595.732299 7931.2561
-1490.248046 7935.23682
-1503.713989 7939.21753
-1593.487914 7943.19824
-1541.86792 7947.17773
-1683.262085 7951.15723
-1490.247925 7955.1355
-1606.95398 7959.11377
-2001.959595 7963.09082
-1629.397462 7967.06787
-1553.089722 7971.0437
-1696.728027 7975.01953
-1562.067139 7978.99536
-1557.57837 7982.96936
-1649.596679 7986.94397
-1672.040283 7990.91736
-1488.003662 7994.89014
-1952.58374 7998.8623
-1649.596558 8002.83447
-1559.822876 8006.80542
-1470.048706 8010.77637
-1492.492187 8014.7467
-1618.175904 8018.71643
-1539.623535 8022.68555
-1490.247802 8026.65405
-1793.234986 8030.62256
-1667.551514 8034.58923
-1615.931397 8038.55652
-1916.674195 8042.52258
-1488.003417 8046.48804
-1496.980956 8050.4541
-1645.108032 8054.41833
-1514.935669 8058.38257
-1685.506225 8062.34619
-1696.728027 8066.30859
-1575.533203 8070.271
-1463.315796 8074.23279
-1761.814086 8078.19458
-1389.252197 8082.15515
-1804.456787 8086.11572
-1654.085449 8090.07507
-1588.999389 8094.03381
-1512.691528 8097.99194
-1452.093872 8101.95068
-1389.252318 8105.90759
-1593.487914 8109.8645
-1694.483643 8113.8208
-1494.736572 8117.77649
-1820.167358 8121.73157
-1456.582642 8125.68665
-1672.040161 8129.6405
-1557.578491 8133.59375
-1532.890381 8137.54639
-1654.085326 8141.49841
-1575.533325 8145.45105
-1833.633301 8149.40186
-1488.003417 8153.35266
-1692.239258 8157.30347
-1557.578369 8161.25244
-1737.126466 8165.20203
-1479.026123 8169.14978
-1449.849731 8173.09753
-1472.293091 8177.04468
-1669.795898 8180.99182
-1348.853881 8184.93774
-1541.868041 8188.88367
-1755.081177 8192.82898
-1728.148926 8196.77307
-1517.179931 8200.71716
-1562.067016 8204.66003
-1618.175782 8208.60291
-1802.212524 8212.54517
-1535.134766 8216.48743
-1562.067016 8220.42786
-1703.461059 8224.3689
-1647.352294 8228.30872
-1465.559936 8232.24792
-1597.976684 8236.18774
-1438.627807 8240.12512
-1591.24353 8244.06311
-1604.709717 8247.99988
-1672.040039 8251.93665
-1739.370605 8255.8728
-1591.24353 8259.80835
-1571.044555 8263.74329
-1755.081178 8267.67761
-1615.931519 8271.61194
-1575.533204 8275.54443
-1649.59668 8279.47754
-1687.750732 8283.40942
-1606.954223 8287.34131
-1483.514893 8291.27136
-1667.551391 8295.20264
-1759.569947 8299.13208
-1555.334106 8303.06152
-1537.37915 8306.99097
-1458.827025 8310.91797
-1550.845336 8314.84619
-1721.415771 8318.77319
-1714.682861 8322.7002
-1591.243775 8326.62537
-1312.944335 8330.55054
-1797.723755 8334.4751
-1333.143432 8338.39966
-1364.564453 8342.32361
-1481.270629 8346.24634
-1723.660277 8350.16907
-1499.225341 8354.09058
-1629.39746 8358.01208
-1488.00354 8361.93298
-1766.302735 8365.85327
-1440.872315 8369.77295
-1539.623535 8373.69202
-1479.026122 8377.61047
-1725.904541 8381.52832
-1537.379273 8385.44617
-1559.822876 8389.36218
-1465.559936 8393.27942
-1445.36084 8397.19421
-1492.49231 8401.11023
-1676.528808 8405.0238
-1530.646241 8408.9386
-1692.239379 8412.85217
-1858.321166 8416.76453
-1663.062745 8420.67749
-1647.352416 8424.58862
-1701.216675 8428.49976
-1685.506349 8432.41028
-1362.319946 8436.32019
-1593.488038 8440.22949
-1541.867798 8444.13879
-1501.469604 8448.04749
-1537.379273 8451.95496
-1638.374877 8455.86182
-1369.052978 8459.76807
-1615.931274 8463.67432
-1465.560059 8467.57996
-1577.777466 8471.48499
-1651.840943 8475.38879
-1651.841065 8479.2926
-2015.425537 8483.19641
-1669.795899 8487.09839
-1712.438477 8491.00098
-1418.428833 8494.90234
-1573.288941 8498.8031
-1436.383545 8502.70325
-1739.370728 8506.60339
-1633.886353 8510.50171
-1734.882079 8514.40125
-1404.962524 8518.29895
-1591.24353 8522.19604
-1452.093871 8526.09314
-1499.225341 8529.98901
-1656.329711 8533.8855
-1591.243652 8537.78015
-1663.062866 8541.6748
-1707.949829 8545.56885
-1698.972412 8549.46228
-1517.180054 8553.35571
-1669.795777 8557.24731
-1586.755005 8561.13953
-1550.845214 8565.03052
-1514.935669 8568.92151
-1512.691283 8572.81067
-1503.713868 8576.70105
-1689.994996 8580.5896
-1665.307129 8584.47754
-1609.198365 8588.36609
-1548.600953 8592.25281
-1768.54712 8596.13892
-1580.02185 8600.02502
-1539.623657 8603.91052
-1602.465453 8607.79541
-1761.814208 8611.67969
-1548.600952 8615.56335
-1456.582521 8619.44702
-1431.894776 8623.32947
-1667.551391 8627.21069
-1620.420167 8631.09253
-1622.664429 8634.97314
-1698.972412 8638.85376
-1555.333984 8642.73315
-1438.627685 8646.61255
-1505.958374 8650.49072
-1344.365235 8654.3689
-1829.144532 8658.24707
-1611.442748 8662.1228
-1602.465453 8665.99915
-1622.664672 8669.87488
-1418.428832 8673.75061
-1624.908692 8677.62451
-1505.958253 8681.49841
-1793.234985 8685.3717
-1707.94983 8689.24438
-1548.600951 8693.11707
-1622.664429 8696.98853
-1595.732178 8700.85938
-1490.247925 8704.72961
-1633.886231 8708.59985
-1642.863769 8712.46887
-1750.592286 8716.33789
-1714.68274 8720.20569
-1889.742188 8724.07349
-1636.130615 8727.94067
-1858.321167 8731.80725
-1577.777467 8735.67322
-1517.180176 8739.53796
-1537.379273 8743.40332
-1629.39746 8747.26624
-1434.139282 8751.13037
-1364.564452 8754.99329
-1438.62793 8758.85559
-1476.78186 8762.71729
-1564.311401 8766.57898
-1528.401978 8770.44006
-1615.931518 8774.29932
-1606.95398 8778.15918
-1660.818482 8782.01782
-1820.167113 8785.87585
-1701.216675 8789.73389
-1674.284424 8793.5907
-1411.695557 8797.44751
-1301.722535 8801.3031
-1553.089722 8805.1593
-1539.623535 8809.01367
-1519.424439 8812.86804
-1728.148926 8816.7218
-1544.112183 8820.57434
-1593.487914 8824.42749
-1575.533203 8828.27942
-1539.623535 8832.13013
-1678.773193 8835.98145
-1629.397583 8839.83154
-1458.827148 8843.68042
-1467.804443 8847.53052
-1550.845458 8851.37817
-1696.728028 8855.22644
-1618.175659 8859.07349
-1597.976685 8862.92053
-1654.085327 8866.76636
-1443.116578 8870.61157
-1624.908691 8874.4574
-1409.451415 8878.30078
-1811.189697 8882.14539
-1764.058472 8885.98816
-1615.931397 8889.83093
-1658.573975 8893.67249
-1580.021851 8897.51465
-1667.551392 8901.35498
-1667.551392 8905.19531
-1609.198486 8909.03503
-1806.70105 8912.87415
-1723.660156 8916.71326
-1443.116699 8920.55054
-1535.134888 8924.38843
-1604.709838 8928.2251
-1454.338258 8932.06116
-1620.420165 8935.89661
-1505.958496 8939.73206
-1528.401734 8943.56628
-1600.220948 8947.3999
-1584.510497 8951.23352
-1557.57837 8955.06592
-1425.161866 8958.89832
-1694.483642 8962.72949
-1584.510742 8966.56067
-1566.555786 8970.39063
-1660.81836 8974.22058
-1573.28894 8978.04993
-1485.759278 8981.87866
-1452.093993 8985.70618
-1725.90454 8989.53369
-1510.447021 8993.36121
-1588.99939 8997.18689
-1517.180175 9001.01257
-1548.600951 9004.83704
-1499.225341 9008.66211
-1427.406128 9012.48596
-1685.506226 9016.3092
-1539.623657 9020.13184
-1499.225219 9023.95386
-1508.202759 9027.77588
-1687.750732 9031.59668
-1575.533202 9035.41687
-1696.72815 9039.23645
-1476.78186 9043.05603
-1501.469605 9046.875
-1431.894776 9050.69275
-1539.623535 9054.5105
-1443.116577 9058.32642
-1645.107909 9062.14294
-1571.044434 9065.95825
-1535.134887 9069.77417
-1640.619263 9073.58826
-1580.02185 9077.40234
-1672.040162 9081.21582
-1730.393432 9085.02869
-1710.194093 9088.84033
-1568.80017 9092.65198
-1537.379272 9096.46301
-1532.890382 9100.27344
-1773.035766 9104.08325
-1591.24353 9107.89246
-1672.04016 9111.70105
-1689.994994 9115.50903
-1420.673096 9119.31641
-1512.691285 9123.12317
-1353.34253 9126.92932
-1703.461059 9130.73547
-1530.64624 9134.53979
-1479.026246 9138.34473
-1429.650513 9142.14783
-1728.149049 9145.95154
-1642.863524 9149.75464
-1701.216675 9153.55652
-1584.51062 9157.3584
-1766.302734 9161.15845
-1467.804321 9164.95972
-1602.465332 9168.75854
-1593.487914 9172.55859
-1519.42456 9176.3562
-1707.949829 9180.15503
-1862.809692 9183.95203
-1557.57837 9187.74902
-1351.098266 9191.5448
-1945.85083 9195.34058
-1577.777466 9199.13574
-1544.112305 9202.92969
-1672.040284 9206.72363
-1591.24353 9210.51636
-1811.18982 9214.30969
-1694.483765 9218.10181
-1559.822633 9221.89331
-1667.551514 9225.6842
-1710.193969 9229.47388
-1483.514892 9233.26416
-1510.446899 9237.05261
-1786.501954 9240.84106
-1611.442627 9244.62891
-1577.777465 9248.41675
-1526.157471 9252.20337
-1539.623536 9255.98938
-1795.479492 9259.77478
-1557.578369 9263.55957
-1620.420167 9267.34436
-1786.501952 9271.12732
-1519.424438 9274.91089
-1654.085328 9278.69324
-1808.945435 9282.47559
-1546.356689 9286.25671
-1604.709717 9290.03723
-1537.379272 9293.81775
-1445.360963 9297.59705
-1456.582641 9301.37634
-1600.221069 9305.15381
-1851.588012 9308.9325
-1557.578369 9312.70935
-1503.714111 9316.4856
-1526.15735 9320.26123
-1553.0896 9324.03687
-1546.356689 9327.8125
-2087.244872 9331.5863
-1606.95398 9335.36011
-1463.315674 9339.13208
-1508.202637 9342.90527
-1905.452515 9346.67664
-1537.37915 9350.448
-1438.627808 9354.21814
-1548.600952 9357.98889
-1615.931396 9361.75842
-1564.311402 9365.52673
-1618.175781 9369.29504
-1562.067138 9373.06274
-1757.325318 9376.83044
-1425.161744 9380.5957
-1755.081055 9384.36218
-1503.713989 9388.12744
-1577.777589 9391.89148
-1476.781737 9395.65613
-1496.980957 9399.41956
-1663.062744 9403.18237
-1725.904419 9406.94458
-1470.048707 9410.70557
-1588.99939 9414.46655
-1683.26184 9418.22693
-1537.379151 9421.98669
-1638.374879 9425.74646
-1557.57837 9429.50562
-1550.845336 9433.26294
-1577.777466 9437.02026
-1593.487916 9440.77698
-1393.740846 9444.53369
-1521.668822 9448.28918
-1519.424439 9452.04468
-1600.221069 9455.79834
-1636.130615 9459.55261
-1378.030517 9463.30627
-1532.890624 9467.05811
-1681.017456 9470.81055
-1571.044434 9474.56177
-1373.541747 9478.31238
-1492.49231 9482.06238
-1485.759155 9485.81238
-1580.021973 9489.56116
-1696.727906 9493.30933
-1505.958375 9497.05811
-1463.315552 9500.80505
-1580.021851 9504.55139
-1548.601074 9508.29773
-2058.06836 9512.04346
-1871.787353 9515.78735
-1564.311402 9519.53186
-1710.194214 9523.27515
-1465.560182 9527.01843
-1528.401733 9530.76172
-1544.112426 9534.50195
-1544.112183 9538.24341
-1505.958374 9541.98486
-1900.963868 9545.72449
-1660.81836 9549.4635
-1629.397705 9553.20251
-1526.157349 9556.94092
-1663.062865 9560.67871
-1698.97229 9564.41589
-1559.822876 9568.15125
-1456.58252 9571.88721
-1537.379272 9575.62256
-1371.297485 9579.3573
-1611.44275 9583.09021
-1539.623414 9586.82373
-1620.420167 9590.55664
-1514.935668 9594.28955
-1674.284546 9598.02063
-1553.089722 9601.7511
-1452.093995 9605.48157
-1577.777589 9609.21143
-1503.713989 9612.94128
-1416.184327 9616.66809
-1676.528931 9620.39612
-1375.78601 9624.12415
-1420.673218 9627.85095
-1427.406006 9631.57715
-1676.528809 9635.30151
-1505.958496 9639.02649
-1620.420167 9642.75146
-1279.279175 9646.47522
-1505.958374 9650.19714
-1550.845337 9653.92029
-1479.026001 9657.6416
-1546.356568 9661.36292
-1355.586915 9665.08423
-1624.908814 9668.80371
-1672.040161 9672.52319
-1562.067139 9676.24207
-1597.976563 9679.96094
-1609.198364 9683.67737
-1553.089722 9687.39441
-1391.496582 9691.11084
-1591.243529 9694.82666
-1503.71399 9698.54248
-1413.939942 9702.25586
-1591.243651 9705.96985
-1456.58252 9709.68323
-1775.280151 9713.39661
-1645.107911 9717.10754
-1597.976684 9720.81909
-1651.841186 9724.53064
-1773.035888 9728.24097
-1588.999267 9731.94946
-1687.750733 9735.65918
-1575.53308 9739.36768
-1519.424438 9743.07556
-1344.365235 9746.78284
-1568.800049 9750.48828
-1793.235108 9754.19495
-1555.334107 9757.90039
-1514.935791 9761.60522
-1611.442871 9765.30884
-1620.420045 9769.01245
-1566.555786 9772.71606
-1658.574219 9776.41846
-1539.623536 9780.12024
-1568.800172 9783.82019
-1701.216674 9787.52136
-1806.701172 9791.22131
-1528.401733 9794.92065
-1627.153199 9798.61877
-1458.826905 9802.31689
-1429.650391 9806.0144
-1537.379273 9809.71191
-1514.935791 9813.4082
-1714.682861 9817.10266
-1602.465332 9820.79773
-1530.646239 9824.4928
-1604.709595 9828.18604
-1602.465331 9831.87866
-1564.311279 9835.57129
-1606.954101 9839.26331
-1728.148927 9842.95471
-1588.999267 9846.64612
-1546.356567 9850.33569
-1575.533203 9854.02527
-1557.578369 9857.71362
-1467.804443 9861.40259
-1571.044433 9865.08911
-1698.972412 9868.77625
-1492.492309 9872.46277
-1537.379273 9876.14929
-1422.917358 9879.83459
-1786.501952 9883.51807
-1380.274903 9887.20215
-1521.668702 9890.88623
-1831.388916 9894.56909
-1725.904541 9898.25012
-1678.773316 9901.93115
-1696.728027 9905.61279
-1595.7323 9909.29321
-1611.442871 9912.97302
-1418.428711 9916.651
-1562.067016 9920.3302
-1512.691406 9924.00818
-1687.750733 9927.68494
-1481.270386 9931.36047
-1582.266235 9935.03723
-1615.931518 9938.71277
-1528.401734 9942.3877
-1393.740723 9946.0614
-1503.71399 9949.7345
-1416.184448 9953.40759
-1663.062744 9957.08008
-1627.153077 9960.75195
-1505.958251 9964.422
-1667.551514 9968.09265
-1514.935791 9971.7627
-1546.356568 9975.43152
-1550.845214 9979.10095
-1606.954102 9982.76733
-1496.980957 9986.43494
-1683.261841 9990.10193
-1557.578492 9993.76831
-1465.560059 9997.43286
-1654.08545 10001.09802
-1496.980956 10004.76257
-1544.112304 10008.42651
-1557.578369 10012.08923
-1535.134888 10015.75134
-1593.488037 10019.41284
-1593.487915 10023.07434
-1528.401734 10026.73523
-1512.691285 10030.39429
-1564.311523 10034.05334
-1458.826905 10037.71179
-1696.728028 10041.37024
-1582.266235 10045.02808
-1409.451172 10048.68408
-1319.67749 10052.34009
-1494.736693 10055.99609
-1546.356567 10059.65149
-1492.49231 10063.30444
-1629.397582 10066.95862
-1573.288696 10070.61218
-1649.59668 10074.26453
-1539.623536 10077.91626
-1573.288697 10081.56677
-1768.54712 10085.21729
-1642.863648 10088.8678
-1362.320068 10092.51709
-1474.537476 10096.16577
-1288.256348 10099.81384
-1537.379273 10103.4613
-1701.216797 10107.10754
-1597.976563 10110.75439
-1436.383545 10114.39941
-1517.180054 10118.04443
-1548.600831 10121.68884
-1488.003541 10125.33325
-1571.044433 10128.97522
-1326.410401 10132.6178
-1546.356567 10136.26038
-1645.10791 10139.90112
-1586.755005 10143.54187
-1458.827027 10147.1814
-1597.976562 10150.82153
-1647.352294 10154.46045
-1705.705444 10158.09937
-1380.27478 10161.73523
-1593.488037 10165.3717
-1564.311402 10169.00879
-1627.153198 10172.64404
-1535.134887 10176.27991
-1312.944336 10179.91333
-1638.374877 10183.54675
-1508.202758 10187.18018
-1562.067016 10190.81299
-1577.777466 10194.44397
-1544.112304 10198.07495
-1606.95398 10201.70593
-1759.569825 10205.33691
-1701.216796 10208.96606
-1577.777465 10212.5946
-1526.157349 10216.22253
-1665.30713 10219.85046
-1505.958251 10223.47778
-1528.401855 10227.10327
-1420.672974 10230.72876
-1378.030396 10234.35364
-1577.777588 10237.97852
-1436.383545 10241.60278
-1577.777466 10245.22461
-1472.293213 10248.84766
-1530.64624 10252.46948
-1519.424438 10256.09131
-1681.017577 10259.71069
-1398.229615 10263.3313
-1665.307251 10266.94946
-1707.949707 10270.56885
-1501.469605 10274.18823
-1566.555908 10277.80396
-1452.093873 10281.4209
-1483.51477 10285.03784
-1663.062866 10288.65479
-1449.849487 10292.26807
-1566.555907 10295.88135
-1548.600831 10299.49707
-1532.89038 10303.10913
-1714.682739 10306.72241
-1808.945434 10310.33325
-1627.153198 10313.94531
-1654.085571 10317.55493
-1553.0896 10321.16577
-1609.198486 10324.77417
-1508.20276 10328.38257
-1456.582764 10331.99097
-1544.112305 10335.59937
-1521.668824 10339.20654
-1597.976684 10342.81128
-1795.479493 10346.41724
-1730.393311 10350.02197
-1660.81836 10353.62671
-1553.089722 10357.229
-1647.352417 10360.83252
-1606.954101 10364.43481
-1436.383423 10368.03711
-1651.841187 10371.6394
-1615.931396 10375.23804
-1420.672974 10378.83789
-1528.401856 10382.43774
-1588.999267 10386.03638
-1447.605225 10389.63257
-1667.551391 10393.2312
-1416.184448 10396.82861
