0.0 1883.01102
0.0 1887.64923
-3.746131 1892.28699
32.515976 1896.92459
25.063461 1901.56158
13.136073 1906.19812
-10.198082 1910.83435
5.193571 1915.47043
-24.591907 1920.1059
-10.19298 1924.74091
-13.663126 1929.37561
-42.44371 1934.01001
26.028494 1938.6441
8.167174 1943.27759
-5.72641 1947.91077
-29.053747 1952.54349
-43.929466 1957.17575
-33.017304 1961.80786
19.583579 1966.43951
-8.207372 1971.07071
11.144744 1975.70145
32.491252 1980.33203
-5.725923 1984.96216
-27.071627 1989.59167
19.096296 1994.22089
-11.190992 1998.84979
60.303797 2003.47855
-30.05519 2008.10654
-40.489553 2012.73422
6.683996 2017.3616
37.961832 2021.98853
24.066115 2026.61514
-18.146061 2031.2413
-14.172304 2035.867
22.086982 2040.4924
25.555553 2045.11734
11.155309 2049.74197
-1.261238 2054.36615
9.170715 2058.99002
39.477829 2063.61343
-4.73736 2068.23654
13.14352 2072.85919
11.154835 2077.48123
9.667087 2082.10327
44.921485 2086.72485
17.114049 2091.34583
-9.704077 2095.96649
8.17391 2100.5867
12.145565 2105.20676
45.417996 2109.82635
32.518601 2114.44534
18.600929 2119.06403
57.827067 2123.6824
-23.60469 2128.30048
-45.465441 2132.91779
8.177311 2137.53494
8.673435 2142.15179
-7.720646 2146.76819
-4.241543 2151.38412
42.463349 2155.9996
-19.637241 2160.61493
-23.612552 2165.22949
-24.102935 2169.84406
-15.669514 2174.45801
43.913279 2179.07166
12.643873 2183.68484
-8.709116 2188.29773
0.228851 2192.91031
27.551937 2197.52228
-1.757709 2202.13379
-0.267684 2206.745
-16.655204 2211.35574
20.096576 2215.96634
-14.672779 2220.57648
-10.700802 2225.186
11.153986 2229.79553
-24.601316 2234.4043
10.659218 2239.01276
22.078874 2243.62076
-0.267801 2248.22845
2.711798 2252.83569
28.046673 2257.44278
12.145698 2262.0491
-3.744221 2266.65512
-15.170067 2271.26114
22.085621 2275.86639
40.458923 2280.47119
-1.757454 2285.07568
3.209427 2289.67972
53.870162 2294.28345
42.953209 2298.88687
-26.595848 2303.48984
-25.099432 2308.09219
-14.672916 2312.6944
-48.454851 2317.29614
-24.597779 2321.89758
-9.204068 2326.49841
36.490059 2331.09894
19.600284 2335.69901
0.725513 2340.29892
4.20084 2344.89822
-31.542915 2349.49707
-62.839645 2354.09561
-8.712006 2358.69385
-12.191742 2363.29163
1.222363 2367.88895
17.124809 2372.48581
11.652684 2377.08237
61.299979 2381.67847
20.5832 2386.27441
4.699204 2390.8696
-22.117624 2395.46463
4.201903 2400.0592
28.541828 2404.65332
20.092998 2409.24698
-32.041625 2413.84033
16.623158 2418.43338
-29.582832 2423.02597
-21.6206 2427.6181
13.64014 2432.20993
17.123207 2436.80115
35.513145 2441.39221
-0.26772 2445.98282
0.228855 2450.57297
44.932288 2455.16266
11.152946 2459.75189
62.314335 2464.34082
0.228947 2468.92944
2.712101 2473.51761
31.507086 2478.10516
-0.764358 2482.69272
9.664246 2487.27951
31.007749 2491.866
42.933398 2496.45218
3.705757 2501.0379
-4.24096 2505.62317
-3.7448 2510.20813
-28.072985 2514.79279
11.652092 2519.37668
-13.182392 2523.96057
15.629471 2528.54385
-70.296709 2533.12683
-11.6889 2537.7092
3.209453 2542.29126
19.098154 2546.87302
14.137398 2551.45432
26.561439 2556.035
2.21632 2560.61584
24.0704 2565.19592
26.056136 2569.7757
-12.189419 2574.35455
13.635329 2578.93372
31.518418 2583.51196
13.145954 2588.0899
54.854452 2592.66754
30.540722 2597.24487
-10.697979 2601.8219
7.180756 2606.39832
11.15276 2610.97443
-42.974291 2615.54993
-6.72472 2620.12512
1.718703 2624.69971
-27.597916 2629.27429
34.506901 2633.84827
-24.105997 2638.42194
44.429006 2642.9953
-21.630333 2647.56805
9.165221 2652.1405
-31.557451 2656.71234
11.653339 2661.28387
27.533741 2665.8551
-27.084104 2670.42572
-29.562118 2674.99573
6.687175 2679.56604
43.943389 2684.13574
-20.126973 2688.70483
1.222572 2693.27362
29.028096 2697.8418
-8.215485 2702.40936
-30.068804 2706.97693
24.058387 2711.54419
-4.73628 2716.11053
34.498985 2720.67688
7.181973 2725.24292
8.172807 2729.80835
18.103563 2734.37347
53.380653 2738.93799
27.04578 2743.5025
-22.6185 2748.0661
-16.659729 2752.62939
-4.739453 2757.19238
16.617369 2761.75507
24.562807 2766.31714
60.825096 2770.87891
-18.147579 2775.44067
7.181242 2780.00122
9.168419 2784.56177
5.19454 2789.12201
-21.621112 2793.68164
73.758728 2798.24097
15.129673 2802.79968
0.228829 2807.3584
25.556204 2811.9162
45.445786 2816.474
-45.960207 2821.03149
-22.610025 2825.58838
-10.202232 2830.14465
10.657816 2834.70062
-1.260885 2839.25629
8.671374 2843.81134
-23.116436 2848.36639
29.536846 2852.92053
-8.21653 2857.47467
-9.70154 2862.0282
19.586872 2866.58142
-43.9631 2871.13434
-7.717434 2875.68634
-19.134241 2880.23804
24.060214 2884.78973
-7.716519 2889.34113
-23.110095 2893.8913
-19.149319 2898.44208
5.195198 2902.99164
5.690798 2907.54089
13.642616 2912.08984
-22.116927 2916.63879
14.135956 2921.18683
-11.687344 2925.73456
-41.493683 2930.28198
33.004703 2934.82849
13.639816 2939.37561
-18.636301 2943.92151
15.627342 2948.46741
2.214758 2953.01239
-35.030059 2957.55737
65.774272 2962.10175
28.536287 2966.64581
38.968342 2971.18958
-2.751442 2975.73242
-18.14698 2980.27557
-18.650497 2984.81812
50.892923 2989.35974
12.147241 2993.90137
74.744707 2998.44238
-8.213318 3002.9834
25.553124 3007.5235
16.114707 3012.0636
-5.731438 3016.60278
24.066387 3021.14197
8.67255 3025.68054
31.528461 3030.21881
20.597717 3034.75677
29.532219 3039.29413
8.672722 3043.83118
13.638195 3048.36761
9.663264 3052.90375
2.711344 3057.43958
8.669101 3061.9751
48.400257 3066.5097
11.649688 3071.04431
19.587201 3075.578
27.039702 3080.11169
-28.583412 3084.64508
9.662202 3089.17755
1.221905 3093.71063
17.61433 3098.24219
3.704298 3102.77374
13.146343 3107.30499
-3.247905 3111.83563
-2.254001 3116.36597
41.946834 3120.89569
38.973572 3125.42511
-34.035317 3129.95422
21.089664 3134.48273
22.078182 3139.01093
40.458582 3143.53882
-3.746682 3148.0658
-1.757618 3152.59308
-28.081679 3157.11975
16.12289 3161.64581
-41.98804 3166.17126
7.181032 3170.69672
41.957874 3175.22156
1.222298 3179.74579
45.415825 3184.27002
13.633601 3188.79333
3.208446 3193.31665
32.49631 3197.83936
-68.809411 3202.36176
-1.757885 3206.88354
-21.618041 3211.40503
-17.641189 3215.92651
4.696741 3220.44647
45.432752 3224.96704
3.705295 3229.48639
20.09777 3234.00604
35.973702 3238.52509
20.094459 3243.04352
-2.750539 3247.56165
42.941761 3252.07916
60.326522 3256.59668
32.504268 3261.11328
19.095275 3265.62988
41.942079 3270.14557
1.222286 3274.66156
24.561143 3279.17664
-14.17205 3283.6911
1.222213 3288.20557
-24.10845 3292.71942
23.566498 3297.23297
29.542515 3301.74561
1.718531 3306.25854
30.023027 3310.77026
3.209561 3315.28229
37.976021 3319.7937
30.033974 3324.3045
10.656733 3328.815
18.602186 3333.32489
49.409096 3337.83478
49.896587 3342.34406
45.917614 3346.85303
44.428012 3351.36078
1.719249 3355.86914
49.884196 3360.37659
49.402807 3364.88342
45.908546 3369.39026
18.107085 3373.89648
65.279246 3378.4024
45.410952 3382.90771
30.522289 3387.41272
8.173638 3391.91681
-0.267677 3396.4212
1.718586 3400.92468
24.063945 3405.42816
57.819741 3409.93103
61.791902 3414.43329
23.065005 3418.93555
84.116875 3423.43689
52.840231 3427.93793
36.958349 3432.43866
148.581703 3436.93878
36.964088 3441.4389
64.275693 3445.93842
75.190329 3450.43732
31.488287 3454.93591
21.08377 3459.43359
85.113048 3463.93158
59.291377 3468.42896
55.300709 3472.92542
75.186663 3477.42218
42.400056 3481.91803
93.026001 3486.41357
98.495075 3490.90881
132.683327 3495.40314
178.318978 3499.89777
191.67411 3504.39148
231.608002 3508.88489
469.200749 3513.37799
912.047859 3517.87048
1278.187351 3522.36267
1445.505818 3526.85425
1342.318833 3531.34552
1056.474911 3535.83649
733.761414 3540.32684
513.048863 3544.81659
404.080019 3549.30634
303.80979 3553.79517
281.658512 3558.2843
269.758122 3562.77222
296.106953 3567.26013
242.538093 3571.74774
223.186021 3576.23444
200.99663 3580.72113
219.343342 3585.20721
223.70263 3589.69299
259.945176 3594.17786
236.091576 3598.66302
288.1344 3603.14697
280.129654 3607.63123
274.193662 3612.11456
264.870919 3616.5976
300.405686 3621.08032
317.425751 3625.56244
284.107076 3630.04456
315.191841 3634.52576
482.044411 3639.00696
864.836117 3643.48663
1721.152765 3647.96722
2559.996868 3652.4469
2880.08934 3656.92596
2429.371547 3661.40472
1860.817707 3665.88287
1264.693657 3670.36102
783.059742 3674.83826
578.537761 3679.31549
446.993851 3683.79181
469.295383 3688.26843
427.885925 3692.74384
386.944324 3697.21924
390.310207 3701.69403
394.037795 3706.16821
421.901264 3710.6427
386.793272 3715.11566
439.891166 3719.58923
443.275898 3724.06158
421.620811 3728.53424
423.936112 3733.00568
434.357907 3737.47711
435.682277 3741.94794
530.05558 3746.41846
530.806415 3750.88898
552.574574 3755.35828
576.219864 3759.82758
694.848842 3764.29596
949.770376 3768.76465
1582.338878 3773.23242
2424.067611 3777.69989
3081.981041 3782.16675
3025.240853 3786.6333
2629.377531 3791.09985
2237.780163 3795.56519
1865.381828 3800.03052
1486.749298 3804.49524
1167.304964 3808.95996
1016.144481 3813.42377
739.154377 3817.88727
675.47612 3822.35046
618.335533 3826.81274
556.463905 3831.27533
612.162361 3835.73669
553.03115 3840.19836
523.857765 3844.65912
561.552631 3849.11957
496.353188 3853.57971
540.295459 3858.03925
531.247747 3862.49847
523.290047 3866.95679
565.992825 3871.41541
575.944885 3875.87311
547.563343 3880.33051
551.026897 3884.78729
556.831539 3889.24408
588.878785 3893.69995
582.608638 3898.15552
583.378826 3902.61078
638.639038 3907.06543
614.976609 3911.52008
631.178638 3915.97351
533.835812 3920.42725
543.662536 3924.87976
582.154616 3929.33289
598.755322 3933.78479
576.473297 3938.23639
597.293736 3942.68768
556.162384 3947.13837
619.702753 3951.58905
682.522209 3956.03851
638.862432 3960.48798
583.602115 3964.93683
617.450359 3969.38568
637.148949 3973.83392
676.025963 3978.28156
676.453316 3982.72888
691.645863 3987.1756
651.990063 3991.62201
657.355458 3996.06781
636.334932 4000.51361
680.561676 4004.95819
662.014597 4009.40308
674.575634 4013.84705
640.742462 4018.29102
679.133937 4022.73438
628.481787 4027.17682
701.496529 4031.61926
824.130512 4036.0611
1192.996575 4040.50293
2059.201374 4044.94385
2427.47737 4049.38446
2313.748915 4053.82477
1724.176158 4058.26447
1284.033543 4062.70386
944.67823 4067.14233
743.18589 4071.58081
853.891151 4076.01868
882.452622 4080.45624
899.869518 4084.89319
881.561649 4089.33014
1185.74427 4093.76617
2108.180012 4098.2019
3561.838181 4102.63702
4406.338375 4107.07184
4172.456356 4111.50635
3519.067765 4115.94025
2800.02845 4120.37384
2178.809967 4124.80682
1804.86324 4129.23981
1526.741737 4133.67126
1219.544906 4138.10333
1005.448265 4142.53479
844.836197 4146.96533
739.930127 4151.39587
715.258919 4155.82581
656.765 4160.25543
671.016648 4164.68414
680.740028 4169.11285
690.14489 4173.54065
572.008973 4177.96875
680.043278 4182.39594
694.463883 4186.82281
670.942436 4191.24908
661.973617 4195.67505
652.26934 4200.10071
732.236016 4204.52545
708.952717 4208.9502
703.863682 4213.37372
673.810577 4217.79785
701.474289 4222.22107
707.088798 4226.64368
718.673912 4231.06628
712.65765 4235.48798
746.177376 4239.90967
785.262253 4244.33044
745.34852 4248.75092
707.140705 4253.17078
723.041695 4257.59064
766.077722 4262.00989
740.009426 4266.42853
829.446839 4270.84686
824.588711 4275.26459
780.338363 4279.68201
817.235073 4284.09912
828.904219 4288.51563
769.583008 4292.93121
854.976406 4297.34711
869.42762 4301.76239
858.260141 4306.17706
850.799433 4310.59113
859.412147 4315.00488
877.744617 4319.41833
936.328537 4323.83087
906.108813 4328.24341
1037.491417 4332.65533
1114.524986 4337.06726
1216.281136 4341.47827
1362.906052 4345.88867
1856.987267 4350.29877
3426.728561 4354.70825
5000.353027 4359.11804
5572.750862 4363.52661
4440.745922 4367.93518
3649.544667 4372.34283
2977.294354 4376.75049
2364.848595 4381.15723
1988.756069 4385.56396
1851.642143 4389.9704
1822.235893 4394.37561
1889.639626 4398.78113
1958.697297 4403.18573
1937.555069 4407.59033
2011.156994 4411.99341
2016.850849 4416.39709
2130.824734 4420.79956
2119.954975 4425.20264
2182.888893 4429.6051
2282.132698 4434.00604
2253.479335 4438.40759
2193.310125 4442.80762
2077.327932 4447.20825
1988.681027 4451.60767
1808.923893 4456.00739
1566.08187 4460.40558
1355.669193 4464.80438
1261.118446 4469.20258
1071.244312 4473.59955
955.29055 4477.99713
871.462433 4482.39319
811.26947 4486.78955
817.307089 4491.185
789.227819 4495.58014
1043.448956 4499.97498
2019.770042 4504.36951
4784.56298 4508.76343
8138.130974 4513.15674
9477.542484 4517.54974
8650.404921 4521.94183
7245.5443 4526.33392
5903.963929 4530.7251
4760.13224 4535.11688
3794.309517 4539.50684
2818.873319 4543.8974
2283.089561 4548.28735
1778.359566 4552.67639
1357.114853 4557.06543
987.43446 4561.45325
766.208736 4565.84137
642.735402 4570.22858
465.280426 4574.61578
409.499294 4579.00208
393.767708 4583.38867
358.26786 4587.77405
340.464405 4592.15912
356.87696 4596.54388
334.567833 4600.92773
315.163687 4605.31189
287.015915 4609.69513
310.476197 4614.07806
294.018024 4618.46008
275.771763 4622.84241
275.101087 4627.22351
282.628532 4631.60461
314.358398 4635.98541
345.061882 4640.3653
274.17553 4644.74518
274.258938 4649.12384
246.464062 4653.50281
272.694861 4657.88086
347.304477 4662.25891
362.735298 4666.63605
337.092903 4671.01318
391.450142 4675.39001
386.931579 4679.76563
349.313713 4684.14124
342.552131 4688.51593
340.439354 4692.89063
364.716384 4697.2644
325.110001 4701.63849
308.311173 4706.01135
321.273857 4710.38422
355.343032 4714.75677
353.454342 4719.12811
349.801743 4723.50006
393.937523 4727.87048
310.320625 4732.24121
322.650932 4736.61072
360.163544 4740.98053
367.254105 4745.34943
382.636192 4749.71802
398.160158 4754.0863
371.152989 4758.45367
394.88005 4762.82104
373.953728 4767.1875
363.381119 4771.55426
363.229195 4775.91949
381.986222 4780.28503
374.057354 4784.64966
371.147038 4789.01428
422.476894 4793.3786
346.339813 4797.7417
355.337097 4802.1051
390.889801 4806.46698
374.081749 4810.82947
425.154785 4815.19073
376.936289 4819.552
378.263724 4823.91266
359.088671 4828.27301
418.469127 4832.63306
480.32943 4836.99188
419.901241 4841.35101
353.220527 4845.70923
448.117573 4850.06744
500.960713 4854.42413
419.976048 4858.78174
455.878041 4863.13782
490.921692 4867.4939
498.028053 4871.84998
452.555603 4876.20453
476.108067 4880.55939
470.759178 4884.91333
471.362571 4889.26727
499.437996 4893.6203
487.390303 4897.97302
522.131263 4902.32513
500.451775 4906.67755
554.171226 4911.02905
564.759426 4915.37964
606.635064 4919.73022
622.665519 4924.0799
573.115928 4928.42957
540.221778 4932.77832
518.032142 4937.12738
527.860279 4941.47491
458.022623 4945.82275
532.886989 4950.17029
498.239884 4954.5166
504.558191 4958.86292
499.830025 4963.20831
499.097025 4967.55402
587.477855 4971.8985
652.827919 4976.24298
791.038994 4980.58655
852.148766 4984.93042
844.665828 4989.27368
743.496115 4993.61572
683.769203 4997.95807
719.471237 5002.29919
598.898575 5006.64063
551.711975 5010.98083
562.379528 5015.32104
540.265381 5019.66064
553.470436 5023.99994
473.950334 5028.33893
516.913967 5032.677
556.5172 5037.01477
493.06736 5041.35193
533.400879 5045.68909
491.994236 5050.02502
510.692757 5054.36127
556.020466 5058.69629
517.113335 5063.03162
531.42244 5067.36603
531.002124 5071.69983
551.656193 5076.03363
568.304085 5080.36621
495.618256 5084.6994
548.125824 5089.03107
552.028946 5093.36304
517.348585 5097.69379
531.307285 5102.02484
577.918885 5106.35529
593.334519 5110.68481
516.277497 5115.01434
579.785702 5119.34265
567.635235 5123.67126
530.156866 5127.99927
542.343556 5132.32605
549.532521 5136.65344
559.770796 5140.97961
577.218277 5145.30579
604.108543 5149.63135
611.432007 5153.95691
648.108589 5158.28064
612.839451 5162.60498
641.937916 5166.92871
645.685658 5171.25183
571.995072 5175.57373
627.881546 5179.89624
615.336532 5184.21753
625.134848 5188.53943
639.683182 5192.86072
658.4221 5197.18018
630.145184 5201.50024
678.97451 5205.81909
707.820015 5210.13855
699.002156 5214.45679
776.876339 5218.77502
713.656639 5223.09204
719.69558 5227.40906
726.963726 5231.72546
701.62384 5236.04187
651.199163 5240.35767
670.984425 5244.67224
666.578083 5248.98682
673.847076 5253.30078
628.740162 5257.61475
609.761085 5261.92749
586.306955 5266.24023
596.801853 5270.55237
592.506813 5274.86389
616.599083 5279.17542
615.999169 5283.48572
614.203228 5287.79663
657.758667 5292.10571
649.050331 5296.41541
695.739575 5300.72388
652.570556 5305.03235
707.98732 5309.34082
728.723244 5313.64746
728.122833 5317.95532
807.812359 5322.26135
924.89452 5326.56738
960.809265 5330.8728
1241.325775 5335.17822
1988.777645 5339.48242
6073.311576 5343.78662
16467.704098 5348.09082
26749.945178 5352.39319
30327.44927 5356.69617
25996.813179 5360.99792
22053.574885 5365.29968
19077.040222 5369.60083
16382.131599 5373.90137
13608.810925 5378.2019
11181.801552 5382.50183
9219.893905 5386.80115
7232.984384 5391.09985
5983.585014 5395.39795
5025.117943 5399.69543
4069.562094 5403.99292
3259.814151 5408.28979
2526.601345 5412.58606
1999.206783 5416.88171
1569.219891 5421.17737
1302.720455 5425.47302
1084.733246 5429.76685
929.158096 5434.06128
833.650764 5438.35388
816.095959 5442.64771
873.983015 5446.9397
1328.487782 5451.2323
5517.267369 5455.52307
11444.983482 5459.81506
14489.547348 5464.10583
11677.288414 5468.39539
8184.693733 5472.68555
7019.639297 5476.97449
5876.342503 5481.26282
4514.05962 5485.55054
3087.865716 5489.83887
2077.031966 5494.12598
1425.736702 5498.41309
1081.461666 5502.69958
831.344023 5506.98486
768.057505 5511.27075
748.931938 5515.55481
664.639 5519.83948
665.705834 5524.12292
711.583275 5528.40698
669.774915 5532.6886
709.472297 5536.97205
709.390915 5541.25366
685.792 5545.53467
577.328621 5549.81628
630.450844 5554.09607
645.30719 5558.37646
625.467506 5562.65564
579.729977 5566.93481
566.462288 5571.21338
581.36496 5575.49133
579.224003 5579.76929
585.490974 5584.04602
510.573936 5588.32275
591.745392 5592.59888
595.59713 5596.87439
575.681888 5601.14929
516.87277 5605.42419
542.692131 5609.69788
509.186264 5613.97156
521.070408 5618.24524
546.569782 5622.5177
514.989884 5626.79016
523.032429 5631.0614
460.74403 5635.33264
564.005322 5639.60327
571.007568 5643.87329
498.636353 5648.14331
483.93754 5652.41272
512.088532 5656.68213
516.301932 5660.94971
552.358042 5665.2179
635.029419 5669.48425
637.072864 5673.75183
808.308908 5678.01819
1233.261341 5682.28394
1748.55277 5686.54846
1955.470611 5690.81421
1814.758919 5695.07874
1494.439851 5699.34265
1300.378273 5703.60596
1121.293686 5707.86865
938.602915 5712.13074
857.605885 5716.39282
760.544567 5720.6543
675.956505 5724.91516
612.527478 5729.17603
598.999009 5733.43567
586.981025 5737.69531
652.64222 5741.95435
621.512844 5746.21277
648.849617 5750.47119
807.782086 5754.72839
1139.41798 5758.9856
2359.269886 5763.24158
4019.203987 5767.49817
4918.783336 5771.75293
4348.926597 5776.0083
3472.437339 5780.26306
4120.771795 5784.51721
5349.760605 5788.77136
5720.410221 5793.02429
4722.09269 5797.27661
3422.791153 5801.52832
2804.656794 5805.78064
2409.183457 5810.03113
1902.684038 5814.28223
1548.918322 5818.53271
1141.778687 5822.78198
933.334194 5827.03125
786.726408 5831.2793
746.358989 5835.52795
672.214841 5839.77539
699.079033 5844.02283
650.630804 5848.26965
696.17036 5852.51587
678.274292 5856.76208
743.945776 5861.00647
831.387428 5865.25208
1047.271187 5869.49524
1446.458847 5873.73962
2538.708916 5877.98218
5902.25605 5882.22534
11489.136429 5886.46729
17895.504234 5890.70984
21993.146324 5894.95117
23179.12197 5899.19128
21732.986984 5903.43201
18977.738304 5907.67151
16462.136425 5911.91101
14241.400427 5916.1499
11784.755959 5920.38818
9600.064915 5924.62524
7614.429672 5928.86292
6116.541577 5933.10059
4969.847148 5937.33582
4121.569699 5941.57227
3626.05677 5945.8075
3225.601558 5950.04272
2826.082199 5954.27673
2517.636372 5958.51074
2403.497563 5962.74353
2181.856867 5966.97632
2026.250683 5971.20911
1936.548107 5975.44067
1786.002716 5979.67224
1620.104929 5983.9032
1659.024781 5988.13354
1534.899602 5992.36328
1472.734932 5996.59241
1368.224067 6000.82153
1375.995529 6005.05005
1309.67255 6009.27795
1198.447872 6013.50525
1186.177162 6017.73254
1169.625637 6021.95862
1122.517051 6026.18408
1097.255883 6030.40955
1054.873611 6034.6344
971.330986 6038.85925
937.408699 6043.0835
970.568318 6047.30652
955.249379 6051.52893
901.581505 6055.75195
886.86797 6059.97375
882.636772 6064.19495
791.220421 6068.41553
797.211338 6072.63672
811.421245 6076.85608
716.032707 6081.07605
734.794957 6085.2948
782.348328 6089.51294
713.137654 6093.73108
804.492585 6097.948
744.085609 6102.16553
728.77883 6106.38123
756.302483 6110.59753
733.477738 6114.81262
689.729271 6119.02832
634.41419 6123.24219
632.403486 6127.45605
633.084936 6131.66931
664.500694 6135.88196
566.231499 6140.0946
653.019867 6144.30664
616.159149 6148.51807
674.023002 6152.72827
766.795559 6156.93909
795.032663 6161.14929
763.199482 6165.35889
709.817909 6169.56787
668.00504 6173.77563
651.793758 6177.9834
572.564681 6182.19055
637.351375 6186.39832
567.301586 6190.60364
558.321264 6194.81018
518.996022 6199.01611
528.917335 6203.22083
559.019283 6207.42493
540.666764 6211.62842
548.649063 6215.83191
525.966416 6220.03418
543.37265 6224.23706
461.796531 6228.43872
496.489342 6232.64038
496.060692 6236.84143
516.653736 6241.04126
454.315119 6245.2417
447.008434 6249.44031
465.856048 6253.64014
441.349579 6257.83752
418.75901 6262.03552
451.174935 6266.2323
457.441574 6270.42969
451.090877 6274.62585
484.653053 6278.82141
416.388031 6283.01697
404.684845 6287.2113
406.619095 6291.40625
411.482331 6295.59998
373.484541 6299.79309
419.136215 6303.9856
405.171794 6308.1781
404.724625 6312.37
409.655788 6316.56067
407.075954 6320.75195
361.101129 6324.94202
382.90493 6329.13208
360.566325 6333.32092
362.191151 6337.50977
345.789983 6341.69739
360.09607 6345.88562
356.272209 6350.07263
368.097405 6354.25964
363.160881 6358.44543
398.802444 6362.63123
351.940666 6366.81641
388.30497 6371.00037
374.609146 6375.18494
380.554989 6379.36829
383.863869 6383.55164
396.809014 6387.73438
388.010517 6391.9165
326.193848 6396.09863
342.99831 6400.27893
376.071899 6404.45984
336.480419 6408.63953
317.188297 6412.81921
342.633942 6416.99829
373.216484 6421.17676
334.540302 6425.35461
293.977009 6429.53247
308.286339 6433.70972
296.939528 6437.88635
353.413738 6442.06177
289.558006 6446.23718
345.984474 6450.4126
357.335731 6454.58618
348.043167 6458.76099
327.531525 6462.93396
293.945822 6467.10693
345.374729 6471.27991
293.010319 6475.45166
280.92986 6479.62341
317.815071 6483.79333
297.458164 6487.96448
333.544422 6492.13379
312.74516 6496.3031
267.705882 6500.4718
357.859001 6504.63989
321.205605 6508.80859
262.782692 6512.97546
300.366616 6517.14233
289.132469 6521.30859
345.567421 6525.47485
305.851049 6529.63928
317.276348 6533.80432
292.935926 6537.96814
329.055847 6542.13196
510.286602 6546.29578
608.978257 6550.45837
634.761196 6554.62036
525.377269 6558.78174
493.059486 6562.94312
426.288582 6567.10327
418.958844 6571.26404
444.111096 6575.42358
363.755516 6579.58252
337.882289 6583.74084
329.120434 6587.89917
255.830358 6592.05688
307.779349 6596.21338
305.986793 6600.37048
307.900711 6604.52637
295.554245 6608.68164
304.83803 6612.83691
256.396086 6616.99158
266.361084 6621.14502
280.122759 6625.29846
286.296417 6629.45129
260.420265 6633.60413
265.766123 6637.75635
253.464931 6641.90674
273.265767 6646.05835
259.398998 6650.20813
292.048309 6654.35791
272.782311 6658.50769
269.884914 6662.65625
281.118136 6666.8042
253.433506 6670.95215
248.999626 6675.09949
263.361141 6679.24622
246.536976 6683.39233
234.559765 6687.53784
241.042359 6691.68335
333.799362 6695.82825
579.173061 6699.97192
1182.36488 6704.1156
1590.637627 6708.25867
1552.661892 6712.40173
1157.207916 6716.54358
920.805744 6720.68481
833.546478 6724.82605
745.412582 6728.96667
654.369801 6733.10669
521.984471 6737.24609
403.534448 6741.38489
313.202892 6745.52307
321.305976 6749.66064
318.246639 6753.79822
270.869575 6757.93579
275.236519 6762.07153
267.871052 6766.20789
265.464409 6770.34241
206.897434 6774.47754
215.395122 6778.61206
319.958038 6782.74597
253.988648 6786.87866
223.364697 6791.01135
196.47275 6795.14404
242.668632 6799.27551
253.085347 6803.40698
234.646376 6807.53723
218.861214 6811.66748
225.753347 6815.79712
200.501621 6819.92615
183.654448 6824.05457
218.877281 6828.18298
233.143141 6832.31018
217.81732 6836.43738
216.849478 6840.56335
209.395561 6844.68994
212.857304 6848.81531
197.034056 6852.93945
206.459129 6857.06482
273.299416 6861.18774
262.97118 6865.31128
241.660648 6869.43481
240.264435 6873.55713
220.892021 6877.67883
216.944683 6881.79932
242.302826 6885.92041
226.836979 6890.04089
196.964254 6894.16016
261.029068 6898.27881
233.749778 6902.39868
260.525574 6906.51611
232.70232 6910.63354
217.7851 6914.75098
206.087448 6918.86719
239.174988 6922.9834
235.265716 6927.099
207.493751 6931.2146
212.510723 6935.32837
240.148705 6939.44214
214.371651 6943.55652
219.862114 6947.66846
217.864013 6951.78101
184.690319 6955.89294
140.558499 6960.00366
162.447247 6964.11438
179.745247 6968.2251
206.515663 6972.33459
222.869778 6976.44409
129.168165 6980.55298
202.555428 6984.66064
158.975308 6988.76831
189.173058 6992.87537
186.169518 6996.98181
181.728672 7001.08826
180.26725 7005.19348
164.893883 7009.2981
164.848766 7013.40271
171.332566 7017.50732
151.437729 7021.61011
182.723763 7025.7135
149.506863 7029.81567
182.295345 7033.91724
167.415054 7038.0188
161.884397 7042.11914
189.68842 7046.21948
177.802883 7050.31921
189.193394 7054.41895
169.831325 7058.51746
168.892864 7062.61536
132.143875 7066.71265
168.373894 7070.81055
210.033215 7074.90662
171.803353 7079.0033
159.94622 7083.09814
168.882992 7087.19299
182.23441 7091.28784
179.785809 7095.38147
124.797161 7099.4751
202.492861 7103.5675
194.671371 7107.66052
129.162797 7111.75171
176.835968 7115.8429
126.222035 7119.93347
130.153482 7124.02405
141.601017 7128.11401
126.187352 7132.20276
169.916233 7136.2915
167.409592 7140.37964
153.464172 7144.46777
152.021328 7148.55408
134.13307 7152.64099
178.766716 7156.72668
134.678993 7160.81177
173.313293 7164.89746
179.302246 7168.98132
135.600986 7173.06519
152.509091 7177.14844
142.08697 7181.23108
137.6259 7185.31372
160.947491 7189.39514
139.107533 7193.47595
217.004364 7197.55676
152.498917 7201.63696
142.069349 7205.71716
157.002846 7209.79614
170.487641 7213.87451
105.894562 7217.95227
135.620287 7222.02942
86.038866 7226.10718
163.420688 7230.18311
101.439438 7234.25903
146.032079 7238.33374
123.28894 7242.40906
160.982597 7246.48376
142.116768 7250.55725
133.196793 7254.63013
127.271847 7258.703
182.330292 7262.77466
94.96562 7266.84631
128.228752 7270.91797
135.632711 7274.98779
134.686745 7279.05823
135.585354 7283.12805
115.775788 7287.19666
125.749516 7291.26526
132.190021 7295.33264
134.637413 7299.40063
108.854749 7303.4668
143.625019 7307.53357
140.647759 7311.59851
117.327721 7315.66406
141.63179 7319.729
124.20988 7323.79272
121.757077 7327.85645
161.958897 7331.91895
89.519565 7335.98206
128.757618 7340.04333
137.663719 7344.10522
129.692839 7348.16528
123.735092 7352.22656
126.724015 7356.28662
89.539909 7360.34546
48.358967 7364.4043
105.903414 7368.46252
157.499874 7372.52014
149.610504 7376.57715
117.302212 7380.63354
134.659729 7384.68933
139.628433 7388.74512
189.74569 7392.80029
146.030861 7396.85486
138.627022 7400.90881
130.71312 7404.96216
161.455257 7409.0155
148.553257 7413.06702
119.806175 7417.11914
104.934921 7421.17004
142.607502 7425.22095
180.844032 7429.27124
174.392662 7433.32031
124.705401 7437.37
137.138344 7441.41785
120.776401 7445.46631
86.568639 7449.51355
109.37311 7453.56079
121.771444 7457.6062
110.404415 7461.65283
125.749924 7465.69824
118.300255 7469.74243
129.711109 7473.78723
140.115986 7477.8302
122.709532 7481.87378
115.31111 7485.91614
144.642673 7489.9585
141.655655 7493.99963
94.481061 7498.04077
140.168762 7502.0813
120.78939 7506.12122
125.275821 7510.16052
136.674874 7514.19922
106.900994 7518.23792
108.40361 7522.27478
114.857002 7526.31226
93.544621 7530.34851
104.971226 7534.38477
121.278782 7538.42102
127.788898 7542.45544
114.336106 7546.48987
121.321598 7550.52368
109.368812 7554.5575
59.272481 7558.59009
97.001633 7562.62268
157.03717 7566.65405
101.990161 7570.68542
108.915795 7574.7168
83.606102 7578.74634
92.538571 7582.77588
59.777525 7586.8042
88.598077 7590.83374
103.981812 7594.86084
88.579697 7598.88916
126.744004 7602.91504
99.996665 7606.94214
136.18613 7610.96802
107.933231 7614.99268
60.76525 7619.01733
90.554241 7623.04199
108.903778 7627.06543
80.612076 7631.08826
115.375835 7635.11108
107.414814 7639.13208
96.001869 7643.15369
55.800939 7647.17529
102.461849 7651.19568
124.78564 7655.21545
194.093392 7659.23462
265.365288 7663.25317
248.531605 7667.27112
187.690815 7671.28845
151.47431 7675.30518
178.792183 7679.32251
153.502537 7683.33862
147.06435 7687.35413
219.467445 7691.36841
225.25119 7695.38269
206.460716 7699.39636
199.626518 7703.41003
185.717682 7707.42249
163.974807 7711.43433
152.032623 7715.44617
149.549118 7719.4574
125.774014 7723.46802
98.45781 7727.47803
65.716356 7731.48682
88.575565 7735.49622
94.002561 7739.50439
128.272953 7743.51196
104.449524 7747.51892
61.301666 7751.52588
72.197582 7755.53162
94.994177 7759.53735
55.319856 7763.54309
77.15443 7767.54639
69.218189 7771.5509
6.184356 7775.5542
44.413741 7779.5575
49.362899 7783.55896
53.829697 7787.56104
71.702907 7791.56189
110.398586 7795.56274
14.622194 7799.56299
50.38934 7803.56201
89.093525 7807.56165
49.868067 7811.56006
91.041099 7815.55786
48.8578 7819.55505
83.618054 7823.55225
100.482582 7827.54761
27.519895 7831.54358
74.668965 7835.53894
69.230873 7839.53369
71.707127 7843.52783
49.385782 7847.52075
97.504024 7851.51367
54.327261 7855.50598
61.781236 7859.49768
64.752792 7863.48877
76.163288 7867.47986
93.520908 7871.47034
77.651821 7875.45959
24.539117 7879.44885
60.291733 7883.4375
67.246271 7887.42493
78.671152 7891.41235
35.475025 7895.39917
73.210087 7899.38538
47.370998 7903.37158
71.238583 7907.35718
68.740422 7911.34094
36.462786 7915.32532
79.645798 7919.30847
66.751433 7923.29224
76.661457 7927.27417
67.743404 7931.2561
33.973106 7935.23682
27.041394 7939.21753
61.767731 7943.19824
26.050265 7947.17773
88.060665 7951.15723
34.474376 7955.1355
65.719654 7959.11377
43.89925 7963.09082
88.110191 7967.06787
79.1658 7971.0437
97.036731 7975.01953
129.272984 7978.99536
138.2081 7982.96936
75.702398 7986.94397
86.104633 7990.91736
44.906071 7994.89014
80.605463 7998.8623
91.552319 8002.83447
52.347351 8006.80542
71.689518 8010.77637
60.299864 8014.7467
63.7682 8018.71643
83.146588 8022.68555
62.776488 8026.65405
84.598214 8030.62256
37.952236 8034.58923
74.688564 8038.55652
73.714322 8042.52258
39.444416 8046.48804
45.903119 8050.4541
56.810558 8054.41833
63.76404 8058.38257
72.214746 8062.34619
41.433085 8066.30859
69.711457 8070.271
68.232767 8074.23279
108.967319 8078.19458
59.801661 8082.15515
16.113213 8086.11572
101.022112 8090.07507
43.420958 8094.03381
65.278009 8097.99194
63.779493 8101.95068
43.411217 8105.90759
99.040027 8109.8645
26.532294 8113.8208
76.199885 8117.77649
80.18457 8121.73157
87.611719 8125.68665
45.397688 8129.6405
85.622199 8133.59375
71.706392 8137.54639
68.257969 8141.49841
76.671505 8145.45105
33.987093 8149.40186
36.479096 8153.35266
94.043598 8157.30347
46.876542 8161.25244
100.480049 8165.20203
87.577919 8169.14978
240.13097 8173.09753
511.702778 8177.04468
731.218807 8180.99182
915.087753 8184.93774
1159.908842 8188.88367
1336.050331 8192.82898
1252.260071 8196.77307
1005.776081 8200.71716
768.878425 8204.66003
630.757225 8208.60291
517.97379 8212.54517
431.754975 8216.48743
341.025386 8220.42786
233.572663 8224.3689
176.711265 8228.30872
188.671391 8232.24792
125.249878 8236.18774
85.574112 8240.12512
104.43563 8244.06311
68.717862 8247.99988
67.729282 8251.93665
74.688564 8255.8728
85.597095 8259.80835
77.687952 8263.74329
51.845417 8267.67761
76.673951 8271.61194
67.256054 8275.54443
109.458874 8279.47754
45.908681 8283.40942
73.217021 8287.34131
116.365513 8291.27136
68.728123 8295.20264
96.005764 8299.13208
31.017179 8303.06152
42.421275 8306.99097
50.868805 8310.91797
40.931873 8314.84619
98.519803 8318.77319
83.654616 8322.7002
15.12009 8326.62537
52.358244 8330.55054
64.275284 8334.4751
66.240078 8338.39966
71.238583 8342.32361
50.385928 8346.24634
34.488635 8350.16907
53.821116 8354.09058
14.623302 8358.01208
2.214655 8361.93298
50.371025 8365.85327
53.357911 8369.77295
29.028453 8373.69202
46.410344 8377.61047
32.498506 8381.52832
60.79758 8385.44617
51.369244 8389.36218
30.518553 8393.27942
60.277914 8397.19421
19.591058 8401.11023
65.772876 8405.0238
36.476146 8408.9386
55.837556 8412.85217
74.23439 8416.76453
8.66692 8420.67749
31.511746 8424.58862
71.73254 8428.49976
56.806606 8432.41028
59.811252 8436.32019
57.816678 8440.22949
59.315368 8444.13879
50.864384 8448.04749
71.2204 8451.95496
54.353836 8455.86182
51.389118 8459.76807
41.956805 8463.67432
84.146553 8467.57996
57.823158 8471.48499
13.633946 8475.38879
5.68924 8479.2926
28.529635 8483.19641
44.913401 8487.09839
68.24932 8491.00098
4.200339 8494.90234
20.087868 8498.8031
27.537694 8502.70325
24.565171 8506.60339
54.843326 8510.50171
57.319311 8514.40125
11.156028 8518.29895
42.417127 8522.19604
19.591991 8526.09314
57.846666 8529.98901
40.452546 8533.8855
46.904188 8537.78015
28.036449 8541.6748
-12.185397 8545.56885
0.725594 8549.46228
-11.193494 8553.35571
19.598789 8557.24731
95.532543 8561.13953
27.543052 8565.03052
1.718382 8568.92151
41.435316 8572.81067
66.252766 8576.70105
65.271389 8580.5896
43.434675 8584.47754
54.348456 8588.36609
71.2339 8592.25281
70.237161 8596.13892
-4.239523 8600.02502
-11.685937 8603.91052
-1.260828 8607.79541
52.363109 8611.67969
69.746133 8615.56335
34.00104 8619.44702
56.814859 8623.32947
11.153566 8627.21069
51.84978 8631.09253
33.979232 8634.97314
76.194868 8638.85376
30.507862 8642.73315
5.691027 8646.61255
50.896838 8650.49072
47.41766 8654.3689
72.216572 8658.24707
27.54385 8662.1228
44.914785 8665.99915
20.592213 8669.87488
22.568733 8673.75061
50.379959 8677.62451
47.891043 8681.49841
37.969856 8685.3717
25.056959 8689.24438
88.142542 8693.11707
22.067754 8696.98853
-11.18675 8700.85938
32.504265 8704.72961
43.927743 8708.59985
50.376977 8712.46887
27.535368 8716.33789
65.273178 8720.20569
45.907769 8724.07349
65.279381 8727.94067
10.157351 8731.80725
-9.702197 8735.67322
-3.743801 8739.53796
-8.214367 8743.40332
67.247408 8747.26624
89.6023 8751.13037
45.404955 8754.99329
18.599807 8758.85559
52.368558 8762.71729
61.311386 8766.57898
45.419019 8770.44006
-8.710369 8774.29932
77.186546 8778.15918
12.64323 8782.01782
22.571593 8785.87585
50.871678 8789.73389
11.646441 8793.5907
10.655291 8797.44751
-7.713586 8801.3031
1.22231 8805.1593
73.219496 8809.01367
34.979944 8812.86804
14.130559 8816.7218
27.035596 8820.57434
37.475213 8824.42749
25.552395 8828.27942
40.445366 8832.13013
27.532115 8835.98145
29.529216 8839.83154
20.094666 8843.68042
15.127375 8847.53052
62.291392 8851.37817
20.581119 8855.22644
29.522471 8859.07349
8.176472 8862.92053
7.677191 8866.76636
11.152382 8870.61157
22.07328 8874.4574
-0.764605 8878.30078
2.214081 8882.14539
79.18198 8885.98816
-17.15316 8889.83093
24.052177 8893.67249
77.213989 8897.51465
45.437795 8901.35498
46.906439 8905.19531
49.885748 8909.03503
51.853706 8912.87415
73.208853 8916.71326
27.046333 8920.55054
15.622841 8924.38843
42.913714 8928.2251
25.554988 8932.06116
-4.239991 8935.89661
32.012211 8939.73206
26.046742 8943.56628
48.394663 8947.3999
32.498781 8951.23352
16.120289 8955.06592
12.645771 8958.89832
18.105705 8962.72949
7.677651 8966.56067
17.113758 8970.39063
35.003651 8974.22058
-0.267786 8978.04993
13.638059 8981.87866
41.44148 8985.70618
5.690584 8989.53369
-12.185875 8993.36121
59.328551 8997.18689
36.977517 9001.01257
29.023552 9004.83704
7.180849 9008.66211
17.603897 9012.48596
16.116886 9016.3092
-1.260719 9020.13184
61.782659 9023.95386
49.878583 9027.77588
-9.69982 9031.59668
34.991338 9035.41687
63.755999 9039.23645
15.624823 9043.05603
33.988982 9046.875
3.20666 9050.69275
73.698154 9054.5105
43.43073 9058.32642
57.828182 9062.14294
87.647727 9065.95825
2.710633 9069.77417
37.466651 9073.58826
43.931328 9077.40234
58.826571 9081.21582
48.902873 9085.02869
55.363465 9088.84033
26.053046 9092.65198
-14.173836 9096.46301
63.784611 9100.27344
14.624028 9104.08325
63.289568 9107.89246
45.915923 9111.70105
50.882136 9115.50903
49.880689 9119.31641
25.549508 9123.12317
23.565376 9126.92932
11.156215 9130.73547
1.718005 9134.53979
8.671608 9138.34473
39.452736 9142.14783
-1.75741 9145.95154
54.361655 9149.75464
88.106472 9153.55652
-25.090099 9157.3584
39.954995 9161.15845
35.981472 9164.95972
46.403932 9168.75854
49.3862 9172.55859
29.524104 9176.3562
40.446731 9180.15503
43.425123 9183.95203
-7.220363 9187.74902
12.642193 9191.5448
-18.641138 9195.34058
31.008534 9199.13574
19.106144 9202.92969
16.614553 9206.72363
-3.247936 9210.51636
8.669624 9214.30969
36.97859 9218.10181
53.392605 9221.89331
36.478444 9225.6842
64.784614 9229.47388
22.571154 9233.26416
37.969028 9237.05261
53.356557 9240.84106
61.317619 9244.62891
23.564372 9248.41675
52.85907 9252.20337
35.982215 9255.98938
20.089734 9259.77478
41.948744 9263.55957
27.043817 9267.34436
25.550452 9271.12732
29.519984 9274.91089
10.660435 9278.69324
42.449394 9282.47559
-16.655769 9286.25671
63.275814 9290.03723
47.883641 9293.81775
30.019087 9297.59705
-18.140366 9301.37634
12.147309 9305.15381
17.113621 9308.9325
-6.22472 9312.70935
21.083278 9316.4856
-5.729683 9320.26123
15.128395 9324.03687
38.457029 9327.8125
28.529261 9331.5863
14.133678 9335.36011
-3.246803 9339.13208
-20.630326 9342.90527
39.962032 9346.67664
-19.141529 9350.448
6.19006 9354.21814
48.890578 9357.98889
73.245773 9361.75842
-2.253791 9365.52673
16.616382 9369.29504
8.671536 9373.06274
16.113621 9376.83044
3.704676 9380.5957
27.047804 9384.36218
29.042237 9388.12744
12.149948 9391.89148
1.718655 9395.65613
62.339519 9399.41956
41.442746 9403.18237
29.025485 9406.94458
40.955879 9410.70557
30.012621 9414.46655
8.176964 9418.22693
7.184833 9421.98669
2.214385 9425.74646
55.366623 9429.50562
18.107853 9433.26294
28.032662 9437.02026
22.575409 9440.77698
25.060005 9444.53369
12.150745 9448.28918
-3.247383 9452.04468
5.193969 9455.79834
32.015467 9459.55261
32.500423 9463.30627
-22.605617 9467.05811
-0.764303 9470.81055
-0.764322 9474.56177
15.620861 9478.31238
12.645638 9482.06238
14.633675 9485.81238
33.004982 9489.56116
-26.093772 9493.30933
20.098251 9497.05811
-10.203094 9500.80505
-4.242108 9504.55139
46.422535 9508.29773
-11.19397 9512.04346
6.685463 9515.78735
43.440563 9519.53186
41.448141 9523.27515
3.210243 9527.01843
12.151806 9530.76172
18.110638 9534.50195
2.712837 9538.24341
1.222412 9541.98486
35.492426 9545.72449
38.965836 9549.4635
36.987728 9553.20251
26.048588 9556.94092
0.228824 9560.67871
-8.214641 9564.41589
13.14497 9568.15125
-4.737324 9571.88721
-35.523951 9575.62256
8.172534 9579.3573
-4.737266 9583.09021
44.925043 9586.82373
-19.137934 9590.55664
64.274064 9594.28955
35.493023 9598.02063
4.201134 9601.7511
9.168383 9605.48157
-12.682527 9609.21143
4.697611 9612.94128
5.195285 9616.66809
31.011935 9620.39612
3.208989 9624.12415
10.162384 9627.85095
58.832684 9631.57715
13.140823 9635.30151
16.623577 9639.02649
-4.240377 9642.75146
-13.679356 9646.47522
11.649073 9650.19714
12.1493 9653.92029
1.719315 9657.6416
15.127882 9661.36292
41.440429 9665.08423
35.484172 9668.80371
18.609314 9672.52319
24.055482 9676.24207
-13.181271 9679.96094
7.183239 9683.67737
12.147757 9687.39441
30.519069 9691.11084
-12.68433 9694.82666
-17.653457 9698.54248
-9.207885 9702.25586
2.712166 9705.96985
-23.107824 9709.68323
-1.757786 9713.39661
38.958717 9717.10754
-7.714881 9720.81909
25.059444 9724.53064
-15.166458 9728.24097
11.648012 9731.94946
59.813277 9735.65918
19.60112 9739.36768
16.116474 9743.07556
25.553312 9746.78284
15.626678 9750.48828
16.614566 9754.19495
-8.20986 9757.90039
-25.099355 9761.60522
22.572927 9765.30884
-13.176478 9769.01245
7.181242 9772.71606
-15.662864 9776.41846
7.18208 9780.12024
18.108181 9783.82019
38.956607 9787.52136
14.631815 9791.22131
-19.634046 9794.92065
55.372271 9798.61877
27.034819 9802.31689
-27.58491 9806.0144
19.597322 9809.71191
-17.157383 9813.4082
-39.504289 9817.10266
33.999309 9820.79773
-12.683066 9824.4928
-10.696757 9828.18604
69.752167 9831.87866
16.6185 9835.57129
-11.688727 9839.26331
17.614464 9842.95471
-48.938232 9846.64612
14.131547 9850.33569
37.480022 9854.02527
19.101927 9857.71362
7.182839 9861.40259
29.526717 9865.08911
-8.211173 9868.77625
12.145359 9872.46277
-58.869838 9876.14929
-15.167228 9879.83459
6.684866 9883.51807
-37.513631 9887.20215
37.463672 9890.88623
-12.185083 9894.56909
51.3785 9898.25012
-23.604426 9901.93115
-9.699574 9905.61279
-30.063572 9909.29321
1.222176 9912.97302
35.48761 9916.651
15.626678 9920.3302
4.201508 9924.00818
37.481434 9927.68494
16.117292 9931.36047
7.678046 9935.03723
5.196171 9938.71277
37.96651 9942.3877
8.672108 9946.0614
-13.678925 9949.7345
51.36534 9953.40759
23.565303 9957.08008
18.598729 9960.75195
-3.24694 9964.422
8.674392 9968.09265
0.228798 9971.7627
-0.76412 9975.43152
35.508297 9979.10095
4.202019 9982.76733
-23.59766 9986.43494
0.725337 9990.10193
18.604393 9993.76831
35.496943 9997.43286
11.652053 10001.09802
29.522857 10004.76257
-9.204844 10008.42651
32.013702 10012.08923
22.088062 10015.75134
25.561544 10019.41284
19.593809 10023.07434
26.050704 10026.73523
-13.679722 10030.39429
4.202019 10034.05334
-19.640438 10037.71179
20.091568 10041.37024
-21.122617 10045.02808
18.110638 10048.68408
-10.696442 10052.34009
6.684243 10055.99609
-21.624727 10059.65149
-11.686035 10063.30444
-27.093761 10066.95862
41.445121 10070.61218
25.548943 10074.26453
-0.764391 10077.91626
-4.736201 10081.56677
9.663836 10085.21729
5.690391 10088.8678
-26.090948 10092.51709
-34.03374 10096.16577
7.181719 10099.81384
-3.744365 10103.4613
18.107105 10107.10754
40.949288 10110.75439
-21.123686 10114.39941
22.079674 10118.04443
8.670652 10121.68884
-28.073936 10125.33325
-23.106128 10128.97522
17.107252 10132.6178
34.486728 10136.26038
-11.691574 10139.90112
32.016146 10143.54187
-5.234253 10147.1814
-28.577968 10150.82153
4.2024 10154.46045
14.130589 10158.09937
18.109544 10161.73523
16.615684 10165.3717
21.088591 10169.00879
46.415059 10172.64404
20.092285 10176.27991
25.56728 10179.91333
1.71933 10183.54675
2.214072 10187.18018
18.100678 10190.81299
46.913856 10194.44397
36.477073 10198.07495
-6.227516 10201.70593
-4.240597 10205.33691
12.149197 10208.96606
-32.055998 10212.5946
19.596462 10216.22253
27.050924 10219.85046
33.999445 10223.47778
54.879338 10227.10327
17.11723 10230.72876
23.566563 10234.35364
31.513482 10237.97852
-19.641941 10241.60278
5.694016 10245.22461
-13.676493 10248.84766
34.510853 10252.46948
7.180997 10256.09131
0.228825 10259.71069
-7.220289 10263.3313
-32.045955 10266.94946
22.571345 10270.56885
-20.132454 10274.18823
10.16375 10277.80396
-15.657175 10281.4209
27.547956 10285.03784
28.531323 10288.65479
1.718757 10292.26807
14.629942 10295.88135
30.531231 10299.49707
14.628706 10303.10913
31.531418 10306.72241
-16.162541 10310.33325
-8.212977 10313.94531
22.580193 10317.55493
10.656236 10321.16577
24.070743 10324.77417
47.430168 10328.38257
15.131477 10331.99097
-0.764236 10335.59937
26.555928 10339.20654
25.560186 10342.81128
-2.254364 10346.41724
1.718819 10350.02197
-7.221649 10353.62671
-9.20149 10357.229
-23.107886 10360.83252
-2.25515 10364.43481
3.208257 10368.03711
-19.632252 10371.6394
58.363591 10375.23804
24.072509 10378.83789
29.033725 10382.43774
-1.261307 10386.03638
-16.659016 10389.63257
27.542118 10393.2312
31.026123 10396.82861
