0.0 1883.01102
0.0 1887.64923
-0.0 1892.28699
-0.0 1896.92459
-0.0 1901.56158
-0.0 1906.19812
-0.0 1910.83435
-0.0 1915.47043
-0.0 1920.1059
0.0 1924.74091
0.0 1929.37561
-0.0 1934.01001
-0.0 1938.6441
-0.0 1943.27759
0.0 1947.91077
0.0 1952.54349
0.0 1957.17575
-0.0 1961.80786
0.0 1966.43951
0.0 1971.07071
0.0 1975.70145
-0.0 1980.33203
0.0 1984.96216
-0.0 1989.59167
-0.0 1994.22089
-0.0 1998.84979
-0.0 2003.47855
-0.0 2008.10654
0.0 2012.73422
0.0 2017.3616
-0.0 2021.98853
0.0 2026.61514
-0.0 2031.2413
-0.0 2035.867
-0.0 2040.4924
-0.0 2045.11734
-0.0 2049.74197
-0.0 2054.36615
-0.0 2058.99002
-0.0 2063.61343
-0.0 2068.23654
-0.0 2072.85919
-0.0 2077.48123
-0.0 2082.10327
-0.0 2086.72485
-0.0 2091.34583
0.0 2095.96649
0.0 2100.5867
-0.0 2105.20676
-0.0 2109.82635
-0.0 2114.44534
-0.0 2119.06403
-0.0 2123.6824
-0.0 2128.30048
-0.0 2132.91779
-0.0 2137.53494
-0.0 2142.15179
-0.0 2146.76819
-0.0 2151.38412
0.0 2155.9996
0.0 2160.61493
-0.0 2165.22949
0.0 2169.84406
-0.0 2174.45801
-0.0 2179.07166
-0.0 2183.68484
0.0 2188.29773
-0.0 2192.91031
-0.0 2197.52228
-0.0 2202.13379
-0.0 2206.745
-0.0 2211.35574
0.0 2215.96634
-0.0 2220.57648
-0.0 2225.186
-0.0 2229.79553
-0.0 2234.4043
-0.0 2239.01276
-0.0 2243.62076
-0.0 2248.22845
-0.0 2252.83569
0.0 2257.44278
-0.0 2262.0491
-0.0 2266.65512
-0.0 2271.26114
-0.0 2275.86639
-0.0 2280.47119
-0.0 2285.07568
-0.0 2289.67972
-0.0 2294.28345
-0.0 2298.88687
0.0 2303.48984
0.0 2308.09219
0.0 2312.6944
-0.0 2317.29614
-0.0 2321.89758
0.0 2326.49841
-0.0 2331.09894
-0.0 2335.69901
0.0 2340.29892
-0.0 2344.89822
-0.0 2349.49707
-0.0 2354.09561
-0.0 2358.69385
-0.0 2363.29163
-0.0 2367.88895
-0.0 2372.48581
-0.0 2377.08237
-0.0 2381.67847
-0.0 2386.27441
-0.0 2390.8696
-0.0 2395.46463
-0.0 2400.0592
-0.0 2404.65332
-0.0 2409.24698
-0.0 2413.84033
-0.0 2418.43338
0.0 2423.02597
0.0 2427.6181
-0.0 2432.20993
-0.0 2436.80115
-0.0 2441.39221
-0.0 2445.98282
-0.0 2450.57297
-0.0 2455.16266
-0.0 2459.75189
-0.0 2464.34082
-0.0 2468.92944
0.0 2473.51761
-0.0 2478.10516
-0.0 2482.69272
0.0 2487.27951
-0.0 2491.866
-0.0 2496.45218
-0.0 2501.0379
-0.0 2505.62317
-0.0 2510.20813
-0.0 2514.79279
-0.0 2519.37668
-0.0 2523.96057
-0.0 2528.54385
-0.0 2533.12683
0.0 2537.7092
-0.0 2542.29126
0.0 2546.87302
0.0 2551.45432
0.0 2556.035
-0.0 2560.61584
0.0 2565.19592
-0.0 2569.7757
-0.0 2574.35455
-0.0 2578.93372
-0.0 2583.51196
0.0 2588.0899
-0.0 2592.66754
-0.0 2597.24487
-0.0 2601.8219
0.0 2606.39832
-0.0 2610.97443
-0.0 2615.54993
-0.0 2620.12512
0.0 2624.69971
0.0 2629.27429
0.0 2633.84827
0.0 2638.42194
-0.0 2642.9953
-0.0 2647.56805
-0.0 2652.1405
-0.0 2656.71234
-0.0 2661.28387
-0.0 2665.8551
-0.0 2670.42572
0.0 2674.99573
0.0 2679.56604
0.0 2684.13574
-0.0 2688.70483
-0.0 2693.27362
-0.0 2697.8418
-0.0 2702.40936
-0.0 2706.97693
0.0 2711.54419
-0.0 2716.11053
0.0 2720.67688
0.0 2725.24292
0.0 2729.80835
-0.0 2734.37347
-0.0 2738.93799
-0.0 2743.5025
-0.0 2748.0661
-0.0 2752.62939
-0.0 2757.19238
-0.0 2761.75507
-0.0 2766.31714
-0.0 2770.87891
0.0 2775.44067
-0.0 2780.00122
-0.0 2784.56177
0.0 2789.12201
-0.0 2793.68164
-0.0 2798.24097
-0.0 2802.79968
-0.0 2807.3584
-0.0 2811.9162
0.0 2816.474
-0.0 2821.03149
-0.0 2825.58838
-0.0 2830.14465
-0.0 2834.70062
-0.0 2839.25629
0.0 2843.81134
-0.0 2848.36639
-0.0 2852.92053
-0.0 2857.47467
0.0 2862.0282
-0.0 2866.58142
-0.0 2871.13434
-0.0 2875.68634
-0.0 2880.23804
-0.0 2884.78973
-0.0 2889.34113
-0.0 2893.8913
-0.0 2898.44208
-0.0 2902.99164
0.0 2907.54089
-0.0 2912.08984
-0.0 2916.63879
-0.0 2921.18683
-0.0 2925.73456
-0.0 2930.28198
-0.0 2934.82849
-0.0 2939.37561
-0.0 2943.92151
-0.0 2948.46741
0.0 2953.01239
-0.0 2957.55737
-0.0 2962.10175
0.0 2966.64581
-0.0 2971.18958
-0.0 2975.73242
-0.0 2980.27557
-0.0 2984.81812
-0.0 2989.35974
-0.0 2993.90137
-0.0 2998.44238
-0.00163035323613 3002.9834
-0.0011064104864 3007.5235
-0.00520919952444 3012.0636
-0.00472170986615 3016.60278
-0.00310731146518 3021.14197
0.00706598719283 3025.68054
0.0057335036207 3030.21881
0.00172473595756 3034.75677
0.000562138812975 3039.29413
0.000567976771551 3043.83118
-0.00696694506667 3048.36761
-0.00426113611848 3052.90375
-3.10244920462e-05 3057.43958
-0.00481153741895 3061.9751
0.0029164655614 3066.5097
0.00228605898858 3071.04431
0.00195437026344 3075.578
0.000525063847981 3080.11169
-0.00705603960412 3084.64508
0.00208432745276 3089.17755
-0.00571960884814 3093.71063
-0.00588194035094 3098.24219
-0.0103511122807 3102.77374
-0.00828437942839 3107.30499
-0.00527262966825 3111.83563
-0.00378150833622 3116.36597
-0.00807617407576 3120.89569
-0.00634512899893 3125.42511
-0.00510034737061 3129.95422
-0.00917700257799 3134.48273
-0.000786924741482 3139.01093
-0.00229680681501 3143.53882
-0.00352747539767 3148.0658
-2.54486463914e-05 3152.59308
-0.00465183657031 3157.11975
-0.000264061409027 3161.64581
-0.0106200139318 3166.17126
-0.000486109922538 3170.69672
0.00111305255185 3175.22156
-0.00495144898322 3179.74579
-0.00267584939962 3184.27002
-0.00308562837615 3188.79333
-0.00349532662193 3193.31665
-0.00455526785009 3197.83936
0.000622720617962 3202.36176
-0.00667596074434 3206.88354
-0.00237930770387 3211.40503
0.00169049835061 3215.92651
-0.00516051795393 3220.44647
-0.00280291650599 3224.96704
-0.00643555943448 3229.48639
-0.000235326754557 3234.00604
0.00444799449448 3238.52509
0.00337568879281 3243.04352
0.00251849142045 3247.56165
-0.0008653856452 3252.07916
-0.00107094103099 3256.59668
-0.00419439642369 3261.11328
-0.000849472875263 3265.62988
-0.00125263230413 3270.14557
-0.00428967139079 3274.66156
0.00218896716351 3279.17664
0.00394759497379 3283.6911
0.00213425853965 3288.20557
-0.000792838539939 3292.71942
-0.000781510994766 3297.23297
-0.00245937843729 3301.74561
-1.90370985801e-05 3306.25854
0.00089085630664 3310.77026
0.000518753200778 3315.28229
0.00209629661372 3319.7937
0.0017165681858 3324.3045
-0.00121346960254 3328.815
-0.0038898381413 3333.32489
-0.00217487260691 3337.83478
-0.00132737562738 3342.34406
-0.00325484706375 3346.85303
-0.0049825102206 3351.36078
0.00125148312835 3355.86914
-0.004573007225 3360.37659
-0.00328584491188 3364.88342
-0.00727288107764 3369.39026
-0.000779979380447 3373.89648
-0.00258944229923 3378.4024
-0.00616201861594 3382.90771
-0.000311569465814 3387.41272
-0.00250574712181 3391.91681
-0.00117301698165 3396.4212
-0.00216088950596 3400.92468
-0.00383363522558 3405.42816
-0.00421006706873 3409.93103
-0.00112039660931 3414.43329
-0.00466883100546 3418.93555
-0.00475761234242 3423.43689
-0.000147922305704 3427.93793
0.000517523332209 3432.43866
0.000906945222234 3436.93878
0.00154871011977 3441.4389
0.00140400969314 3445.93842
0.00189888550149 3450.43732
-0.000769787790252 3454.93591
-0.00138500164567 3459.43359
0.000480511535779 3463.93158
-0.00135419969863 3468.42896
-0.00314999852071 3472.92542
-0.00108657961135 3477.42218
-0.00036664420525 3481.91803
-0.00118268348813 3486.41357
-0.000243962729278 3490.90881
0.000563261363951 3495.40314
-0.000239988700118 3499.89777
0.000554368556684 3504.39148
-0.0021465376376 3508.88489
-0.00146008242218 3513.37799
-0.00111594526658 3517.87048
-0.00154340136027 3522.36267
-0.002611916632 3526.85425
-0.00129715631532 3531.34552
-0.00319100320534 3535.83649
-0.000953146149428 3540.32684
0.000713231591924 3544.81659
0.00203225722773 3549.30634
9.05715435776e-05 3553.79517
-0.00200757969928 3558.2843
-0.00277654715932 3562.77222
-0.000889816407509 3567.26013
-0.000397169918649 3571.74774
0.000373725850533 3576.23444
-0.00162655997664 3580.72113
0.000932646051144 3585.20721
-0.000850824239619 3589.69299
0.00119440080571 3594.17786
0.000633093488408 3598.66302
-0.0041062434958 3603.14697
-0.00136090885939 3607.63123
-9.18747775541e-06 3612.11456
-9.0939326164e-06 3616.5976
-0.000795418343741 3621.08032
0.000769002584663 3625.56244
0.00118847221615 3630.04456
0.00168366810769 3634.52576
0.000577759763864 3639.00696
0.000406070391467 3643.48663
-0.000254777800833 3647.96722
0.00251012529414 3652.4469
0.00176209178422 3656.92596
0.00110787489979 3661.40472
0.00172903575732 3665.88287
0.00085273436538 3670.36102
0.000147134080601 3674.83826
0.00429201875462 3679.31549
0.0024289690656 3683.79181
0.000143305655405 3688.26843
0.000366778228128 3692.74384
0.00147735702225 3697.21924
0.00109710092884 3701.69403
0.00232906302229 3706.16821
0.00122415178956 3710.6427
0.00401359851403 3715.11566
0.0044079389797 3719.58923
0.00168937069611 3724.06158
0.00538628452313 3728.53424
0.00159262932108 3733.00568
0.00275163008775 3737.47711
0.00498335048052 3741.94794
0.00440091657044 3746.41846
0.00510319901345 3750.88898
0.00672376290983 3755.35828
0.00409267910873 3759.82758
0.00954573038729 3764.29596
0.00784262116131 3768.76465
0.00924432043225 3773.23242
0.00598176370368 3777.69989
0.00535856314734 3782.16675
0.00318482863367 3786.6333
0.00439413236096 3791.09985
-6.7864416124e-05 3795.56519
0.00352839994497 3800.03052
0.00102260544496 3804.49524
0.00263595872611 3808.95996
0.00273749767541 3813.42377
0.00224668190521 3817.88727
0.00329334968271 3822.35046
0.00573136526991 3826.81274
0.00564317386243 3831.27533
0.00717505807834 3835.73669
0.00541407091939 3840.19836
0.00830583880524 3844.65912
0.00718565997687 3849.11957
0.00772008848251 3853.57971
0.00763104004627 3858.03925
0.00872467303846 3862.49847
0.00791011926177 3866.95679
0.00643329554553 3871.41541
0.00752882023306 3875.87311
0.00928563603303 3880.33051
0.012912147564 3884.78729
0.0117289705331 3889.24408
0.0137415052181 3893.69995
0.0130042917913 3898.15552
0.0118866562263 3902.61078
0.0107727571739 3907.06543
0.0122328521529 3911.52008
0.0130885618417 3915.97351
0.0146500609165 3920.42725
0.0139800068362 3924.87976
0.013420967999 3929.33289
0.0131894339011 3933.78479
0.0117655111308 3938.23639
0.0131623627894 3942.68768
0.013473488436 3947.13837
0.017452419091 3951.58905
0.0169482910222 3956.03851
0.0166586440908 3960.48798
0.0174415654825 3964.93683
0.0176293890817 3969.38568
0.0171176126936 3973.83392
0.0151072039511 3978.28156
0.0139011488519 3982.72888
0.0131242174789 3987.1756
0.0152217353669 3991.62201
0.0161412958155 3996.06781
0.0180075157636 4000.51361
0.0170206139044 4004.95819
0.0194573991737 4009.40308
0.0162192318949 4013.84705
0.0160857929303 4018.29102
0.0193022819466 4022.73438
0.0182801802009 4027.17682
0.0196070368801 4031.61926
0.0211895477276 4036.0611
0.0251489353928 4040.50293
0.0316129107453 4044.94385
0.0363986642601 4049.38446
0.0397337444319 4053.82477
0.0385202743609 4058.26447
0.0364960829134 4062.70386
0.031407453508 4067.14233
0.0282632263376 4071.58081
0.0251700970847 4076.01868
0.0232062458424 4080.45624
0.0257616598479 4084.89319
0.0255438916669 4089.33014
0.02987926303 4093.76617
0.0303205125562 4098.2019
0.0364101587426 4102.63702
0.041402411122 4107.07184
0.04131515937 4111.50635
0.0405156906264 4115.94025
0.0418339143522 4120.37384
0.0408236033227 4124.80682
0.0405651549938 4129.23981
0.0424625838351 4133.67126
0.0408841680824 4138.10333
0.042959780659 4142.53479
0.0385209773762 4146.96533
0.0377352973669 4151.39587
0.0350502875168 4155.82581
0.0357071187655 4160.25543
0.0387839792407 4164.68414
0.045526645058 4169.11285
0.0452429856826 4173.54065
0.0503289263153 4177.96875
0.0493904185194 4182.39594
0.0506845993472 4186.82281
0.050182336681 4191.24908
0.0552137727266 4195.67505
0.0543239714027 4200.10071
0.0577391859423 4204.52545
0.057530964716 4208.9502
0.0618339630751 4213.37372
0.0629194321194 4217.79785
0.0659921552454 4222.22107
0.0685073644462 4226.64368
0.064951433062 4231.06628
0.0579917988515 4235.48798
0.0522134944239 4239.90967
0.0474290334086 4244.33044
0.0416526268235 4248.75092
0.0418878940808 4253.17078
0.036869710903 4257.59064
0.0398234303016 4262.00989
0.0385137649615 4266.42853
0.0392015670024 4270.84686
0.0351853240931 4275.26459
0.0334941963846 4279.68201
0.0307939212275 4284.09912
0.0321040433357 4288.51563
0.0330738839001 4292.93121
0.0316437483716 4297.34711
0.0316377845821 4301.76239
0.0318585849039 4306.17706
0.033259325056 4310.59113
0.0317823579371 4315.00488
0.0324875238962 4319.41833
0.0305660825833 4323.83087
0.031158345069 4328.24341
0.0301809467186 4332.65533
0.0307154450264 4337.06726
0.0306810700449 4341.47827
0.0336946153886 4345.88867
0.0412972266182 4350.29877
0.058727411647 4354.70825
0.0762284919315 4359.11804
0.0851692927202 4363.52661
0.0842391743096 4367.93518
0.0765624755275 4372.34283
0.0694302232577 4376.75049
0.0574229291062 4381.15723
0.0480289918539 4385.56396
0.0443939815 4389.9704
0.0445161726178 4394.37561
0.0420214955769 4398.78113
0.0421856981675 4403.18573
0.0417218749864 4407.59033
0.0424213069286 4411.99341
0.0421445950053 4416.39709
0.0388663303655 4420.79956
0.0408710235108 4425.20264
0.0409805714973 4429.6051
0.0382001461339 4434.00604
0.042277922089 4438.40759
0.0404877777578 4442.80762
0.0400175952625 4447.20825
0.0402045923687 4451.60767
0.0389114323233 4456.00739
0.0410482574468 4460.40558
0.0396204242862 4464.80438
0.0397470699138 4469.20258
0.0371919113322 4473.59955
0.0384298894445 4477.99713
0.0358354079845 4482.39319
0.0353070293497 4486.78955
0.0369594258237 4491.185
0.0372398316894 4495.58014
0.0360772825407 4499.97498
0.0358136330652 4504.36951
0.0370764219297 4508.76343
0.0378312363693 4513.15674
0.0388808700157 4517.54974
0.0405162039652 4521.94183
0.038849178589 4526.33392
0.0418642809475 4530.7251
0.0417955068917 4535.11688
0.0411112559467 4539.50684
0.0413491486425 4543.8974
0.0410145945698 4548.28735
0.0398603808785 4552.67639
0.0411572313686 4557.06543
0.0430771016357 4561.45325
0.0447494078015 4565.84137
0.0424619377399 4570.22858
0.0421519286274 4574.61578
0.0419171690472 4579.00208
0.0433180794004 4583.38867
0.043793930573 4587.77405
0.0432629793761 4592.15912
0.0453699035109 4596.54388
0.0424224134273 4600.92773
0.0440622542437 4605.31189
0.0439624227234 4609.69513
0.0442406121018 4614.07806
0.0393969376357 4618.46008
0.0397714570936 4622.84241
0.0386523425627 4627.22351
0.0402487310141 4631.60461
0.0400809437661 4635.98541
0.0383809610079 4640.3653
0.036570919362 4644.74518
0.0378700225344 4649.12384
0.0357545434476 4653.50281
0.0369284990506 4657.88086
0.0364650919502 4662.25891
0.0363283280384 4666.63605
0.0382946495293 4671.01318
0.0388400108889 4675.39001
0.0430260547483 4679.76563
0.044578037089 4684.14124
0.0440040950514 4688.51593
0.0461433966988 4692.89063
0.0458153329135 4697.2644
0.0454812610145 4701.63849
0.0468627935034 4706.01135
0.0466236727426 4710.38422
0.0466303219597 4714.75677
0.046042188916 4719.12811
0.0454169188867 4723.50006
0.0465632270706 4727.87048
0.0469841604249 4732.24121
0.0455874504989 4736.61072
0.0441210634734 4740.98053
0.0419103163556 4745.34943
0.0405054423279 4749.71802
0.0378877513741 4754.0863
0.0364136182458 4758.45367
0.0343243404221 4762.82104
0.0332017335537 4767.1875
0.0331197492547 4771.55426
0.0331436647316 4775.91949
0.0323343410862 4780.28503
0.0310145006039 4784.64966
0.0312110319846 4789.01428
0.0327619102097 4793.3786
0.0313332609334 4797.7417
0.0309444413593 4802.1051
0.0305455644664 4806.46698
0.030212444841 4810.82947
0.030307210652 4815.19073
0.0292871969118 4819.552
0.0305484651843 4823.91266
0.0291510748844 4828.27301
0.0303458033712 4832.63306
0.030267606881 4836.99188
0.0297704491595 4841.35101
0.0305816967267 4845.70923
0.0301567850834 4850.06744
0.0293008477966 4854.42413
0.0290616611733 4858.78174
0.0289418338508 4863.13782
0.0295723509924 4867.4939
0.0300045496229 4871.84998
0.0304585244289 4876.20453
0.0307845050541 4880.55939
0.0311348816256 4884.91333
0.0335216093812 4889.26727
0.0337638075831 4893.6203
0.03399110188 4897.97302
0.0325343600391 4902.32513
0.0328428076145 4906.67755
0.0326993590456 4911.02905
0.0337380376488 4915.37964
0.0337255445093 4919.73022
0.0339829807907 4924.0799
0.0344865176381 4928.42957
0.0359435761607 4932.77832
0.0373921097498 4937.12738
0.0390537034234 4941.47491
0.0395847492312 4945.82275
0.0373971011507 4950.17029
0.039014229252 4954.5166
0.0391538604343 4958.86292
0.0391377724052 4963.20831
0.0415549554788 4967.55402
0.042426201927 4971.8985
0.0471707920351 4976.24298
0.0526339646715 4980.58655
0.0567235776526 4984.93042
0.0595616439463 4989.27368
0.0599614414583 4993.61572
0.0592781006157 4997.95807
0.0577438858257 5002.29919
0.0547450979905 5006.64063
0.0510407984082 5010.98083
0.0482585498673 5015.32104
0.0444739580257 5019.66064
0.043904699607 5023.99994
0.0418098392612 5028.33893
0.0412906604676 5032.677
0.0390884248805 5037.01477
0.0408454461696 5041.35193
0.0414731563624 5045.68909
0.0407335532349 5050.02502
0.0395535667195 5054.36127
0.0392172449146 5058.69629
0.0415477885949 5063.03162
0.0395912709981 5067.36603
0.0398117689222 5071.69983
0.0386061987557 5076.03363
0.0389490739475 5080.36621
0.0380364854775 5084.6994
0.0367172668888 5089.03107
0.035328110627 5093.36304
0.0339413416989 5097.69379
0.0343036582525 5102.02484
0.0340198795915 5106.35529
0.0345135764592 5110.68481
0.0347197108517 5115.01434
0.0351123891081 5119.34265
0.0371871663915 5123.67126
0.0366998345592 5127.99927
0.0384015453994 5132.32605
0.0371690102981 5136.65344
0.0369901375625 5140.97961
0.037221988964 5145.30579
0.0386349559347 5149.63135
0.0402822021514 5153.95691
0.0415818390973 5158.28064
0.0439174767388 5162.60498
0.0416786954189 5166.92871
0.0431498444268 5171.25183
0.0436329766648 5175.57373
0.0432290249141 5179.89624
0.0433707087173 5184.21753
0.0441144238559 5188.53943
0.0440928370991 5192.86072
0.0438822159808 5197.18018
0.0423351160875 5201.50024
0.043487254277 5205.81909
0.0431529335292 5210.13855
0.0458879775666 5214.45679
0.0449850529747 5218.77502
0.046723093893 5223.09204
0.0461857035644 5227.40906
0.0481245220799 5231.72546
0.0479487748535 5236.04187
0.0462619432073 5240.35767
0.0450366142926 5244.67224
0.0436754502873 5248.98682
0.0419503034262 5253.30078
0.0408611275221 5257.61475
0.0406031843228 5261.92749
0.0388194641174 5266.24023
0.0388018369494 5270.55237
0.0389144588858 5274.86389
0.0395397430974 5279.17542
0.0392768042823 5283.48572
0.0384278561792 5287.79663
0.0399767822956 5292.10571
0.0413846981029 5296.41541
0.045743115475 5300.72388
0.0519924003506 5305.03235
0.0554746604345 5309.34082
0.0561379573397 5313.64746
0.0572963679348 5317.95532
0.0579253435088 5322.26135
0.0627900095923 5326.56738
0.066003336442 5330.8728
0.0748074061027 5335.17822
0.0946006747302 5339.48242
0.13469721444 5343.78662
0.1659925977 5348.09082
0.189598236836 5352.39319
0.209795839581 5356.69617
0.254322117704 5360.99792
0.302126168313 5365.29968
0.332292472224 5369.60083
0.341406901274 5373.90137
0.355356510567 5378.2019
0.365849556379 5382.50183
0.364517448322 5386.80115
0.358492096148 5391.09985
0.334738609338 5395.39795
0.307452677642 5399.69543
0.281275771473 5403.99292
0.248340764744 5408.28979
0.212908532002 5412.58606
0.175067111109 5416.88171
0.145904572631 5421.17737
0.124819701565 5425.47302
0.104199390233 5429.76685
0.0861152931514 5434.06128
0.075613541237 5438.35388
0.0689491382777 5442.64771
0.0655322464409 5446.9397
0.066380659439 5451.2323
0.0852904488801 5455.52307
0.122793791855 5459.81506
0.156091727243 5464.10583
0.163143241462 5468.39539
0.140181874318 5472.68555
0.130623874728 5476.97449
0.12486366901 5481.26282
0.112710761053 5485.55054
0.0905536255028 5489.83887
0.0719075941872 5494.12598
0.062100693499 5498.41309
0.0557594127859 5502.69958
0.0536440880147 5506.98486
0.0498551483203 5511.27075
0.0507321275192 5515.55481
0.0488268375715 5519.83948
0.0488048066732 5524.12292
0.0494513587311 5528.40698
0.0491388596789 5532.6886
0.049921658707 5536.97205
0.0492127218713 5541.25366
0.0512466991431 5545.53467
0.0513582593057 5549.81628
0.0529648750792 5554.09607
0.0513885807533 5558.37646
0.0502073895039 5562.65564
0.0502984864553 5566.93481
0.0505225778429 5571.21338
0.049479385702 5575.49133
0.0481881889147 5579.76929
0.0488249708745 5584.04602
0.0478179840949 5588.32275
0.0480517265633 5592.59888
0.0483920308395 5596.87439
0.0479927209883 5601.14929
0.0469385787842 5605.42419
0.0465878560353 5609.69788
0.0473687589087 5613.97156
0.0483537253057 5618.24524
0.0516283037481 5622.5177
0.0535999303342 5626.79016
0.0578876242105 5631.0614
0.0625774536887 5635.33264
0.0645311067324 5639.60327
0.0650285295869 5643.87329
0.0676868866716 5648.14331
0.068487196929 5652.41272
0.0724316565616 5656.68213
0.0764653320451 5660.94971
0.079741098274 5665.2179
0.0896673728119 5669.48425
0.101042625938 5673.75183
0.111070046138 5678.01819
0.127141078965 5682.28394
0.147425612863 5686.54846
0.172258644038 5690.81421
0.192223078052 5695.07874
0.197120623174 5699.34265
0.188466827135 5703.60596
0.178119517679 5707.86865
0.165400773813 5712.13074
0.153862663692 5716.39282
0.136696189747 5720.6543
0.117560866487 5724.91516
0.103215456893 5729.17603
0.0945728239124 5733.43567
0.0873584692036 5737.69531
0.0823999711387 5741.95435
0.0784227037441 5746.21277
0.0779759234438 5750.47119
0.0767646078679 5754.72839
0.0805834469996 5758.9856
0.0864149075922 5763.24158
0.0924740992971 5767.49817
0.0947126802578 5771.75293
0.0966645428435 5776.0083
0.0967429240527 5780.26306
0.0975391574548 5784.51721
0.101197555782 5788.77136
0.101146082098 5793.02429
0.0978049963254 5797.27661
0.0985208397001 5801.52832
0.0998960312098 5805.78064
0.100129319747 5810.03113
0.102027031311 5814.28223
0.10182459277 5818.53271
0.102033020134 5822.78198
0.104550477087 5827.03125
0.110681946096 5831.2793
0.114741037298 5835.52795
0.121865274035 5839.77539
0.128172731908 5844.02283
0.140572549474 5848.26965
0.153192096052 5852.51587
0.170222860117 5856.76208
0.188072487871 5861.00647
0.209163569638 5865.25208
0.230911325414 5869.49524
0.245526856095 5873.73962
0.25264021199 5877.98218
0.237354591164 5882.22534
0.208306533562 5886.46729
0.167257959341 5890.70984
0.136769007834 5894.95117
0.112261953581 5899.19128
0.0907217111684 5903.43201
0.0745107802618 5907.67151
0.0718560293264 5911.91101
0.0758533351704 5916.1499
0.0849843109539 5920.38818
0.100634575243 5924.62524
0.122334855094 5928.86292
0.13933416773 5933.10059
0.158070345491 5937.33582
0.178682708149 5941.57227
0.197639766319 5945.8075
0.211145306483 5950.04272
0.222975226707 5954.27673
0.234587518981 5958.51074
0.248498216223 5962.74353
0.261641403236 5966.97632
0.268903223426 5971.20911
0.276184683954 5975.44067
0.277271231078 5979.67224
0.284536981079 5983.9032
0.290912813924 5988.13354
0.294621237045 5992.36328
0.299092577487 5996.59241
0.2988703765 6000.82153
0.30208532762 6005.05005
0.297670609239 6009.27795
0.299332658209 6013.50525
0.299973519853 6017.73254
0.299983853876 6021.95862
0.293022859233 6026.18408
0.291912517815 6030.40955
0.287653956746 6034.6344
0.290186576706 6038.85925
0.281934396256 6043.0835
0.279135351535 6047.30652
0.271458150286 6051.52893
0.269719776539 6055.75195
0.267139137678 6059.97375
0.263034821735 6064.19495
0.259956986257 6068.41553
0.253367381956 6072.63672
0.250106432558 6076.85608
0.249980237352 6081.07605
0.249440074838 6085.2948
0.242579422756 6089.51294
0.240555740481 6093.73108
0.234863193744 6097.948
0.228944399768 6102.16553
0.225194806904 6106.38123
0.220749684492 6110.59753
0.219498242502 6114.81262
0.211973692913 6119.02832
0.210362646052 6123.24219
0.204966593223 6127.45605
0.201623743837 6131.66931
0.200445615718 6135.88196
0.195045781369 6140.0946
0.19798377927 6144.30664
0.19141226641 6148.51807
0.19735318471 6152.72827
0.198338647054 6156.93909
0.205183493604 6161.14929
0.211787289173 6165.35889
0.208623113046 6169.56787
0.20148559275 6173.77563
0.199858118124 6177.9834
0.193733166724 6182.19055
0.189096657843 6186.39832
0.184258332011 6190.60364
0.177950482218 6194.81018
0.173529357353 6199.01611
0.169067882708 6203.22083
0.16388357455 6207.42493
0.161133420938 6211.62842
0.159554719234 6215.83191
0.156215909069 6220.03418
0.154193309793 6224.23706
0.152651461076 6228.43872
0.151275424933 6232.64038
0.147655028836 6236.84143
0.14482342394 6241.04126
0.148522111939 6245.2417
0.143823623704 6249.44031
0.143862815124 6253.64014
0.145615766818 6257.83752
0.145648454282 6262.03552
0.145295489612 6266.2323
0.140859655969 6270.42969
0.138774751412 6274.62585
0.138439574729 6278.82141
0.136182927543 6283.01697
0.133344727332 6287.2113
0.133819319875 6291.40625
0.130567735105 6295.59998
0.127666180423 6299.79309
0.128038883406 6303.9856
0.128228843772 6308.1781
0.126267267903 6312.37
0.124270735743 6316.56067
0.122440019551 6320.75195
0.122060463066 6324.94202
0.121509499672 6329.13208
0.119829730758 6333.32092
0.118633908984 6337.50977
0.118562171958 6341.69739
0.115443991525 6345.88562
0.115325009912 6350.07263
0.117631765115 6354.25964
0.114090618138 6358.44543
0.114222295088 6362.63123
0.114242929739 6366.81641
0.117027164396 6371.00037
0.115246255132 6375.18494
0.113265589456 6379.36829
0.111014532397 6383.55164
0.113294109565 6387.73438
0.109228600943 6391.9165
0.109578473958 6396.09863
0.1124201452 6400.27893
0.106537877605 6404.45984
0.10716182063 6408.63953
0.108996340396 6412.81921
0.107638967685 6416.99829
0.108844191584 6421.17676
0.106546606659 6425.35461
0.109337589461 6429.53247
0.104034731392 6433.70972
0.10514257068 6437.88635
0.10466415712 6442.06177
0.105720554795 6446.23718
0.10412358914 6450.4126
0.102964521522 6454.58618
0.104385283596 6458.76099
0.104675301455 6462.93396
0.103372775651 6467.10693
0.102950374347 6471.27991
0.10206545876 6475.45166
0.104836274236 6479.62341
0.104215938009 6483.79333
0.100732772472 6487.96448
0.100537248913 6492.13379
0.0981474595639 6496.3031
0.0968279889407 6500.4718
0.0955980265509 6504.63989
0.0968400991174 6508.80859
0.093276897272 6512.97546
0.0938921950057 6517.14233
0.0931224736812 6521.30859
0.0904601249269 6525.47485
0.0904322281169 6529.63928
0.0906878148943 6533.80432
0.0936805257572 6537.96814
0.0935015314955 6542.13196
0.0948949164868 6546.29578
0.0968896644771 6550.45837
0.0981937789644 6554.62036
0.106720687671 6558.78174
0.105783901121 6562.94312
0.104805456722 6567.10327
0.103430645588 6571.26404
0.106333219426 6575.42358
0.106203093661 6579.58252
0.109107806094 6583.74084
0.105811748555 6587.89917
0.0986779163192 6592.05688
0.103272301153 6596.21338
0.101181708687 6600.37048
0.102034789037 6604.52637
0.10434883323 6608.68164
0.101439357165 6612.83691
0.0952081424616 6616.99158
0.0946060931527 6621.14502
0.0924168753112 6625.29846
0.0915343609935 6629.45129
0.0917670194606 6633.60413
0.0894544997969 6637.75635
0.0860838088718 6641.90674
0.0832048393863 6646.05835
0.0854352588896 6650.20813
0.0852398378064 6654.35791
0.0857446125548 6658.50769
0.0851661735781 6662.65625
0.0845195481557 6666.8042
0.0880192947938 6670.95215
0.0906995179556 6675.09949
0.091161410753 6679.24622
0.0903701081847 6683.39233
0.0904449247068 6687.53784
0.0911718545666 6691.68335
0.0925537319948 6695.82825
0.0949484658316 6699.97192
0.0945837313518 6704.1156
0.100221883719 6708.25867
0.0988096103541 6712.40173
0.0990809461274 6716.54358
0.0968642524337 6720.68481
0.10354632262 6724.82605
0.10124216037 6728.96667
0.0992876594213 6733.10669
0.0998878899992 6737.24609
0.101050601789 6741.38489
0.0982132437105 6745.52307
0.0942858485358 6749.66064
0.0936855246816 6753.79822
0.0886725563212 6757.93579
0.0915367385749 6762.07153
0.0904035155832 6766.20789
0.0894507845472 6770.34241
0.0868150811344 6774.47754
0.0853047506428 6778.61206
0.0869624844399 6782.74597
0.0844118626713 6786.87866
0.0839262888865 6791.01135
0.0808842829449 6795.14404
0.0814001683674 6799.27551
0.0786058558207 6803.40698
0.0749873156922 6807.53723
0.0732819119612 6811.66748
0.0724152600961 6815.79712
0.0713411877492 6819.92615
0.0684354167094 6824.05457
0.0695760739685 6828.18298
0.0687322909291 6832.31018
0.0694166864048 6836.43738
0.0695840262446 6840.56335
0.0677246971526 6844.68994
0.0651605433631 6848.81531
0.0678829523244 6852.93945
0.0631781921215 6857.06482
0.0621581836391 6861.18774
0.0615982166234 6865.31128
0.0601840987211 6869.43481
0.05759257926 6873.55713
0.0564292987943 6877.67883
0.0517297756935 6881.79932
0.0506125726249 6885.92041
0.0482016233442 6890.04089
0.0489372537262 6894.16016
0.0459786168311 6898.27881
0.0472300232676 6902.39868
0.0444173808191 6906.51611
0.0445197591029 6910.63354
0.0454578197286 6914.75098
0.0457261078175 6918.86719
0.0427771622896 6922.9834
0.0422196246682 6927.099
0.0420972854309 6931.2146
0.0430424667996 6935.32837
0.0428364180208 6939.44214
0.0412408156751 6943.55652
0.0428519054249 6947.66846
0.0419882621905 6951.78101
0.0429735596339 6955.89294
0.0411852859215 6960.00366
0.0432977421349 6964.11438
0.0406454675294 6968.2251
0.0402757954373 6972.33459
0.0406254651668 6976.44409
0.0407550569168 6980.55298
0.0363065236405 6984.66064
0.0378753451507 6988.76831
0.0409703299507 6992.87537
0.0383460277927 6996.98181
0.0368456814073 7001.08826
0.0386326752896 7005.19348
0.0374098937653 7009.2981
0.0383902665013 7013.40271
0.0356947561488 7017.50732
0.0358322351317 7021.61011
0.0365167060282 7025.7135
0.0366838635824 7029.81567
0.0345650382216 7033.91724
0.0358961238955 7038.0188
0.0351960159258 7042.11914
0.0365146858707 7046.21948
0.0349816710282 7050.31921
0.0345929454763 7054.41895
0.0319180195504 7058.51746
0.0339746412272 7062.61536
0.0332388727405 7066.71265
0.0335442303981 7070.81055
0.0338026205617 7074.90662
0.03349163849 7079.0033
0.0335107069105 7083.09814
0.032877555025 7087.19299
0.0332875045669 7091.28784
0.030853684888 7095.38147
0.032502950171 7099.4751
0.0304915600214 7103.5675
0.0304602607667 7107.66052
0.0328327193488 7111.75171
0.0317838858414 7115.8429
0.0300491361815 7119.93347
0.034654751624 7124.02405
0.0332570755736 7128.11401
0.0321928390464 7132.20276
0.0311942494736 7136.2915
0.0319039885474 7140.37964
0.030223824862 7144.46777
0.032256721646 7148.55408
0.0328611688094 7152.64099
0.0313293149396 7156.72668
0.0314652973104 7160.81177
0.0301411451153 7164.89746
0.0319100415842 7168.98132
0.0288231998971 7173.06519
0.0316893780451 7177.14844
0.0315163379097 7181.23108
0.0305531442914 7185.31372
0.0303764446273 7189.39514
0.030706379348 7193.47595
0.0294949380394 7197.55676
0.0291481889469 7201.63696
0.0313131858132 7205.71716
0.0301351596674 7209.79614
0.0310348731493 7213.87451
0.0335890453043 7217.95227
0.0311657907945 7222.02942
0.0320524472318 7226.10718
0.0287404783858 7230.18311
0.0284560453883 7234.25903
0.0300807438594 7238.33374
0.0305497004516 7242.40906
0.0313985932405 7246.48376
0.0303885132697 7250.55725
0.0301455968586 7254.63013
0.0274897169265 7258.703
0.0321507296991 7262.77466
0.0279340590381 7266.84631
0.029969556617 7270.91797
0.0281730883493 7274.98779
0.030551846298 7279.05823
0.0293126210769 7283.12805
0.0262376251981 7287.19666
0.0288811628106 7291.26526
0.0298546865529 7295.33264
0.0299404506802 7299.40063
0.0323404510311 7303.4668
0.0303861822494 7307.53357
0.0317905316917 7311.59851
0.0268874664742 7315.66406
0.03043909982 7319.729
0.0267173135324 7323.79272
0.0291190365707 7327.85645
0.0282894518218 7331.91895
0.029631000623 7335.98206
0.0284768395149 7340.04333
0.0316583945416 7344.10522
0.0311442619345 7348.16528
0.0296681055576 7352.22656
0.0303521226427 7356.28662
0.0275155526834 7360.34546
0.0288348723985 7364.4043
0.0307062854383 7368.46252
0.0294711181005 7372.52014
0.0320549253734 7376.57715
0.0290855686561 7380.63354
0.0302524463887 7384.68933
0.0277807835277 7388.74512
0.0300780429393 7392.80029
0.029373642671 7396.85486
0.0292348481932 7400.90881
0.0307735871173 7404.96216
0.0324036163944 7409.0155
0.0272772922069 7413.06702
0.0305189880827 7417.11914
0.0294589288302 7421.17004
0.0310418463967 7425.22095
0.0332753281172 7429.27124
0.0313417419442 7433.32031
0.0296436827382 7437.37
0.0303688709264 7441.41785
0.0294833316951 7445.46631
0.0303116615993 7449.51355
0.0257624499341 7453.56079
0.0333378188018 7457.6062
0.0267359640686 7461.65283
0.0280394603855 7465.69824
0.0262001728518 7469.74243
0.0324931289201 7473.78723
0.0283198580781 7477.8302
0.0289445290622 7481.87378
0.0289816694219 7485.91614
0.0277239239076 7489.9585
0.0335761264092 7493.99963
0.0317157073232 7498.04077
0.0295554073833 7502.0813
0.0306428372552 7506.12122
0.0278913592466 7510.16052
0.0304065893008 7514.19922
0.0333959215813 7518.23792
0.0314112415055 7522.27478
0.0304972517194 7526.31226
0.0312297789397 7530.34851
0.0304894680899 7534.38477
0.028062886127 7538.42102
0.0309617157275 7542.45544
0.0298385124655 7546.48987
0.0325074716031 7550.52368
0.0337786464467 7554.5575
0.0310230966012 7558.59009
0.0398628740029 7562.62268
0.0378991591712 7566.65405
0.0315784219628 7570.68542
0.0386328509818 7574.7168
0.0379105129368 7578.74634
0.0361716131805 7582.77588
0.0322776762784 7586.8042
0.0319913086973 7590.83374
0.0309750878738 7594.86084
0.0277634841722 7598.88916
0.0313702486956 7602.91504
0.0302986140322 7606.94214
0.0319385279822 7610.96802
0.0310456148841 7614.99268
0.0287499462759 7619.01733
0.0270633166136 7623.04199
0.0290044738909 7627.06543
0.0283693619368 7631.08826
0.0286985610993 7635.11108
0.0265282699605 7639.13208
0.027830481183 7643.15369
0.0284850948799 7647.17529
0.0291454946635 7651.19568
0.0281578941641 7655.21545
0.0310418306376 7659.23462
0.0385011861294 7663.25317
0.0474555063556 7667.27112
0.0474418938227 7671.28845
0.0440653248928 7675.30518
0.0418947826384 7679.32251
0.0419670042842 7683.33862
0.0402139104897 7687.35413
0.0354630534811 7691.36841
0.0372169264224 7695.38269
0.0347096765479 7699.39636
0.036930360083 7703.41003
0.0389331111153 7707.42249
0.0351157167068 7711.43433
0.0351394844995 7715.44617
0.0335194711091 7719.4574
0.0357973052576 7723.46802
0.0316829552777 7727.47803
0.0294458404399 7731.48682
0.0298370614969 7735.49622
0.0287847859079 7739.50439
0.0257748816145 7743.51196
0.0295793662726 7747.51892
0.0283795200192 7751.52588
0.0234516027644 7755.53162
0.0245548416086 7759.53735
0.0229159182355 7763.54309
0.027773416485 7767.54639
0.0302756978065 7771.5509
0.0243410906472 7775.5542
0.0258408779268 7779.5575
0.0217496603291 7783.55896
0.0271063147696 7787.56104
0.0226108022035 7791.56189
0.0244180329345 7795.56274
0.0227350317019 7799.56299
0.0257531952479 7803.56201
0.0284129753736 7807.56165
0.0247435267339 7811.56006
0.0235588737757 7815.55786
0.0300014611161 7819.55505
0.0285517662083 7823.55225
0.0272106073145 7827.54761
0.024481018975 7831.54358
0.0255503720289 7835.53894
0.0259327952126 7839.53369
0.0281059328332 7843.52783
0.0247495828426 7847.52075
0.0228951703293 7851.51367
0.025499359745 7855.50598
0.0296672052419 7859.49768
0.0158382975381 7863.48877
0.0217194135745 7867.47986
0.0215346919536 7871.47034
0.0222082777359 7875.45959
0.0214531919034 7879.44885
0.0219897647718 7883.4375
0.0173063514101 7887.42493
0.0207418927371 7891.41235
0.0230327529828 7895.39917
0.0251917554324 7899.38538
0.0170272036031 7903.37158
0.0228795842856 7907.35718
0.0213277947274 7911.34094
0.0222970006309 7915.32532
0.0207195661574 7919.30847
0.0230330827865 7923.29224
0.0238476108644 7927.27417
0.0287343707057 7931.2561
0.0233595650616 7935.23682
0.0252347422325 7939.21753
0.0260555488807 7943.19824
0.0223113966213 7947.17773
0.0225248891407 7951.15723
0.0221313341567 7955.1355
0.0191244920862 7959.11377
0.0205823359384 7963.09082
0.0169381736657 7967.06787
0.0218360873958 7971.0437
0.0197423370466 7975.01953
0.0251712690929 7978.99536
0.0251310982355 7982.96936
0.0209695649808 7986.94397
0.0207469288882 7990.91736
0.0214776234722 7994.89014
0.0233318930916 7998.8623
0.0226130802391 8002.83447
0.0205857384787 8006.80542
0.0190235347476 8010.77637
0.0213516557927 8014.7467
0.0244989145118 8018.71643
0.0206307226748 8022.68555
0.0182158756839 8026.65405
0.0189107293829 8030.62256
0.0176351942845 8034.58923
0.016851229922 8038.55652
0.0213583986384 8042.52258
0.0179347292897 8046.48804
0.020148402133 8050.4541
0.0263752908465 8054.41833
0.0177636030859 8058.38257
0.0211787553101 8062.34619
0.028146660824 8066.30859
0.0241933073156 8070.271
0.028850911116 8074.23279
0.0260687429164 8078.19458
0.0236099187774 8082.15515
0.0178745744486 8086.11572
0.0208840898607 8090.07507
0.022886353274 8094.03381
0.0209120826722 8097.99194
0.0278342071273 8101.95068
0.022181760935 8105.90759
0.02564863171 8109.8645
0.030380780372 8113.8208
0.0269551770391 8117.77649
0.021874374174 8121.73157
0.0260809094164 8125.68665
0.0265206032268 8129.6405
0.0247864419132 8133.59375
0.0326228288076 8137.54639
0.0366796641132 8141.49841
0.0280480323073 8145.45105
0.0352077938668 8149.40186
0.0341950721884 8153.35266
0.0364672190846 8157.30347
0.0418592144752 8161.25244
0.0555036409704 8165.20203
0.0572847603135 8169.14978
0.0859943541104 8173.09753
0.119273525015 8177.04468
0.187746517265 8180.99182
0.245302745444 8184.93774
0.303756264078 8188.88367
0.357198209474 8192.82898
0.393240389316 8196.77307
0.433809702073 8200.71716
0.457818903598 8204.66003
0.4653204468 8208.60291
0.44943084834 8212.54517
0.406229933331 8216.48743
0.374588735402 8220.42786
0.33857326308 8224.3689
0.309786398227 8228.30872
0.259337260033 8232.24792
0.211284873658 8236.18774
0.196134054199 8240.12512
0.163376234843 8244.06311
0.145186005598 8247.99988
0.124221527139 8251.93665
0.11717791654 8255.8728
0.104625530649 8259.80835
0.088912422275 8263.74329
0.0834953802531 8267.67761
0.0841923012011 8271.61194
0.0846721942297 8275.54443
0.0743777934882 8279.47754
0.0691805154429 8283.40942
0.0564223345781 8287.34131
0.0532007792222 8291.27136
0.0575089504341 8295.20264
0.0534289218722 8299.13208
0.0554454229869 8303.06152
0.0439556575292 8306.99097
0.0502241912958 8310.91797
0.0425039830434 8314.84619
0.0381566907429 8318.77319
0.0470792310537 8322.7002
0.0534877926053 8326.62537
0.0416147706655 8330.55054
0.0430884594864 8334.4751
0.0382603657807 8338.39966
0.0393029599724 8342.32361
0.0326561654633 8346.24634
0.0310323807419 8350.16907
0.0369450154392 8354.09058
0.0284076315755 8358.01208
0.0312238240166 8361.93298
0.0354114265668 8365.85327
0.03804841944 8369.77295
0.0211722468148 8373.69202
0.0212584722328 8377.61047
0.0302776515681 8381.52832
0.0283222038833 8385.44617
0.0265762314223 8389.36218
0.0308298818948 8393.27942
0.0392728034073 8397.19421
0.0326398158665 8401.11023
0.0282903192541 8405.0238
0.0264849953057 8408.9386
0.0281846653723 8412.85217
0.0275377487262 8416.76453
0.0271219759842 8420.67749
0.0243447537251 8424.58862
0.0288916949323 8428.49976
0.0265911360147 8432.41028
0.0195279040377 8436.32019
0.026273821337 8440.22949
0.027329338119 8444.13879
0.0192658328541 8448.04749
0.0222590948426 8451.95496
0.0265039894338 8455.86182
0.0205417282241 8459.76807
0.0280280752785 8463.67432
0.0254714966471 8467.57996
0.0295883435505 8471.48499
0.0230064012983 8475.38879
0.0243820250772 8479.2926
0.0197057099575 8483.19641
0.0197986488029 8487.09839
0.0234562879004 8491.00098
0.02611880784 8494.90234
0.0208361643832 8498.8031
0.0201534629542 8502.70325
0.01868661089 8506.60339
0.0182494509884 8510.50171
0.0230440320014 8514.40125
0.0226205673832 8518.29895
0.027468361632 8522.19604
0.0315530136439 8526.09314
0.0186388511371 8529.98901
0.0269834359128 8533.8855
0.0254641753591 8537.78015
0.0145175625802 8541.6748
0.0231851644431 8545.56885
0.0208129751362 8549.46228
0.0306094626262 8553.35571
0.0220006869494 8557.24731
0.0258638316889 8561.13953
0.0215647050241 8565.03052
0.0243585175801 8568.92151
0.0189409659342 8572.81067
0.020928378745 8576.70105
0.0157494208419 8580.5896
0.0260689893396 8584.47754
0.0219998353466 8588.36609
0.0223744854352 8592.25281
0.0258459049579 8596.13892
0.0183488180629 8600.02502
0.0147485499112 8603.91052
0.0225196860335 8607.79541
0.0137476349723 8611.67969
0.0138152003638 8615.56335
0.00982754573994 8619.44702
0.0218006894898 8623.32947
0.0137239742222 8627.21069
0.0170206388941 8631.09253
0.0235917751645 8634.97314
0.0186704079796 8638.85376
0.0142940178585 8642.73315
0.0146672532656 8646.61255
0.0174542494467 8650.49072
0.0136097569464 8654.3689
0.0246323924938 8658.24707
0.0189517339021 8662.1228
0.0132062062005 8665.99915
0.023466872872 8669.87488
0.0214119286878 8673.75061
0.0271318221304 8677.62451
0.029777051545 8681.49841
0.0132307541269 8685.3717
0.018378315619 8689.24438
0.0248587928204 8693.11707
0.0150644860121 8696.98853
0.0206429972028 8700.85938
0.0240159845913 8704.72961
0.0189386879823 8708.59985
0.0285830019137 8712.46887
0.0231399148977 8716.33789
0.0222831420914 8720.20569
0.0254309109138 8724.07349
0.0262614518382 8727.94067
0.0159203458821 8731.80725
0.0163646231302 8735.67322
0.0133800996035 8739.53796
0.0176213659908 8743.40332
0.010773745893 8747.26624
0.0217132453108 8751.13037
0.0200894761672 8754.99329
0.0248218008574 8758.85559
0.0203217473323 8762.71729
0.018986200024 8766.57898
0.011861154686 8770.44006
0.0194896575731 8774.29932
0.0170057015819 8778.15918
0.0239344621181 8782.01782
0.0185208446476 8785.87585
0.0141759704619 8789.73389
0.0156519069122 8793.5907
0.0182293510227 8797.44751
0.0109470153292 8801.3031
0.0142738532774 8805.1593
0.0080631245879 8809.01367
0.0184334694281 8812.86804
0.0240774586263 8816.7218
0.014514618577 8820.57434
0.021720147246 8824.42749
0.0203434960127 8828.27942
0.0162942926952 8832.13013
0.0163914387282 8835.98145
0.0149475339855 8839.83154
0.00807437656398 8843.68042
0.0108263211666 8847.53052
0.00619538015907 8851.37817
0.0116888685369 8855.22644
0.01133421522 8859.07349
0.0137279454061 8862.92053
0.0267752034257 8866.76636
0.0252844770725 8870.61157
0.0150592788671 8874.4574
0.0135250133828 8878.30078
0.0171866667358 8882.14539
0.024499597525 8885.98816
0.0225939075961 8889.83093
0.0157996489185 8893.67249
0.019130058847 8897.51465
0.0147076391885 8901.35498
0.0201073375905 8905.19531
0.00739131896494 8909.03503
0.0272811693951 8912.87415
0.0169947429544 8916.71326
0.00120850654662 8920.55054
0.0183511631071 8924.38843
0.0146346427119 8928.2251
0.015519152976 8932.06116
0.0256811607258 8935.89661
0.0168887791662 8939.73206
0.0182239980966 8943.56628
0.0110504537725 8947.3999
0.00681555829932 8951.23352
0.00900354222837 8955.06592
0.0168462385318 8958.89832
0.0143363374019 8962.72949
0.00171045802246 8966.56067
0.030849290593 8970.39063
0.011967137489 8974.22058
0.00264416794841 8978.04993
0.0157533383611 8981.87866
0.0185940649518 8985.70618
0.00728272552801 8989.53369
0.017010963471 8993.36121
0.00366660370674 8997.18689
-0.00144982494949 9001.01257
0.0163840580374 9004.83704
0.0254257547448 9008.66211
0.00469511463788 9012.48596
0.0132847158811 9016.3092
0.0200183968294 9020.13184
0.0234309439338 9023.95386
0.0273263411561 9027.77588
0.0172790055737 9031.59668
0.0201879086811 9035.41687
0.0105608903278 9039.23645
0.0206786379675 9043.05603
0.014406992464 9046.875
0.0206431825963 9050.69275
0.0210916740375 9054.5105
0.029193537588 9058.32642
0.0257823966783 9062.14294
0.0157015594719 9065.95825
0.0170793529183 9069.77417
0.00422030699204 9073.58826
0.0141166094585 9077.40234
0.0154575917593 9081.21582
0.0167731154688 9085.02869
0.01434783799 9088.84033
0.0202362168497 9092.65198
0.0104784855277 9096.46301
0.0081230334244 9100.27344
0.0174920614082 9104.08325
0.0155529735231 9107.89246
-0.00137151966931 9111.70105
0.010900663666 9115.50903
0.00386398417068 9119.31641
0.0197641190182 9123.12317
0.0260357917301 9126.92932
0.0161153424747 9130.73547
0.0223796122705 9134.53979
-0.00215356630976 9138.34473
0.0150953186948 9142.14783
0.000796832612455 9145.95154
0.00960277641641 9149.75464
-0.00423757576698 9153.55652
0.0137832283334 9157.3584
0.0179711149418 9161.15845
0.0213267030289 9164.95972
0.00163558862904 9168.75854
-0.00382584406585 9172.55859
0.0193016034732 9176.3562
0.0138755393611 9180.15503
0.0173144997868 9183.95203
0.0152815542991 9187.74902
0.0106770082986 9191.5448
0.0207157516098 9195.34058
0.0183204548484 9199.13574
0.00660033413905 9202.92969
0.0120836607557 9206.72363
0.0186521395684 9210.51636
0.0296041009152 9214.30969
0.0206887834256 9218.10181
0.0148128892376 9221.89331
-0.00395328470955 9225.6842
0.0222392583921 9229.47388
0.0125336687651 9233.26416
0.0193651426724 9237.05261
0.0325973976943 9240.84106
0.0141490030014 9244.62891
0.0138116459264 9248.41675
0.0112964899156 9252.20337
0.0212969806531 9255.98938
0.005492642437 9259.77478
0.00781092346685 9263.55957
0.0249701119886 9267.34436
0.0241327100085 9271.12732
0.00927567822503 9274.91089
0.0164748076616 9278.69324
0.00771298937434 9282.47559
0.0132554917438 9286.25671
-0.00374314606399 9290.03723
0.000557146387207 9293.81775
0.00119388527482 9297.59705
0.00503807727655 9301.37634
0.0141688224135 9305.15381
0.0367011549992 9308.9325
0.00460762010243 9312.70935
0.00808698482347 9316.4856
0.00131410521861 9320.26123
-0.00148640044246 9324.03687
0.00642337266903 9327.8125
-7.61146891936e-05 9331.5863
-0.0114395288968 9335.36011
-0.000857263076758 9339.13208
0.0254701889559 9342.90527
0.0212973034925 9346.67664
0.0321365884189 9350.448
0.0314452807191 9354.21814
-0.00553489306617 9357.98889
0.0177395947728 9361.75842
0.01352571263 9365.52673
0.0281602044571 9369.29504
0.0156122509795 9373.06274
0.00968097875238 9376.83044
-0.00350576495779 9380.5957
0.00456799899738 9384.36218
0.0387511746986 9388.12744
-0.011468613122 9391.89148
-0.0405767027491 9395.65613
-0.0149660778846 9399.41956
0.0221036198182 9403.18237
0.0127481461256 9406.94458
-0.0104706436513 9410.70557
-0.0213407650754 9414.46655
-0.0311584655826 9418.22693
-0.0413454463592 9421.98669
0.0030611384654 9425.74646
-0.0231494812726 9429.50562
-0.0268139576441 9433.26294
0.0082481256007 9437.02026
-0.0444181824049 9440.77698
-0.0498959083568 9444.53369
-0.0656978380915 9448.28918
-0.0486273378124 9452.04468
0.00675357692181 9455.79834
-0.0262083157278 9459.55261
-0.0227313883193 9463.30627
0.0102131637817 9467.05811
-0.0019062566749 9470.81055
-0.00362306908278 9474.56177
0.00325446709377 9478.31238
-0.0206644757891 9482.06238
0.00491499490941 9485.81238
0.00319621727014 9489.56116
0.00985717442402 9493.30933
-0.00348547061477 9497.05811
0.00639747546649 9500.80505
-0.0294350164214 9504.55139
0.0175212796934 9508.29773
0.0379948552824 9512.04346
-0.00488136145742 9515.78735
-0.00949321584243 9519.53186
0.0182914743813 9523.27515
0.0241705113806 9527.01843
-0.0453270270869 9530.76172
0.00282558524722 9534.50195
-0.0208143659083 9538.24341
0.0422382906828 9541.98486
0.0303077907674 9545.72449
-0.0188822156545 9549.4635
0.022750036711 9553.20251
-0.0286308527684 9556.94092
-0.00581323862957 9560.67871
-0.00578898402796 9564.41589
-0.0409396410675 9568.15125
-0.0352107912093 9571.88721
-0.030936504122 9575.62256
-0.00992545134019 9579.3573
0.00404492983111 9583.09021
0.0124224170932 9586.82373
0.0138278895288 9590.55664
0.00545145142363 9594.28955
-0.0155565662879 9598.02063
0.00266050504288 9601.7511
0.0321301519567 9605.48157
-0.0380952114442 9609.21143
0.0321542647881 9612.94128
0.0195135491746 9616.66809
0.0180986206626 9620.39612
-0.0282086063655 9624.12415
-0.0169678149757 9627.85095
-0.00434746488162 9631.57715
-0.053423647845 9635.30151
0.0362819453346 9639.02649
-0.00575901505161 9642.75146
0.0167237936165 9646.47522
0.0223975378798 9650.19714
-0.0241790451376 9653.92029
-0.018576026643 9657.6416
0.0481449801654 9661.36292
-0.0272338531995 9665.08423
-0.038732146746 9668.80371
0.0141575177285 9672.52319
-0.000147579814628 9676.24207
-0.0130537582528 9679.96094
0.0528789244518 9683.67737
0.0199264418276 9687.39441
-0.000147718005327 9691.11084
0.00845143661737 9694.82666
-0.00301288174063 9698.54248
-0.0144687552873 9702.25586
0.02703341443 9705.96985
0.00128332021437 9709.68323
-0.00443989168171 9713.39661
-0.0158972516752 9717.10754
-0.00588058560004 9720.81909
-0.00732795795484 9724.53064
-0.0361636572084 9728.24097
-0.0117117405484 9731.94946
0.065111763481 9735.65918
-0.0337279227186 9739.36768
-0.0162990189051 9743.07556
-0.0075367164893 9746.78284
-0.0269169799584 9750.48828
-0.0136214713244 9754.19495
-0.0287788867692 9757.90039
0.00439050124234 9761.60522
-0.0413606000507 9765.30884
0.0381833764583 9769.01245
-0.0171403999813 9772.71606
0.0742620546761 9776.41846
-0.0594969297127 9780.12024
-0.00172956798612 9783.82019
-0.0190736358103 9787.52136
-0.015993773498 9791.22131
-0.0383365052516 9794.92065
-0.0113425057762 9798.61877
-0.030645658417 9802.31689
-0.0598123623145 9806.0144
-0.00016672244395 9809.71191
-0.00504780826556 9813.4082
0.0292609272718 9817.10266
0.0146357292867 9820.79773
-0.034960256678 9824.4928
-0.0135124353675 9828.18604
-0.0136105444909 9831.87866
-0.0391110887234 9835.57129
0.0151675219612 9839.26331
0.0547714861765 9842.95471
0.0223236836657 9846.64612
0.0224893061194 9850.33569
0.0138703127556 9854.02527
0.0192696285824 9857.71362
-0.0197733806562 9861.40259
-0.00197675586716 9865.08911
-0.0164259167298 9868.77625
-0.0347197027338 9872.46277
-0.0294882017948 9876.14929
-0.0131141397889 9879.83459
-0.0523929645264 9883.51807
-0.0322040699123 9887.20215
-0.0420808067133 9890.88623
0.0228942944112 9894.56909
0.00174670260681 9898.25012
-0.0396114561373 9901.93115
-0.0241029255805 9905.61279
-0.0726534507671 9909.29321
-0.00426674862371 9912.97302
0.0222753281641 9916.651
-0.0393379547049 9920.3302
-0.0499294729759 9924.00818
-0.0106211618991 9927.68494
-0.0713606858899 9931.36047
-0.0275305402602 9935.03723
0.0335328804735 9938.71277
-0.0214231456213 9942.3877
-0.00234990946116 9946.0614
-0.0494982034504 9949.7345
-0.0389890904722 9953.40759
0.0235836010718 9957.08008
0.0367672694901 9960.75195
-0.101010953029 9964.422
-0.0288476007976 9968.09265
-0.0578032057647 9971.7627
-0.000229268975217 9975.43152
-0.00694591670243 9979.10095
0.0290307748621 9982.76733
0.063168117421 9986.43494
0.0202884220582 9990.10193
-0.0094262585246 9993.76831
0.0182790836179 9997.43286
-0.0189202100587 10001.09802
0.0280202996164 10004.76257
-0.0383208014788 10008.42651
0.0261893761915 10012.08923
-0.0196996700176 10015.75134
-0.0174712311007 10019.41284
-0.000256442950469 10023.07434
-0.136522700609 10026.73523
-0.0462187445816 10030.39429
-0.0235232865508 10034.05334
-0.0238024291037 10037.71179
-0.0478720855716 10041.37024
-0.0109579212612 10045.02808
-0.0191457256738 10048.68408
0.00243709939087 10052.34009
-0.107092589232 10055.99609
0.00522384424798 10059.65149
-0.0390720929525 10063.30444
-0.170373752629 10066.95862
-0.117981980544 10070.61218
-0.0763549531404 10074.26453
-0.0428016825092 10077.91626
0.0538894871399 10081.56677
-0.086617161914 10085.21729
0.0374101415435 10088.8678
-0.0648126036163 10092.51709
-0.0507117746743 10096.16577
-0.0183148749104 10099.81384
-0.00639408148161 10103.4613
-0.0342363085775 10107.10754
-0.144320552686 10110.75439
-0.0574653611996 10114.39941
-0.106645208666 10118.04443
-0.00033635287572 10121.68884
-0.1494094519 10125.33325
-0.0338704993156 10128.97522
-0.0207019577269 10132.6178
-0.0655289098104 10136.26038
-0.0592631364632 10139.90112
-0.00385718917156 10143.54187
-0.00389285694708 10147.1814
0.102865453685 10150.82153
0.0104159129146 10154.46045
-0.138481995937 10158.09937
-0.0150585756386 10161.73523
0.0404256803087 10165.3717
-0.131861368618 10169.00879
-0.0421787542089 10172.64404
-0.0657461919561 10176.27991
-0.0315007304412 10179.91333
-0.0750950009442 10183.54675
0.00356083377036 10187.18018
-0.100650069157 10190.81299
-0.125803215875 10194.44397
-0.0452446942316 10198.07495
0.155396109278 10201.70593
-0.0169540564451 10205.33691
-0.0961289292886 10208.96606
-0.0716197721215 10212.5946
-0.0383702096137 10216.22253
0.020784304832 10219.85046
-0.0132764259853 10223.47778
-0.0133930994496 10227.10327
-0.12255002147 10230.72876
-0.0312962167806 10234.35364
-0.107493146234 10237.97852
-0.249017483847 10241.60278
0.0498266170936 10245.22461
-0.0561161091228 10248.84766
-0.141511359303 10252.46948
-0.0623860369234 10256.09131
0.0284214104164 10259.71069
-0.151825919192 10263.3313
-0.123910601665 10266.94946
-0.110261295217 10270.56885
-0.111379637241 10274.18823
0.0452404518575 10277.80396
0.0405380502511 10281.4209
-0.0523708997454 10285.03784
-0.0528676717022 10288.65479
-0.0163920652349 10292.26807
-0.123307459192 10295.88135
0.074872884763 10299.49707
-0.0659323175249 10303.10913
-0.154813907016 10306.72241
0.132969026775 10310.33325
-0.0906978188532 10313.94531
0.056354198733 10317.55493
0.0224485745265 10321.16577
-0.123021707413 10324.77417
0.0465284178411 10328.38257
-0.0304089975182 10331.99097
-0.109087367185 10335.59937
-0.0615294469059 10339.20654
-0.216216834653 10342.81128
-0.0255335841289 10346.41724
-0.0321154458415 10350.02197
-0.121664799894 10353.62671
-0.0199957288464 10357.229
-0.0724565739501 10360.83252
-0.192427117294 10364.43481
-0.0341564131735 10368.03711
-0.0684811520686 10371.6394
-0.0487194882109 10375.23804
-0.188025895958 10378.83789
-0.147805889009 10382.43774
-0.0501396978173 10386.03638
-0.0717712163294 10389.63257
-0.0221352473584 10393.2312
0.0707346023026 10396.82861
