0.0 1883.01102
0.0 1887.64923
-0.0 1892.28699
-0.0 1896.92459
-0.0 1901.56158
-0.0 1906.19812
0.0 1910.83435
-0.0 1915.47043
0.0 1920.1059
0.0 1924.74091
-0.0 1929.37561
0.0 1934.01001
0.0 1938.6441
0.0 1943.27759
0.0 1947.91077
-0.0 1952.54349
0.0 1957.17575
0.0 1961.80786
-0.0 1966.43951
0.0 1971.07071
-0.0 1975.70145
0.0 1980.33203
0.0 1984.96216
0.0 1989.59167
0.0 1994.22089
-0.0 1998.84979
-0.0 2003.47855
-0.0 2008.10654
-0.0 2012.73422
0.0 2017.3616
-0.0 2021.98853
0.0 2026.61514
-0.0 2031.2413
0.0 2035.867
-0.0 2040.4924
-0.0 2045.11734
0.0 2049.74197
-0.0 2054.36615
0.0 2058.99002
-0.0 2063.61343
-0.0 2068.23654
-0.0 2072.85919
-0.0 2077.48123
0.0 2082.10327
-0.0 2086.72485
0.0 2091.34583
0.0 2095.96649
-0.0 2100.5867
-0.0 2105.20676
0.0 2109.82635
0.0 2114.44534
-0.0 2119.06403
0.0 2123.6824
-0.0 2128.30048
0.0 2132.91779
-0.0 2137.53494
-0.0 2142.15179
-0.0 2146.76819
-0.0 2151.38412
-0.0 2155.9996
0.0 2160.61493
-0.0 2165.22949
-0.0 2169.84406
-0.0 2174.45801
-0.0 2179.07166
-0.0 2183.68484
-0.0 2188.29773
-0.0 2192.91031
-0.0 2197.52228
-0.0 2202.13379
0.0 2206.745
-0.0 2211.35574
-0.0 2215.96634
0.0 2220.57648
0.0 2225.186
-0.0 2229.79553
-0.0 2234.4043
-0.0 2239.01276
-0.0 2243.62076
-0.0 2248.22845
-0.0 2252.83569
-0.0 2257.44278
-0.0 2262.0491
-0.0 2266.65512
-0.0 2271.26114
-0.0 2275.86639
-0.0 2280.47119
-0.0 2285.07568
0.0 2289.67972
-0.0 2294.28345
0.0 2298.88687
-0.0 2303.48984
0.0 2308.09219
-0.0 2312.6944
0.0 2317.29614
0.0 2321.89758
0.0 2326.49841
-0.0 2331.09894
-0.0 2335.69901
0.0 2340.29892
-0.0 2344.89822
-0.0 2349.49707
-0.0 2354.09561
0.0 2358.69385
-0.0 2363.29163
-0.0 2367.88895
-0.0 2372.48581
-0.0 2377.08237
-0.0 2381.67847
-0.0 2386.27441
-0.0 2390.8696
0.0 2395.46463
0.0 2400.0592
-0.0 2404.65332
-0.0 2409.24698
-0.0 2413.84033
0.0 2418.43338
-0.0 2423.02597
-0.0 2427.6181
-0.0 2432.20993
-0.0 2436.80115
-0.0 2441.39221
-0.0 2445.98282
-0.0 2450.57297
-0.0 2455.16266
0.0 2459.75189
-0.0 2464.34082
-0.0 2468.92944
-0.0 2473.51761
-0.0 2478.10516
0.0 2482.69272
0.0 2487.27951
0.0 2491.866
-0.0 2496.45218
-0.0 2501.0379
0.0 2505.62317
0.0 2510.20813
-0.0 2514.79279
-0.0 2519.37668
-0.0 2523.96057
0.0 2528.54385
-0.0 2533.12683
0.0 2537.7092
-0.0 2542.29126
-0.0 2546.87302
-0.0 2551.45432
0.0 2556.035
-0.0 2560.61584
0.0 2565.19592
-0.0 2569.7757
-0.0 2574.35455
-0.0 2578.93372
0.0 2583.51196
-0.0 2588.0899
-0.0 2592.66754
-0.0 2597.24487
0.0 2601.8219
-0.0 2606.39832
-0.0 2610.97443
-0.0 2615.54993
-0.0 2620.12512
-0.0 2624.69971
-0.0 2629.27429
0.0 2633.84827
-0.0 2638.42194
0.0 2642.9953
-0.0 2647.56805
0.0 2652.1405
-0.0 2656.71234
0.0 2661.28387
-0.0 2665.8551
-0.0 2670.42572
-0.0 2674.99573
-0.0 2679.56604
-0.0 2684.13574
-0.0 2688.70483
0.0 2693.27362
-0.0 2697.8418
-0.0 2702.40936
-0.0 2706.97693
-0.0 2711.54419
-0.0 2716.11053
-0.0 2720.67688
-0.0 2725.24292
-0.0 2729.80835
-0.0 2734.37347
-0.0 2738.93799
-0.0 2743.5025
-0.0 2748.0661
-0.0 2752.62939
-0.0 2757.19238
-0.0 2761.75507
0.0 2766.31714
-0.0 2770.87891
0.0 2775.44067
-0.0 2780.00122
-0.0 2784.56177
0.0 2789.12201
-0.0 2793.68164
-0.0 2798.24097
0.0 2802.79968
-0.0 2807.3584
0.0 2811.9162
-0.0 2816.474
-0.0 2821.03149
-0.0 2825.58838
-0.0 2830.14465
-0.0 2834.70062
0.0 2839.25629
-0.0 2843.81134
-0.0 2848.36639
-0.0 2852.92053
-0.0 2857.47467
-0.0 2862.0282
-0.0 2866.58142
-0.0 2871.13434
0.0 2875.68634
0.0 2880.23804
0.0 2884.78973
-0.0 2889.34113
0.0 2893.8913
0.0 2898.44208
0.0 2902.99164
0.0 2907.54089
-0.0 2912.08984
0.0 2916.63879
-0.0 2921.18683
0.0 2925.73456
-0.0 2930.28198
-0.0 2934.82849
-0.0 2939.37561
-0.0 2943.92151
-0.0 2948.46741
0.0 2953.01239
-0.0 2957.55737
-0.0 2962.10175
-0.0 2966.64581
-0.0 2971.18958
-0.0 2975.73242
-0.0 2980.27557
-0.0 2984.81812
-0.0 2989.35974
-0.0 2993.90137
-0.0 2998.44238
-0.00845669527587 3002.9834
-0.00610726577102 3007.5235
-0.00590116079617 3012.0636
-0.00569842881992 3016.60278
-0.00325746544044 3021.14197
-0.00785296188473 3025.68054
-0.00854976286971 3030.21881
-0.00721105335215 3034.75677
-0.00315356783025 3039.29413
-0.004684242022 3043.83118
-0.00320755894097 3048.36761
0.00976805540807 3052.90375
0.00763368007452 3057.43958
-0.00676552950382 3061.9751
0.0036422725358 3066.5097
-0.00452959836162 3071.04431
-0.00954041922017 3075.578
-0.00405335251541 3080.11169
-0.00476733289827 3084.64508
-0.0046582186255 3089.17755
-0.0043052922367 3093.71063
-0.00398109940676 3098.24219
0.00587499792779 3102.77374
-0.00416273166209 3107.30499
-0.00190816482384 3111.83563
-0.00341494876953 3116.36597
-0.000160736155416 3120.89569
0.00488909477501 3125.42511
-0.00599801608377 3129.95422
0.000345581885471 3134.48273
0.00364052569326 3139.01093
-0.00192745227416 3143.53882
0.00833592425995 3148.0658
0.00305275343225 3152.59308
-0.00697548390703 3157.11975
-0.00206866419684 3161.64581
0.00337711893938 3166.17126
-0.00269099876004 3170.69672
-0.0069693273085 3175.22156
-0.00529580410206 3179.74579
0.00383588132763 3184.27002
0.00160971516098 3188.79333
-0.00621813066586 3193.31665
-0.00877600494436 3197.83936
-0.00659076693266 3202.36176
-0.00421437779022 3206.88354
0.00157672662099 3211.40503
-0.00592114692516 3215.92651
-0.000136819808452 3220.44647
0.00242894586839 3224.96704
-0.00248734490555 3229.48639
-0.00504601133835 3234.00604
0.00284430660211 3238.52509
0.00262494081146 3243.04352
-0.000558905210995 3247.56165
-0.00498794042593 3252.07916
0.0021736391647 3256.59668
-0.00660301757765 3261.11328
-0.00779824118633 3265.62988
-0.00300524901866 3270.14557
0.000885918809209 3274.66156
7.24538597713e-05 3279.17664
0.00364288617399 3283.6911
0.00339974503689 3288.20557
0.00431841022081 3292.71942
0.00235354052535 3297.23297
-0.00124601675255 3301.74561
-0.00659108887315 3306.25854
-0.00521371835203 3310.77026
-0.00172655205087 3315.28229
-0.000112686345154 3319.7937
-0.00392934890677 3324.3045
-0.00198864353369 3328.815
-0.000444199991048 3333.32489
-0.00193187447126 3337.83478
-0.0033818954264 3342.34406
-0.0064206161286 3346.85303
-0.00218413825353 3351.36078
0.0021170958496 3355.86914
-0.000885686718333 3360.37659
0.00161213653547 3364.88342
-0.00272187630345 3369.39026
-0.00361464201497 3373.89648
-0.00373106070946 3378.4024
-0.0050422967167 3382.90771
-0.00543229027384 3387.41272
-0.00141203570421 3391.91681
-0.00269890464219 3396.4212
-0.00438523767978 3400.92468
-0.00207014469438 3405.42816
-0.003865309709 3409.93103
-0.0018861364397 3414.43329
-0.00145584312498 3418.93555
-0.00117026405808 3423.43689
0.000718827219822 3427.93793
0.000446301984218 3432.43866
0.00228239786886 3436.93878
0.00212957064677 3441.4389
-8.23968616781e-05 3445.93842
0.00272241849577 3450.43732
0.000675987727502 3454.93591
-0.000828130459761 3459.43359
0.000784247044909 3463.93158
4.39715422071e-05 3468.42896
0.00173150089526 3472.92542
0.0039785514678 3477.42218
0.00146002973312 3481.91803
-0.00171388406122 3486.41357
4.1830826985e-05 3490.90881
0.00544267085822 3495.40314
0.00209437393118 3499.89777
0.00626055410633 3504.39148
0.00228595996073 3508.88489
0.00915936430726 3513.37799
0.00268885457512 3517.87048
0.0118287509217 3522.36267
0.0113867965275 3526.85425
0.0137175296575 3531.34552
0.0126135045815 3535.83649
0.0125690174596 3540.32684
0.0111824051762 3544.81659
0.0104372685045 3549.30634
0.00860393781863 3553.79517
0.00850585363812 3558.2843
0.00664190150918 3562.77222
0.00852243748062 3567.26013
0.00930828747099 3571.74774
0.0118014117205 3576.23444
0.00866921023998 3580.72113
0.010003057581 3585.20721
0.0113127023822 3589.69299
0.0122280407235 3594.17786
0.0152211610532 3598.66302
0.0128201847836 3603.14697
0.0152034038664 3607.63123
0.0152296231194 3612.11456
0.0122673295041 3616.5976
0.0120533701206 3621.08032
0.0187083960615 3625.56244
0.0163913357391 3630.04456
0.020500861852 3634.52576
0.0196256550049 3639.00696
0.0256618791324 3643.48663
0.0310763490491 3647.96722
0.0321324970773 3652.4469
0.0335659530082 3656.92596
0.0369330155659 3661.40472
0.0355007232733 3665.88287
0.0371742062997 3670.36102
0.037447344287 3674.83826
0.0370386443225 3679.31549
0.0376124661658 3683.79181
0.0361019895369 3688.26843
0.03601707742 3692.74384
0.0352058199863 3697.21924
0.034698479162 3701.69403
0.0336970763292 3706.16821
0.0327110797197 3710.6427
0.0323756252397 3715.11566
0.0316230842288 3719.58923
0.0328274961134 3724.06158
0.0308377671086 3728.53424
0.0322985148294 3733.00568
0.0323081570907 3737.47711
0.0348018604288 3741.94794
0.0305824455611 3746.41846
0.0319842753564 3750.88898
0.0331582920586 3755.35828
0.0312484680271 3759.82758
0.0347093056895 3764.29596
0.0303748410572 3768.76465
0.0277509321426 3773.23242
0.0192466343029 3777.69989
0.014184729079 3782.16675
0.0144250463899 3786.6333
0.00874893036521 3791.09985
0.00861116456132 3795.56519
0.00708289303506 3800.03052
0.00570160246958 3804.49524
0.00811312388542 3808.95996
0.00621708328165 3813.42377
0.00665103920339 3817.88727
0.00737558281319 3822.35046
0.00657621486678 3826.81274
0.00868942388966 3831.27533
0.00974136796671 3835.73669
0.01118432015 3840.19836
0.0135813927029 3844.65912
0.0146511830057 3849.11957
0.0134571962479 3853.57971
0.0139621712989 3858.03925
0.0127880271499 3862.49847
0.0153071352428 3866.95679
0.0147586394792 3871.41541
0.0161011322696 3875.87311
0.0173300486685 3880.33051
0.0203702019809 3884.78729
0.0214797685242 3889.24408
0.0220956977697 3893.69995
0.0198188646823 3898.15552
0.0232727261171 3902.61078
0.0199182767977 3907.06543
0.0199973636317 3911.52008
0.0239273864514 3915.97351
0.0206479641516 3920.42725
0.0224620258494 3924.87976
0.0221123890632 3929.33289
0.0214409781879 3933.78479
0.0196923618932 3938.23639
0.0222047440667 3942.68768
0.0224509160343 3947.13837
0.0251107559956 3951.58905
0.0264211748447 3956.03851
0.0259611634196 3960.48798
0.0296062139705 3964.93683
0.0263661687589 3969.38568
0.0272785923861 3973.83392
0.0280228707778 3978.28156
0.028388609217 3982.72888
0.0264770384666 3987.1756
0.0296847310313 3991.62201
0.0305627372309 3996.06781
0.036560440203 4000.51361
0.0338766116066 4004.95819
0.0310994839716 4009.40308
0.0308849927182 4013.84705
0.0325963307009 4018.29102
0.0332156996608 4022.73438
0.0360567069309 4027.17682
0.0396065447441 4031.61926
0.0378012720566 4036.0611
0.0414925504476 4040.50293
0.0515409397914 4044.94385
0.0529510356187 4049.38446
0.0562374925729 4053.82477
0.0543600126388 4058.26447
0.0532004840334 4062.70386
0.0487557295148 4067.14233
0.0451243894265 4071.58081
0.0471801426205 4076.01868
0.0485755913573 4080.45624
0.0503230779989 4084.89319
0.0499444629799 4089.33014
0.0562212764898 4093.76617
0.0582991093407 4098.2019
0.0663293932736 4102.63702
0.0752066510591 4107.07184
0.0732990370688 4111.50635
0.0690447747727 4115.94025
0.0687687438908 4120.37384
0.069577604419 4124.80682
0.0712166590462 4129.23981
0.0760014551882 4133.67126
0.078039033356 4138.10333
0.0785302279996 4142.53479
0.0746859846522 4146.96533
0.0675952032017 4151.39587
0.0649778115635 4155.82581
0.0628010115643 4160.25543
0.0708798192512 4164.68414
0.0747531951329 4169.11285
0.0798880808031 4173.54065
0.0811775812872 4177.96875
0.0786192708535 4182.39594
0.0813729159444 4186.82281
0.0858123338055 4191.24908
0.0896492707325 4195.67505
0.0972641162751 4200.10071
0.0973023758097 4204.52545
0.0987096053031 4208.9502
0.103611189038 4213.37372
0.109659405651 4217.79785
0.113997829026 4222.22107
0.112753267942 4226.64368
0.105577269106 4231.06628
0.0952479469928 4235.48798
0.0854273341663 4239.90967
0.0816337924172 4244.33044
0.0752068898723 4248.75092
0.0711551940849 4253.17078
0.0662677647664 4257.59064
0.066382703378 4262.00989
0.0641691346601 4266.42853
0.0624741693551 4270.84686
0.061203429498 4275.26459
0.0585219828811 4279.68201
0.0569622251847 4284.09912
0.0571378999978 4288.51563
0.0532442899404 4292.93121
0.0566043703172 4297.34711
0.0556030591775 4301.76239
0.0550520860389 4306.17706
0.0584344268067 4310.59113
0.059995878674 4315.00488
0.0574046119523 4319.41833
0.0532070910039 4323.83087
0.0507404949183 4328.24341
0.0483674070352 4332.65533
0.0464192008679 4337.06726
0.0450372444055 4341.47827
0.0514654857872 4345.88867
0.0574239427134 4350.29877
0.0681392508573 4354.70825
0.081644843127 4359.11804
0.0860917967403 4363.52661
0.077409908129 4367.93518
0.0741948376954 4372.34283
0.0684592007933 4376.75049
0.0617807568146 4381.15723
0.0579939915103 4385.56396
0.0623427820144 4389.9704
0.0599886201274 4394.37561
0.0596904975398 4398.78113
0.0612089751357 4403.18573
0.0582024937735 4407.59033
0.0580860719697 4411.99341
0.0574496891436 4416.39709
0.0536675615413 4420.79956
0.05272016428 4425.20264
0.0510911405254 4429.6051
0.0493508257791 4434.00604
0.0479770464227 4438.40759
0.0501843557129 4442.80762
0.0545937953991 4447.20825
0.0563051861822 4451.60767
0.0576630162107 4456.00739
0.0554877938618 4460.40558
0.0538695863149 4464.80438
0.0539193976761 4469.20258
0.0534892872235 4473.59955
0.0539902692493 4477.99713
0.0540989549287 4482.39319
0.0538211889425 4486.78955
0.0548528856065 4491.185
0.0538579897988 4495.58014
0.0534599191669 4499.97498
0.0534042212789 4504.36951
0.0546920544944 4508.76343
0.055979225264 4513.15674
0.0594653215767 4517.54974
0.0616563567573 4521.94183
0.0627315405725 4526.33392
0.0602307533844 4530.7251
0.0612829579705 4535.11688
0.0631208483103 4539.50684
0.0617296524819 4543.8974
0.0601891812132 4548.28735
0.0630398728627 4552.67639
0.0672378214074 4557.06543
0.0684225637311 4561.45325
0.0685548506396 4565.84137
0.0684850606624 4570.22858
0.0673535626356 4574.61578
0.063932840421 4579.00208
0.0668371182885 4583.38867
0.0644752557374 4587.77405
0.0695772102578 4592.15912
0.0706222002088 4596.54388
0.06864737579 4600.92773
0.0722875494182 4605.31189
0.0743781600447 4609.69513
0.0764832279304 4614.07806
0.0807194995473 4618.46008
0.0726782555792 4622.84241
0.0734740882982 4627.22351
0.0730251239623 4631.60461
0.0715870063979 4635.98541
0.072380637699 4640.3653
0.0727475692008 4644.74518
0.0739691104889 4649.12384
0.0674907516009 4653.50281
0.0659861869038 4657.88086
0.0645177837933 4662.25891
0.0645356658773 4666.63605
0.0636376828898 4671.01318
0.0653245943597 4675.39001
0.0719152823955 4679.76563
0.0687828740302 4684.14124
0.068160524819 4688.51593
0.0655739922388 4692.89063
0.0669081160996 4697.2644
0.0616042726212 4701.63849
0.0601296821942 4706.01135
0.0583413249822 4710.38422
0.062787343306 4714.75677
0.0648483070191 4719.12811
0.0707718963333 4723.50006
0.0697966142939 4727.87048
0.0694220206665 4732.24121
0.0682246480517 4736.61072
0.0697727765091 4740.98053
0.0677748251535 4745.34943
0.0663282296185 4749.71802
0.065274055522 4754.0863
0.0655760056253 4758.45367
0.065556831553 4762.82104
0.0606656447686 4767.1875
0.0605887112071 4771.55426
0.0650511679142 4775.91949
0.0684865747679 4780.28503
0.0671814583417 4784.64966
0.0672954165653 4789.01428
0.068250823589 4793.3786
0.0653679613905 4797.7417
0.0649217261537 4802.1051
0.0673049931144 4806.46698
0.0629821866439 4810.82947
0.0625311242605 4815.19073
0.0622291002565 4819.552
0.062211810562 4823.91266
0.062904145254 4828.27301
0.0634757361034 4832.63306
0.062704501002 4836.99188
0.0616629029789 4841.35101
0.0591881146369 4845.70923
0.0591496773197 4850.06744
0.0543502436534 4854.42413
0.0551341767918 4858.78174
0.0528697911428 4863.13782
0.0539104347582 4867.4939
0.053653472805 4871.84998
0.0567367200183 4876.20453
0.0592028814355 4880.55939
0.0624973661084 4884.91333
0.0668487957099 4889.26727
0.0645536195668 4893.6203
0.0625569780372 4897.97302
0.0622347655924 4902.32513
0.0608771251435 4906.67755
0.058652257198 4911.02905
0.058906067308 4915.37964
0.0595865171818 4919.73022
0.061245318465 4924.0799
0.0617253731496 4928.42957
0.0609604419189 4932.77832
0.0637940711018 4937.12738
0.0658833300293 4941.47491
0.0638595891711 4945.82275
0.06139976982 4950.17029
0.0642183253333 4954.5166
0.066071551407 4958.86292
0.0637446264058 4963.20831
0.0602107745511 4967.55402
0.0607333944609 4971.8985
0.0631651600614 4976.24298
0.0645148769074 4980.58655
0.0621903911522 4984.93042
0.0613527798864 4989.27368
0.0608121181899 4993.61572
0.0648939122559 4997.95807
0.0641580780191 5002.29919
0.0627854664647 5006.64063
0.0592138830132 5010.98083
0.0593584310068 5015.32104
0.0629935920899 5019.66064
0.0666813478082 5023.99994
0.071391396716 5028.33893
0.0700206321058 5032.677
0.0751384962578 5037.01477
0.0810314685772 5041.35193
0.0858440853908 5045.68909
0.0852552674317 5050.02502
0.0762059013191 5054.36127
0.0787379465749 5058.69629
0.080987292168 5063.03162
0.0831670178792 5067.36603
0.0824328025397 5071.69983
0.0801453452225 5076.03363
0.0779049072127 5080.36621
0.0741002884023 5084.6994
0.0697565223937 5089.03107
0.0672138976495 5093.36304
0.0609281799998 5097.69379
0.0599873197439 5102.02484
0.060044987413 5106.35529
0.0638674222369 5110.68481
0.0660720577383 5115.01434
0.070117938999 5119.34265
0.0742312532671 5123.67126
0.0760258131134 5127.99927
0.0730710997544 5132.32605
0.0718758076689 5136.65344
0.0684778681203 5140.97961
0.0683083838696 5145.30579
0.0658811102251 5149.63135
0.0650580858815 5153.95691
0.0652721523721 5158.28064
0.0640928432056 5162.60498
0.0658854848746 5166.92871
0.0669066998674 5171.25183
0.0670746676489 5175.57373
0.0711014137631 5179.89624
0.0754575309609 5184.21753
0.0769236850734 5188.53943
0.0718040280488 5192.86072
0.0655660313772 5197.18018
0.0642917986504 5201.50024
0.0632729787568 5205.81909
0.062980645348 5210.13855
0.0648501805112 5214.45679
0.0659000663323 5218.77502
0.0684892061935 5223.09204
0.0683274850775 5227.40906
0.0692089722505 5231.72546
0.0668476163863 5236.04187
0.0670604237005 5240.35767
0.0620910471834 5244.67224
0.0594914063484 5248.98682
0.0593489647371 5253.30078
0.0595991514378 5257.61475
0.0624012031441 5261.92749
0.0618957984532 5266.24023
0.0600576425202 5270.55237
0.0599290024331 5274.86389
0.0631673138576 5279.17542
0.0642998093517 5283.48572
0.0645594673687 5287.79663
0.0642621023775 5292.10571
0.0675774013872 5296.41541
0.0757715085944 5300.72388
0.0879443089431 5305.03235
0.0872829618765 5309.34082
0.084338821003 5313.64746
0.0786094720843 5317.95532
0.0813472121258 5322.26135
0.0838094619801 5326.56738
0.0850330617214 5330.8728
0.0897743534827 5335.17822
0.101527307693 5339.48242
0.143250203346 5343.78662
0.200490197255 5348.09082
0.27081497051 5352.39319
0.321779770853 5356.69617
0.350305728711 5360.99792
0.346159577189 5365.29968
0.325224119361 5369.60083
0.31238500087 5373.90137
0.303717765332 5378.2019
0.284072899355 5382.50183
0.254380842364 5386.80115
0.224051821864 5391.09985
0.196306709952 5395.39795
0.176592457766 5399.69543
0.163136319059 5403.99292
0.147916356864 5408.28979
0.126435255579 5412.58606
0.112150713599 5416.88171
0.103692918875 5421.17737
0.100005896429 5425.47302
0.0897767668193 5429.76685
0.0785431363885 5434.06128
0.0732771235732 5438.35388
0.0725780591479 5442.64771
0.0761767478609 5446.9397
0.0770673201235 5451.2323
0.090515722807 5455.52307
0.105280166936 5459.81506
0.116702778566 5464.10583
0.111298805706 5468.39539
0.096204083391 5472.68555
0.0910375203439 5476.97449
0.0908048457258 5481.26282
0.0855714875213 5485.55054
0.0778438016897 5489.83887
0.0711851930928 5494.12598
0.0682022507265 5498.41309
0.0670096906257 5502.69958
0.0663450013166 5506.98486
0.0620923837981 5511.27075
0.0607852212712 5515.55481
0.0608974846133 5519.83948
0.0602823266072 5524.12292
0.0621980367816 5528.40698
0.0634665506933 5532.6886
0.0616532946647 5536.97205
0.0612402312515 5541.25366
0.0649256954503 5545.53467
0.0681698294994 5549.81628
0.0685707835023 5554.09607
0.0671937131781 5558.37646
0.068388178661 5562.65564
0.0712046322991 5566.93481
0.068531397729 5571.21338
0.0663871290738 5575.49133
0.0648169696779 5579.76929
0.0639251380761 5584.04602
0.0649932325471 5588.32275
0.0615492321225 5592.59888
0.0600124356114 5596.87439
0.060168646659 5601.14929
0.0617182487427 5605.42419
0.0627267851055 5609.69788
0.061545482253 5613.97156
0.0630670082899 5618.24524
0.065718811057 5622.5177
0.0726250862237 5626.79016
0.0782757142825 5631.0614
0.0863070731721 5635.33264
0.0876757815634 5639.60327
0.0888755017606 5643.87329
0.0889007159196 5648.14331
0.0895697411813 5652.41272
0.0870729278236 5656.68213
0.0864555699261 5660.94971
0.0825149334545 5665.2179
0.0814131140001 5669.48425
0.0907075810619 5673.75183
0.0964964786759 5678.01819
0.0990434846458 5682.28394
0.0906775845616 5686.54846
0.0891942221447 5690.81421
0.0883798139673 5695.07874
0.0876568976176 5699.34265
0.0827692838892 5703.60596
0.0809856699577 5707.86865
0.0812415288531 5712.13074
0.0766980708838 5716.39282
0.0770249250061 5720.6543
0.072567806889 5724.91516
0.0710647294525 5729.17603
0.0702737341264 5733.43567
0.0717037259861 5737.69531
0.0726324481605 5741.95435
0.0724560903682 5746.21277
0.0732995778125 5750.47119
0.0743229342566 5754.72839
0.0802372343897 5758.9856
0.0870038012005 5763.24158
0.09248440423 5767.49817
0.0902400095157 5771.75293
0.0828206374667 5776.0083
0.0761273629009 5780.26306
0.0773271369216 5784.51721
0.0795172961193 5788.77136
0.082410018742 5793.02429
0.0765232735545 5797.27661
0.0718327681805 5801.52832
0.0704591569661 5805.78064
0.0710241900549 5810.03113
0.0691134472468 5814.28223
0.0673288041096 5818.53271
0.0652871256785 5822.78198
0.0661283948758 5827.03125
0.0647132725303 5831.2793
0.0655757743545 5835.52795
0.0649766527387 5839.77539
0.0656552350521 5844.02283
0.0659502319152 5848.26965
0.0668305675834 5852.51587
0.0737716330927 5856.76208
0.078155292163 5861.00647
0.0803850596328 5865.25208
0.0748080783256 5869.49524
0.0734808322601 5873.73962
0.0741795554923 5877.98218
0.0782529361608 5882.22534
0.0798692288153 5886.46729
0.0832859242717 5890.70984
0.0863878299934 5894.95117
0.0889291170305 5899.19128
0.0859434916521 5903.43201
0.0794388289041 5907.67151
0.0750223792879 5911.91101
0.0777533550171 5916.1499
0.0812011907197 5920.38818
0.0828278557558 5924.62524
0.0798058319685 5928.86292
0.0745661054775 5933.10059
0.0753492201207 5937.33582
0.0783664203099 5941.57227
0.0864765202386 5945.8075
0.0876718073081 5950.04272
0.0831734797864 5954.27673
0.0808827087439 5958.51074
0.0809780386009 5962.74353
0.0860611815201 5966.97632
0.0982386529019 5971.20911
0.106753573611 5975.44067
0.113849077516 5979.67224
0.11123335145 5983.9032
0.115467763295 5988.13354
0.109975331162 5992.36328
0.100730843699 5996.59241
0.095236594697 6000.82153
0.0977993103747 6005.05005
0.0953065284102 6009.27795
0.0954297809479 6013.50525
0.0859513356162 6017.73254
0.0771265612335 6021.95862
0.0763292060612 6026.18408
0.0767796889022 6030.40955
0.0742911007848 6034.6344
0.0736208803495 6038.85925
0.070034131825 6043.0835
0.0691423818911 6047.30652
0.0685926284377 6051.52893
0.0673662679201 6055.75195
0.0705533191897 6059.97375
0.0714002032394 6064.19495
0.0698829433541 6068.41553
0.0703556217292 6072.63672
0.0708529303513 6076.85608
0.0750506280013 6081.07605
0.0830996158497 6085.2948
0.0885405617065 6089.51294
0.085794531633 6093.73108
0.0820174109978 6097.948
0.0802520591105 6102.16553
0.0783744518984 6106.38123
0.0790331959614 6110.59753
0.0766372402514 6114.81262
0.0749012373905 6119.02832
0.072765101513 6123.24219
0.0753679370684 6127.45605
0.076838563852 6131.66931
0.0786262555853 6135.88196
0.0789155947942 6140.0946
0.0723347121452 6144.30664
0.0699297477138 6148.51807
0.0736339295683 6152.72827
0.0758081042513 6156.93909
0.0789767401606 6161.14929
0.0821284659975 6165.35889
0.0810992419867 6169.56787
0.0827182200808 6173.77563
0.0765990007798 6177.9834
0.0732013426047 6182.19055
0.0742549253066 6186.39832
0.073578810227 6190.60364
0.0757174597322 6194.81018
0.0704730923855 6199.01611
0.0681174901506 6203.22083
0.0658587381983 6207.42493
0.0658993188087 6211.62842
0.0673658999543 6215.83191
0.0668198787973 6220.03418
0.0655941853714 6224.23706
0.0643621251469 6228.43872
0.0644792242003 6232.64038
0.0643871264896 6236.84143
0.0623634856012 6241.04126
0.0604910547141 6245.2417
0.0620942482118 6249.44031
0.0692142088443 6253.64014
0.0815945130535 6257.83752
0.0877797505366 6262.03552
0.0799594617316 6266.2323
0.0734280638065 6270.42969
0.0701130114767 6274.62585
0.0705709885878 6278.82141
0.0689567739831 6283.01697
0.0656538845943 6287.2113
0.0616428896163 6291.40625
0.0616603500748 6295.59998
0.0616648141568 6299.79309
0.0655402285777 6303.9856
0.0694595389958 6308.1781
0.0650184711106 6312.37
0.0594435244463 6316.56067
0.0577991237439 6320.75195
0.0582102524686 6324.94202
0.0583838689543 6329.13208
0.0605068991732 6333.32092
0.0557784465753 6337.50977
0.0569805018884 6341.69739
0.0563557720693 6345.88562
0.0620097256724 6350.07263
0.0615733205053 6354.25964
0.0589988003908 6358.44543
0.0579084811852 6362.63123
0.0566987951445 6366.81641
0.0598967878698 6371.00037
0.0625022186952 6375.18494
0.0632689219675 6379.36829
0.059506558552 6383.55164
0.0596846568106 6387.73438
0.0568404511359 6391.9165
0.0550188596065 6396.09863
0.0565159919991 6400.27893
0.0550432491112 6404.45984
0.0541074610246 6408.63953
0.0564924265801 6412.81921
0.0576810258718 6416.99829
0.0571510148586 6421.17676
0.0619516053201 6425.35461
0.0604747031554 6429.53247
0.0605422623968 6433.70972
0.0582362811673 6437.88635
0.0580785278498 6442.06177
0.0569887402287 6446.23718
0.0542422134877 6450.4126
0.0558557326296 6454.58618
0.0641966907629 6458.76099
0.0669116617538 6462.93396
0.0668059975884 6467.10693
0.0602634822857 6471.27991
0.0575956171912 6475.45166
0.0590899362774 6479.62341
0.0587692687257 6483.79333
0.0585484979601 6487.96448
0.0578072150734 6492.13379
0.0550618592823 6496.3031
0.0496645576386 6500.4718
0.0472067988531 6504.63989
0.0453203457797 6508.80859
0.0497343600672 6512.97546
0.0458269555579 6517.14233
0.047526349424 6521.30859
0.0454665217194 6525.47485
0.0472986968576 6529.63928
0.042927736417 6533.80432
0.0452166986659 6537.96814
0.0466788932165 6542.13196
0.0549078388512 6546.29578
0.0636597933744 6550.45837
0.0738070100135 6554.62036
0.069816347696 6558.78174
0.0619872152062 6562.94312
0.0588479565339 6567.10327
0.0611094584847 6571.26404
0.0643557408236 6575.42358
0.0692799132472 6579.58252
0.068107243411 6583.74084
0.0595000818008 6587.89917
0.0542618258699 6592.05688
0.0518740102639 6596.21338
0.0598711202779 6600.37048
0.0694095690036 6604.52637
0.0795735949818 6608.68164
0.0700870930679 6612.83691
0.0625749181324 6616.99158
0.0590145946557 6621.14502
0.0603500228409 6625.29846
0.0654347707967 6629.45129
0.067203249787 6633.60413
0.0606449154734 6637.75635
0.0566754682 6641.90674
0.050796034412 6646.05835
0.0514184304461 6650.20813
0.0560612879827 6654.35791
0.0524937239528 6658.50769
0.056765264985 6662.65625
0.060120376611 6666.8042
0.058630454409 6670.95215
0.0566107437104 6675.09949
0.0538708406351 6679.24622
0.056873330864 6683.39233
0.0574079180319 6687.53784
0.0575844655056 6691.68335
0.0587418211567 6695.82825
0.0578228692034 6699.97192
0.0514341796751 6704.1156
0.0483921401374 6708.25867
0.0472887322298 6712.40173
0.0506405146479 6716.54358
0.05400699164 6720.68481
0.0578063498607 6724.82605
0.0563452304126 6728.96667
0.0481504988019 6733.10669
0.0473911535892 6737.24609
0.0520469127263 6741.38489
0.0534299731848 6745.52307
0.0560094881681 6749.66064
0.0484261036487 6753.79822
0.0455546737519 6757.93579
0.0465617076451 6762.07153
0.0471908637019 6766.20789
0.0497180030399 6770.34241
0.0505597820643 6774.47754
0.0569703061358 6778.61206
0.0605318146066 6782.74597
0.0587687427711 6786.87866
0.0558000862881 6791.01135
0.0541879378594 6795.14404
0.0487635954357 6799.27551
0.0490043176731 6803.40698
0.0474819339093 6807.53723
0.0488809153045 6811.66748
0.0460748013069 6815.79712
0.0435494714338 6819.92615
0.0466984169647 6824.05457
0.0461145247901 6828.18298
0.0490890607183 6832.31018
0.0542522603504 6836.43738
0.0606795022715 6840.56335
0.0650562439774 6844.68994
0.0719855955167 6848.81531
0.0742035668547 6852.93945
0.0688017246144 6857.06482
0.0647051640954 6861.18774
0.0605672973829 6865.31128
0.0555973053934 6869.43481
0.0529331687951 6873.55713
0.0487020525503 6877.67883
0.0438511379283 6881.79932
0.0423773110749 6885.92041
0.0403597613454 6890.04089
0.0398108624795 6894.16016
0.0412421166327 6898.27881
0.0383435440242 6902.39868
0.0384134462857 6906.51611
0.0370942014071 6910.63354
0.0391744088489 6914.75098
0.0353636554508 6918.86719
0.0347291361307 6922.9834
0.036634357423 6927.099
0.0361477809078 6931.2146
0.0390748714873 6935.32837
0.0427485509005 6939.44214
0.0451100296361 6943.55652
0.0425909306641 6947.66846
0.0454170009224 6951.78101
0.0488919704023 6955.89294
0.0483424934244 6960.00366
0.0462327346497 6964.11438
0.0476209606945 6968.2251
0.054117268357 6972.33459
0.0544664995233 6976.44409
0.0517747306474 6980.55298
0.0487120481913 6984.66064
0.0463998602401 6988.76831
0.0456882166989 6992.87537
0.0449094903336 6996.98181
0.0452730629487 7001.08826
0.0393348553934 7005.19348
0.0366373139745 7009.2981
0.0364997852721 7013.40271
0.0355991358711 7017.50732
0.0356112842195 7021.61011
0.0344766752803 7025.7135
0.0306076847011 7029.81567
0.029669122846 7033.91724
0.0256051520184 7038.0188
0.0316787822382 7042.11914
0.0275308994167 7046.21948
0.0260411794537 7050.31921
0.0295288992933 7054.41895
0.0288189981956 7058.51746
0.0276054404922 7062.61536
0.0260768436206 7066.71265
0.0250027780393 7070.81055
0.0241911706188 7074.90662
0.0249447190959 7079.0033
0.0249905229483 7083.09814
0.0251696588014 7087.19299
0.0252161857215 7091.28784
0.0232016850812 7095.38147
0.0206275138927 7099.4751
0.0223099664379 7103.5675
0.0233916698935 7107.66052
0.0223863462519 7111.75171
0.0226527115865 7115.8429
0.0238646056109 7119.93347
0.0274523407235 7124.02405
0.0239905515457 7128.11401
0.0238510706029 7132.20276
0.0238506297658 7136.2915
0.0237169933534 7140.37964
0.0205551032157 7144.46777
0.0242223526411 7148.55408
0.0236197126998 7152.64099
0.0214154371658 7156.72668
0.0208079598876 7160.81177
0.0209048759371 7164.89746
0.0195938601213 7168.98132
0.0189147829973 7173.06519
0.0195931043069 7177.14844
0.0224407443941 7181.23108
0.0179419204534 7185.31372
0.0181238897318 7189.39514
0.0205799368642 7193.47595
0.0210709346633 7197.55676
0.0223780822113 7201.63696
0.0206386947751 7205.71716
0.0225452706672 7209.79614
0.0269427645008 7213.87451
0.0232928013339 7217.95227
0.0221039234806 7222.02942
0.0232617707114 7226.10718
0.0264081734412 7230.18311
0.0262687178767 7234.25903
0.0267347670442 7238.33374
0.0237220655226 7242.40906
0.0283456629109 7246.48376
0.0239148473863 7250.55725
0.0252119770355 7254.63013
0.0243324965455 7258.703
0.0256380181742 7262.77466
0.0231171829239 7266.84631
0.0248297555923 7270.91797
0.0267149499838 7274.98779
0.0250646620044 7279.05823
0.0227716412795 7283.12805
0.0240466840668 7287.19666
0.0198124987053 7291.26526
0.0230866090841 7295.33264
0.0236353515748 7299.40063
0.0215143118381 7303.4668
0.0205824344659 7307.53357
0.0210915832816 7311.59851
0.0230454977699 7315.66406
0.0199703265166 7319.729
0.0175323689097 7323.79272
0.0184929160579 7327.85645
0.0169396988489 7331.91895
0.0164385768265 7335.98206
0.0162608617168 7340.04333
0.020036726256 7344.10522
0.0167113018935 7348.16528
0.0167731293773 7352.22656
0.0154650477019 7356.28662
0.0155253420382 7360.34546
0.0185530040286 7364.4043
0.0162037361144 7368.46252
0.017701848254 7372.52014
0.0211120484847 7376.57715
0.0222845773429 7380.63354
0.0216305110598 7384.68933
0.0190734903064 7388.74512
0.0210622087829 7392.80029
0.0193168221309 7396.85486
0.0198081525092 7400.90881
0.0226985143979 7404.96216
0.0208928825998 7409.0155
0.0245215817649 7413.06702
0.0212033915362 7417.11914
0.0197993661689 7421.17004
0.0175856990444 7425.22095
0.0164933723545 7429.27124
0.0175026057958 7433.32031
0.0182753196503 7437.37
0.020761501202 7441.41785
0.0167449588445 7445.46631
0.0166355711882 7449.51355
0.0166146018187 7453.56079
0.0167666593778 7457.6062
0.0188352462028 7461.65283
0.0197678761081 7465.69824
0.015608750203 7469.74243
0.0167206386266 7473.78723
0.0199746729728 7477.8302
0.0219086072697 7481.87378
0.0269628165426 7485.91614
0.0244779939447 7489.9585
0.027007569715 7493.99963
0.0256212421266 7498.04077
0.0247389921942 7502.0813
0.0218779994828 7506.12122
0.0219307459812 7510.16052
0.0232416495475 7514.19922
0.0197500240419 7518.23792
0.0164819935599 7522.27478
0.0176840558374 7526.31226
0.0193621249222 7530.34851
0.0165899312545 7534.38477
0.0205331633967 7538.42102
0.0246160612128 7542.45544
0.0293152889048 7546.48987
0.0342615506877 7550.52368
0.0416538625193 7554.5575
0.0485563724881 7558.59009
0.0565992636469 7562.62268
0.0498163818403 7566.65405
0.0421362330044 7570.68542
0.0297650522128 7574.7168
0.0305752670162 7578.74634
0.0321995388377 7582.77588
0.0340452919322 7586.8042
0.0334657538048 7590.83374
0.0271174792441 7594.86084
0.0259480191942 7598.88916
0.0217292240603 7602.91504
0.0258430561029 7606.94214
0.024614783057 7610.96802
0.0268608752448 7614.99268
0.0250740201435 7619.01733
0.022511830191 7623.04199
0.0263702802507 7627.06543
0.0257236580037 7631.08826
0.0268005166022 7635.11108
0.0248389094528 7639.13208
0.0206731303832 7643.15369
0.0249209134395 7647.17529
0.0253480603359 7651.19568
0.0274364325881 7655.21545
0.0304288267193 7659.23462
0.0407700759856 7663.25317
0.0542764330063 7667.27112
0.0471588531897 7671.28845
0.0370405267126 7675.30518
0.0372063417525 7679.32251
0.0353281803934 7683.33862
0.0351392000705 7687.35413
0.0362031179139 7691.36841
0.0397973898555 7695.38269
0.0366101558314 7699.39636
0.0369840618927 7703.41003
0.0328213692694 7707.42249
0.0283872788862 7711.43433
0.0312034984602 7715.44617
0.0348701658137 7719.4574
0.0345506955962 7723.46802
0.030905048307 7727.47803
0.0263884412317 7731.48682
0.030975083646 7735.49622
0.032588142304 7739.50439
0.0257096033333 7743.51196
0.0258451574727 7747.51892
0.0209314343014 7751.52588
0.0220243572277 7755.53162
0.0226242216896 7759.53735
0.0178512974299 7763.54309
0.0190566319395 7767.54639
0.0178746772429 7771.5509
0.0155422293402 7775.5542
0.0204405853652 7779.5575
0.0154234158173 7783.55896
0.0166533798527 7787.56104
0.0133816571696 7791.56189
0.0151431137663 7795.56274
0.0179713678959 7799.56299
0.0112465807004 7803.56201
0.0136963010707 7807.56165
0.0175034874273 7811.56006
0.0214846075093 7815.55786
0.0277846446092 7819.55505
0.026186625874 7823.55225
0.0232034904592 7827.54761
0.0238623748366 7831.54358
0.0184859197469 7835.53894
0.0226949360576 7839.53369
0.0153156401852 7843.52783
0.0185699785397 7847.52075
0.0179437252482 7851.51367
0.0153529931955 7855.50598
0.0137268327782 7859.49768
0.0142087244991 7863.48877
0.0158322450384 7867.47986
0.0171873139745 7871.47034
0.0151210449862 7875.45959
0.0138983853207 7879.44885
0.0161345117726 7883.4375
0.0128695063381 7887.42493
0.0138064527199 7891.41235
0.0147498454784 7895.39917
0.010540290976 7899.38538
0.014877357407 7903.37158
0.0112214855563 7907.35718
0.015439139862 7911.34094
0.0124995732886 7915.32532
0.0159912403806 7919.30847
0.0161880728079 7923.29224
0.0240679602758 7927.27417
0.0259389948924 7931.2561
0.0272108933756 7935.23682
0.0228785359724 7939.21753
0.0258220955714 7943.19824
0.0245162095411 7947.17773
0.0184656782582 7951.15723
0.023582385484 7955.1355
0.0201195819948 7959.11377
0.0158627902677 7963.09082
0.013128246569 7967.06787
0.0178593594862 7971.0437
0.012299842125 7975.01953
0.0188052007585 7978.99536
0.0106734228575 7982.96936
0.0115181047003 7986.94397
0.0139650975429 7990.91736
0.0104986971231 7994.89014
0.00860829736444 7998.8623
0.0094490846053 8002.83447
0.0109407171761 8006.80542
0.0143878966781 8010.77637
0.0197998950674 8014.7467
0.0231076814372 8018.71643
0.0301760522026 8022.68555
0.0289310518638 8026.65405
0.0301379226654 8030.62256
0.0233046433644 8034.58923
0.0226998092882 8038.55652
0.0211044749673 8042.52258
0.0185091599519 8046.48804
0.0200592346389 8050.4541
0.0202870290258 8054.41833
0.0124815623717 8058.38257
0.013867157321 8062.34619
0.0125640627666 8066.30859
0.0132842236804 8070.271
0.0189327422617 8074.23279
0.0208750765263 8078.19458
0.0178800720532 8082.15515
0.0311532748878 8086.11572
0.0202746486781 8090.07507
0.0195041359471 8094.03381
0.0196005948777 8097.99194
0.0279151533053 8101.95068
0.0289364432212 8105.90759
0.0188417779407 8109.8645
0.0272727766901 8113.8208
0.0197300709831 8117.77649
0.0135362028626 8121.73157
0.0132237427237 8125.68665
0.0186769322185 8129.6405
0.0129376418994 8133.59375
0.00606762815763 8137.54639
0.0086310124323 8141.49841
0.00591238708037 8145.45105
0.00848681171046 8149.40186
0.0112550366886 8153.35266
0.00411440762371 8157.30347
0.0113079982395 8161.25244
0.00524243895595 8165.20203
0.0115466642116 8169.14978
0.0145402470826 8173.09753
0.00695682530522 8177.04468
0.00958983634616 8180.99182
0.00793889363499 8184.93774
0.0100402915921 8188.88367
0.00914575470331 8192.82898
0.00919838485715 8196.77307
0.0121253744438 8200.71716
0.0118248685377 8204.66003
0.00706148615572 8208.60291
0.00965310080657 8212.54517
0.00598134553104 8216.48743
0.0173031044347 8220.42786
0.00665408371262 8224.3689
0.00769069913746 8228.30872
0.0141613853299 8232.24792
0.00694851672868 8236.18774
0.0134585143311 8240.12512
0.00964038203829 8244.06311
0.00905880254078 8247.99988
0.0115428974248 8251.93665
0.0128118309824 8255.8728
0.0107960335616 8259.80835
0.00917991385086 8263.74329
0.0133598351386 8267.67761
0.0202655032751 8271.61194
0.00906484907537 8275.54443
0.00594864885483 8279.47754
0.00575463302843 8283.40942
0.00977091997073 8287.34131
0.00662646673461 8291.27136
0.00769860107893 8295.20264
0.012589328421 8299.13208
0.00773248200675 8303.06152
0.0115843979609 8306.99097
0.00542232864989 8310.91797
0.00779570254191 8314.84619
0.00631646132975 8318.77319
0.0143160592187 8322.7002
0.0115581088563 8326.62537
0.0135587420397 8330.55054
0.0127426109047 8334.4751
0.0127969682009 8338.39966
0.0152718395814 8342.32361
0.0118048000254 8346.24634
0.0142985431452 8350.16907
0.0107954642886 8354.09058
0.00748250450489 8358.01208
0.00706530015606 8361.93298
0.0107129647536 8365.85327
0.00394627940349 8369.77295
0.00898059420026 8373.69202
0.00374986644362 8377.61047
0.0108905973019 8381.52832
0.00470207423544 8385.44617
0.00448699442343 8389.36218
0.0133271441067 8393.27942
0.0105738834263 8397.19421
0.0138722677055 8401.11023
0.00172642947536 8405.0238
0.00642990396312 8408.9386
0.0156166547176 8412.85217
0.00952273077633 8416.76453
0.00316042763619 8420.67749
0.000559670456822 8424.58862
0.0112423476341 8428.49976
0.00603740139638 8432.41028
0.00915508742899 8436.32019
0.00774898329648 8440.22949
0.00561575242052 8444.13879
0.00974020117662 8448.04749
0.000330184364603 8451.95496
0.00691397966781 8455.86182
0.00278575949957 8459.76807
0.011178109448 8463.67432
0.00529655086058 8467.57996
0.00956204228204 8471.48499
0.014370383425 8475.38879
0.00487946174026 8479.2926
0.00870004988759 8483.19641
0.0161088237448 8487.09839
0.00929147904118 8491.00098
0.0159975177336 8494.90234
0.0142663726832 8498.8031
0.0189815971056 8502.70325
0.0221798251617 8506.60339
0.0363346539543 8510.50171
0.0565785850898 8514.40125
0.107133369697 8518.29895
0.141693400443 8522.19604
0.172990519591 8526.09314
0.201777337962 8529.98901
0.214224309323 8533.8855
0.214395705914 8537.78015
0.18377445338 8541.6748
0.172396348499 8545.56885
0.152417632782 8549.46228
0.131470220037 8553.35571
0.122419448944 8557.24731
0.0998649384094 8561.13953
0.0841752276066 8565.03052
0.0749028425328 8568.92151
0.0677629452789 8572.81067
0.0570290643139 8576.70105
0.0500760338465 8580.5896
0.0450149162584 8584.47754
0.0321436401565 8588.36609
0.0356320257504 8592.25281
0.0338317938737 8596.13892
0.0283552154619 8600.02502
0.0205554506381 8603.91052
0.0266402244459 8607.79541
0.0184668333913 8611.67969
0.0251775194973 8615.56335
0.0270344051051 8619.44702
0.0283263196779 8623.32947
0.025544069314 8627.21069
0.0247870224516 8631.09253
0.017830248126 8634.97314
0.0149529741086 8638.85376
0.0171149199679 8642.73315
0.0127082887598 8646.61255
0.0148834066834 8650.49072
0.0113270121996 8654.3689
0.00529308317364 8658.24707
0.0132813036579 8662.1228
0.0176537062015 8665.99915
0.0127975214884 8669.87488
0.0150359353741 8673.75061
0.0176084671055 8677.62451
0.0211484754986 8681.49841
0.0190541269093 8685.3717
0.0115471420081 8689.24438
0.0157613959761 8693.11707
0.0174592801894 8696.98853
0.0159515593002 8700.85938
0.0102009289292 8704.72961
0.0171296582775 8708.59985
0.0070356372714 8712.46887
0.00475965801867 8716.33789
0.0174463567254 8720.20569
0.0128634898813 8724.07349
0.00147233737857 8727.94067
0.00861315201347 8731.80725
0.00661872422922 8735.67322
0.0121645176697 8739.53796
0.0143225407853 8743.40332
0.00779851291432 8747.26624
0.0162683596397 8751.13037
0.0184895040312 8754.99329
0.0278226064753 8758.85559
0.0304702765475 8762.71729
0.0420686559293 8766.57898
0.0487029780343 8770.44006
0.0413029125407 8774.29932
0.0218817531255 8778.15918
0.0371507803331 8782.01782
0.0194163346735 8785.87585
0.0219885985869 8789.73389
0.00816225239392 8793.5907
0.0125573378151 8797.44751
0.0107507295219 8801.3031
0.00490550277896 8805.1593
0.00896985285418 8809.01367
0.0112206957646 8812.86804
0.00273412461909 8816.7218
0.00909305226202 8820.57434
-0.00024014746551 8824.42749
0.00731293202215 8828.27942
-0.00100351715397 8832.13013
0.00396161246188 8835.98145
0.00629009826189 8839.83154
0.00902584298276 8843.68042
0.00557466861412 8847.53052
0.000920247676605 8851.37817
0.00327023094551 8855.22644
0.00524211832734 8859.07349
0.0025036676641 8862.92053
0.014348150008 8866.76636
-0.00778499227207 8870.61157
0.00252921851018 8874.4574
0.00253937502111 8878.30078
0.00816131587548 8882.14539
0.0126244737457 8885.98816
0.021166020787 8889.83093
0.0176111103325 8893.67249
0.00300498396577 8897.51465
0.00834482741938 8901.35498
0.00220638531291 8905.19531
0.0121228112871 8909.03503
0.00719446764404 8912.87415
-0.000681844974763 8916.71326
0.0134913092113 8920.55054
0.0101881230723 8924.38843
0.0118950977642 8928.2251
0.0161343029656 8932.06116
0.0338757525824 8935.89661
0.0828596646452 8939.73206
0.115181060506 8943.56628
0.146865355341 8947.3999
0.166560297004 8951.23352
0.164428981173 8955.06592
0.164920503659 8958.89832
0.165926401336 8962.72949
0.146232675004 8966.56067
0.121913384417 8970.39063
0.111776406841 8974.22058
0.080585588064 8978.04993
0.049742420482 8981.87866
0.0469333970208 8985.70618
0.04772266187 8989.53369
0.0402349721733 8993.36121
0.046509046755 8997.18689
0.0323587648094 9001.01257
0.0208231051818 9004.83704
0.0364770657631 9008.66211
0.0148707963627 9012.48596
0.0253972283779 9016.3092
0.0226263172 9020.13184
0.0212591405785 9023.95386
0.0169904776896 9027.77588
0.0175020261848 9031.59668
0.0305165279937 9035.41687
0.0194583739577 9039.23645
0.0189753512862 9043.05603
0.0208890963523 9046.875
0.018942816352 9050.69275
0.00978769596429 9054.5105
0.019356738044 9058.32642
0.0240924741377 9062.14294
0.00208253724018 9065.95825
0.0206272919044 9069.77417
0.0129735147202 9073.58826
-0.00928285777705 9077.40234
0.00956952318404 9081.21582
0.000168620928846 9085.02869
0.0113140597325 9088.84033
0.00155054865278 9092.65198
0.000622949360561 9096.46301
0.000163730917 9100.27344
0.00915975557908 9104.08325
-0.00697756471585 9107.89246
0.0125270506794 9111.70105
0.0198518446555 9115.50903
0.00970851028757 9119.31641
0.0199635964717 9123.12317
-0.000273698638977 9126.92932
-0.00282597102554 9130.73547
0.000152731827373 9134.53979
-0.00237996326753 9138.34473
0.0106669581571 9142.14783
0.00770962964043 9145.95154
0.00602376637333 9149.75464
0.002247715391 9153.55652
0.012302452906 9157.3584
0.0177466195488 9161.15845
0.0135648819316 9164.95972
0.0269786048797 9168.75854
0.0575570524018 9172.55859
0.0697912635145 9176.3562
0.0666244866303 9180.15503
0.0656221537775 9183.95203
0.0659777128021 9187.74902
0.0335676927364 9191.5448
0.0312806686983 9195.34058
0.0220175012239 9199.13574
0.0187577652013 9202.92969
0.010046622509 9206.72363
0.0243301877876 9210.51636
0.0145394782285 9214.30969
0.00630091729193 9218.10181
0.0203040510389 9221.89331
0.00261460678858 9225.6842
0.0194991402262 9229.47388
0.0152824433004 9233.26416
-0.00134985397472 9237.05261
0.003300383179 9240.84106
0.0112379265006 9244.62891
0.0177894285769 9248.41675
0.0304450217261 9252.20337
0.00458054298622 9255.98938
0.0246016908855 9259.77478
-0.014985693751 9263.55957
0.00703576926097 9267.34436
-0.00555827373781 9271.12732
-0.000956900886591 9274.91089
0.00434873507024 9278.69324
0.0115769464069 9282.47559
0.00687873551819 9286.25671
-0.00591255534237 9290.03723
0.00767560452668 9293.81775
-0.0174056469664 9297.59705
-0.00487529815638 9301.37634
0.00670565060101 9305.15381
0.000237042243559 9308.9325
-0.0137963818224 9312.70935
-0.00315469955845 9316.4856
0.0168672356302 9320.26123
0.00449492332793 9324.03687
0.00820159144013 9327.8125
-0.00860207516694 9331.5863
0.00330152943473 9335.36011
0.00261174654028 9339.13208
-0.00690451304836 9342.90527
-0.0211082778256 9346.67664
-0.00733330772451 9350.448
-0.0224887850273 9354.21814
-0.00692845941825 9357.98889
-0.000600441228496 9361.75842
-0.0132826908605 9365.52673
0.0145001986859 9369.29504
-0.00276712875738 9373.06274
0.0177994785695 9376.83044
-0.0176739710222 9380.5957
0.00159498593429 9384.36218
0.0174528621425 9388.12744
-0.0297917824664 9391.89148
-0.0386660525729 9395.65613
0.0139591836473 9399.41956
-0.0259354851778 9403.18237
-0.0381990214586 9406.94458
0.0167403300008 9410.70557
0.00810841256499 9414.46655
0.014499434956 9418.22693
-0.0374413079913 9421.98669
-0.0672537035316 9425.74646
-0.00925514062997 9429.50562
-0.00272897190757 9433.26294
-0.00613092247685 9437.02026
0.0244159234026 9440.77698
-0.0628268291264 9444.53369
-0.0424714120974 9448.28918
0.00408204060902 9452.04468
-0.0340523793022 9455.79834
0.00582949961122 9459.55261
-0.0531736795094 9463.30627
0.00235670994185 9467.05811
-0.0443351066591 9470.81055
-0.0269514652346 9474.56177
-0.0491645728066 9478.31238
-0.0301207167573 9482.06238
0.0124867917558 9485.81238
0.00903128377987 9489.56116
0.00561780039894 9493.30933
-0.0508119789542 9497.05811
0.0186471663809 9500.80505
-0.0140446140332 9504.55139
0.00540444880677 9508.29773
-0.0185197338773 9512.04346
-0.0309056260845 9515.78735
-0.0336710688124 9519.53186
-0.0117502168316 9523.27515
-0.032927413567 9527.01843
-0.0145080415326 9530.76172
0.0139403868239 9534.50195
0.0285539018488 9538.24341
0.00345242003157 9541.98486
0.00922792138152 9545.72449
0.0163629132734 9549.4635
-0.0209636640201 9553.20251
-0.0265455075196 9556.94092
-0.0193284344836 9560.67871
-0.02348284037 9564.41589
-0.0149606953517 9568.15125
-0.00370039022454 9571.88721
-0.0274868872012 9575.62256
-0.0078799853275 9579.3573
0.0493391077733 9583.09021
-0.0218476775854 9586.82373
-0.013473519385 9590.55664
-0.0442931070115 9594.28955
-0.00790052363865 9598.02063
-0.02895978445 9601.7511
0.0131389961127 9605.48157
-0.0219769184116 9609.21143
-0.0219801336546 9612.94128
-0.00932677263703 9616.66809
-0.0331991078412 9620.39612
-0.0275577795697 9624.12415
-0.0149154041731 9627.85095
-0.0261232266609 9631.57715
0.00190611415963 9635.30151
0.022925964242 9639.02649
-0.0177438633336 9642.75146
-0.0529656082387 9646.47522
0.0272755005686 9650.19714
0.0160512304193 9653.92029
-0.000906170972745 9657.6416
-0.0450002657392 9661.36292
-0.0194425320047 9665.08423
-0.0194861233849 9668.80371
-0.00950088047978 9672.52319
-0.0123790446346 9676.24207
0.000517008684588 9679.96094
-0.0181329296596 9683.67737
-0.0123935822063 9687.39441
-0.0209985086385 9691.11084
-0.0209897565923 9694.82666
-0.00521413338327 9698.54248
-0.00807552785875 9702.25586
-0.0223893881591 9705.96985
0.0191097952654 9709.68323
-0.0252467438837 9713.39661
-0.012369225087 9717.10754
-0.0324601941054 9720.81909
0.0134379272229 9724.53064
-0.00236052811154 9728.24097
0.00196620036292 9731.94946
-0.0343322224016 9735.65918
-0.0169881170926 9739.36768
-0.00974563031151 9743.07556
0.00348593289447 9746.78284
-0.0425928628984 9750.48828
-0.00394896878584 9754.19495
0.0411788944894 9757.90039
-0.0221948085242 9761.60522
-0.00860208218606 9765.30884
-0.0824008874807 9769.01245
-0.0287794260851 9772.71606
-0.0227273017689 9776.41846
-0.00411824378054 9780.12024
-0.00257071387437 9783.82019
0.0304911361661 9787.52136
0.00215344022733 9791.22131
0.000573257730194 9794.92065
-0.00581109652685 9798.61877
0.0310338804844 9802.31689
0.0295638574519 9806.0144
0.0280866420657 9809.71191
-0.0221927778273 9813.4082
-0.00595288677985 9817.10266
0.0449912410875 9820.79773
-0.0690118412785 9824.4928
-0.0110714413356 9828.18604
-0.0262735856915 9831.87866
-0.00615852341253 9835.57129
-0.00279539706363 9839.26331
0.0418371194314 9842.95471
0.0179343861897 9846.64612
0.000628975427176 9850.33569
-0.02220943088 9854.02527
-0.0400624865948 9857.71362
-0.0171663437985 9861.40259
-0.0657145823001 9865.08911
-0.0390575399995 9868.77625
-0.0720760567681 9872.46277
0.0171322496531 9876.14929
0.00620333322225 9879.83459
-0.019827797065 9883.51807
0.0157341755596 9887.20215
-0.022154726418 9890.88623
-0.0108562712703 9894.56909
-0.0304646861394 9898.25012
-0.0229303883185 9901.93115
-0.0271635473565 9905.61279
-0.0717197522824 9909.29321
-0.033769920704 9912.97302
-0.0401720897391 9916.651
-0.011609630124 9920.3302
-0.0696982284464 9924.00818
-0.0408892288922 9927.68494
-0.0327126395079 9931.36047
0.0091586601478 9935.03723
-0.0266772682586 9938.71277
-0.00983650782447 9942.3877
-0.00136214399074 9946.0614
0.011478266037 9949.7345
-0.0207570230049 9953.40759
-0.0122091533124 9957.08008
-0.0340540372761 9960.75195
0.046734153482 9964.422
-0.0300288711296 9968.09265
-0.0301954989476 9971.7627
0.0475186039079 9975.43152
-0.0417369113555 9979.10095
-0.0374779879321 9982.76733
-0.00824614204118 9986.43494
-0.0311175154703 9990.10193
-0.0497325354863 9993.76831
-0.0617067559927 9997.43286
-0.0879419096449 10001.09802
-0.0510018637586 10004.76257
-0.0729360008299 10008.42651
0.000866856945918 10012.08923
-0.0550569664687 10015.75134
0.00826435207073 10019.41284
-0.038945050748 10023.07434
0.0235887464172 10026.73523
0.0850811535181 10030.39429
0.0293446484435 10034.05334
0.0479815215549 10037.71179
-0.0492911111463 10041.37024
-0.01773274292 10045.02808
0.00366681591995 10048.68408
-0.0751397602186 10052.34009
-0.00995971367905 10055.99609
-0.051349753591 10059.65149
-0.026703192087 10063.30444
-0.0770118187172 10066.95862
-0.00179004359861 10070.61218
-0.0102477355084 10074.26453
-0.0670058952468 10077.91626
-0.0503416018287 10081.56677
-0.0507413555718 10085.21729
-0.0599104056705 10088.8678
0.0801462102176 10092.51709
0.0573618329117 10096.16577
0.0220826562263 10099.81384
0.0497247689743 10103.4613
-0.00813716879219 10107.10754
-0.099013142484 10110.75439
0.0518969517544 10114.39941
-0.0696967878716 10118.04443
0.0860220032513 10121.68884
-0.0683348542765 10125.33325
0.048119438997 10128.97522
0.0113973864328 10132.6178
-0.033059348946 10136.26038
-0.00914287083233 10139.90112
-0.0617076486155 10143.54187
0.0647757591508 10147.1814
-0.0664172736915 10150.82153
-0.016683202987 10154.46045
-0.0568128010085 10158.09937
-0.0831217027395 10161.73523
0.0384363953218 10165.3717
-0.013661803044 10169.00879
-0.0290188117848 10172.64404
-0.102425945036 10176.27991
-0.0452519936801 10179.91333
-0.155892796449 10183.54675
0.0212781508721 10187.18018
0.00144506842212 10190.81299
-0.208958630579 10194.44397
-0.0800450861694 10198.07495
-0.0518824569177 10201.70593
-0.0274360361992 10205.33691
-0.0525793756172 10208.96606
-0.153493005607 10212.5946
-0.103891969195 10216.22253
-0.0749020033147 10219.85046
-0.0498087642795 10223.47778
-0.171222643884 10227.10327
-0.0681812612749 10230.72876
-0.0777370924199 10234.35364
-0.145589473416 10237.97852
-0.129351801494 10241.60278
-0.0944363010529 10245.22461
-0.156041948058 10248.84766
-0.0077018926831 10252.46948
0.0921170668476 10256.09131
-0.109178836513 10259.71069
-0.100726295471 10263.3313
0.0954764946893 10266.94946
-0.0680283050688 10270.56885
-0.0183319714959 10274.18823
-0.0541222643993 10277.80396
-0.0546367644095 10281.4209
0.0225972093666 10285.03784
0.0541925790365 10288.65479
-0.0720680031311 10292.26807
-0.0514335913981 10295.88135
-0.165231148354 10299.49707
-0.0797537480445 10303.10913
0.0240052915794 10306.72241
0.0743584709427 10310.33325
-0.0542850676609 10313.94531
-0.22594622834 10317.55493
0.0539156449216 10321.16577
-0.0212080412027 10324.77417
-0.245592458613 10328.38257
-0.182680704386 10331.99097
-0.0520499104225 10335.59937
-0.119632077723 10339.20654
-0.231852482945 10342.81128
-0.122258221172 10346.41724
-0.211836197034 10350.02197
-0.144198480569 10353.62671
-0.120151161913 10357.229
-0.200031548316 10360.83252
-0.0240501868312 10364.43481
-0.138193113716 10368.03711
-0.0314433463722 10371.6394
-0.148469658773 10375.23804
0.0302314828293 10378.83789
-0.123537246499 10382.43774
-0.152797660634 10386.03638
0.0167654375765 10389.63257
-0.275840699749 10393.2312
-0.276442361519 10396.82861
