0.0 1883.01102
0.0 1887.64923
-0.0 1892.28699
-0.0 1896.92459
-0.0 1901.56158
-0.0 1906.19812
0.0 1910.83435
-0.0 1915.47043
-0.0 1920.1059
0.0 1924.74091
0.0 1929.37561
0.0 1934.01001
0.0 1938.6441
0.0 1943.27759
0.0 1947.91077
0.0 1952.54349
0.0 1957.17575
-0.0 1961.80786
0.0 1966.43951
0.0 1971.07071
0.0 1975.70145
-0.0 1980.33203
-0.0 1984.96216
0.0 1989.59167
0.0 1994.22089
0.0 1998.84979
0.0 2003.47855
0.0 2008.10654
-0.0 2012.73422
0.0 2017.3616
0.0 2021.98853
0.0 2026.61514
-0.0 2031.2413
0.0 2035.867
0.0 2040.4924
-0.0 2045.11734
-0.0 2049.74197
-0.0 2054.36615
-0.0 2058.99002
0.0 2063.61343
0.0 2068.23654
0.0 2072.85919
0.0 2077.48123
-0.0 2082.10327
0.0 2086.72485
0.0 2091.34583
-0.0 2095.96649
-0.0 2100.5867
-0.0 2105.20676
-0.0 2109.82635
0.0 2114.44534
0.0 2119.06403
0.0 2123.6824
-0.0 2128.30048
-0.0 2132.91779
-0.0 2137.53494
0.0 2142.15179
-0.0 2146.76819
-0.0 2151.38412
-0.0 2155.9996
-0.0 2160.61493
-0.0 2165.22949
0.0 2169.84406
0.0 2174.45801
-0.0 2179.07166
-0.0 2183.68484
0.0 2188.29773
-0.0 2192.91031
-0.0 2197.52228
0.0 2202.13379
-0.0 2206.745
-0.0 2211.35574
0.0 2215.96634
-0.0 2220.57648
-0.0 2225.186
-0.0 2229.79553
0.0 2234.4043
-0.0 2239.01276
-0.0 2243.62076
-0.0 2248.22845
-0.0 2252.83569
0.0 2257.44278
-0.0 2262.0491
-0.0 2266.65512
-0.0 2271.26114
-0.0 2275.86639
-0.0 2280.47119
0.0 2285.07568
0.0 2289.67972
-0.0 2294.28345
-0.0 2298.88687
0.0 2303.48984
0.0 2308.09219
-0.0 2312.6944
-0.0 2317.29614
0.0 2321.89758
0.0 2326.49841
0.0 2331.09894
-0.0 2335.69901
-0.0 2340.29892
0.0 2344.89822
-0.0 2349.49707
0.0 2354.09561
0.0 2358.69385
0.0 2363.29163
-0.0 2367.88895
0.0 2372.48581
0.0 2377.08237
0.0 2381.67847
-0.0 2386.27441
-0.0 2390.8696
0.0 2395.46463
0.0 2400.0592
-0.0 2404.65332
-0.0 2409.24698
-0.0 2413.84033
-0.0 2418.43338
-0.0 2423.02597
0.0 2427.6181
-0.0 2432.20993
0.0 2436.80115
-0.0 2441.39221
0.0 2445.98282
-0.0 2450.57297
0.0 2455.16266
-0.0 2459.75189
-0.0 2464.34082
-0.0 2468.92944
0.0 2473.51761
0.0 2478.10516
0.0 2482.69272
0.0 2487.27951
-0.0 2491.866
-0.0 2496.45218
0.0 2501.0379
-0.0 2505.62317
0.0 2510.20813
-0.0 2514.79279
-0.0 2519.37668
-0.0 2523.96057
0.0 2528.54385
-0.0 2533.12683
-0.0 2537.7092
-0.0 2542.29126
0.0 2546.87302
-0.0 2551.45432
-0.0 2556.035
0.0 2560.61584
-0.0 2565.19592
-0.0 2569.7757
-0.0 2574.35455
-0.0 2578.93372
0.0 2583.51196
0.0 2588.0899
-0.0 2592.66754
0.0 2597.24487
-0.0 2601.8219
-0.0 2606.39832
-0.0 2610.97443
-0.0 2615.54993
0.0 2620.12512
-0.0 2624.69971
-0.0 2629.27429
-0.0 2633.84827
-0.0 2638.42194
-0.0 2642.9953
0.0 2647.56805
0.0 2652.1405
0.0 2656.71234
0.0 2661.28387
-0.0 2665.8551
0.0 2670.42572
-0.0 2674.99573
0.0 2679.56604
0.0 2684.13574
0.0 2688.70483
-0.0 2693.27362
0.0 2697.8418
0.0 2702.40936
-0.0 2706.97693
0.0 2711.54419
-0.0 2716.11053
0.0 2720.67688
0.0 2725.24292
0.0 2729.80835
0.0 2734.37347
-0.0 2738.93799
-0.0 2743.5025
-0.0 2748.0661
0.0 2752.62939
0.0 2757.19238
0.0 2761.75507
0.0 2766.31714
-0.0 2770.87891
-0.0 2775.44067
-0.0 2780.00122
-0.0 2784.56177
-0.0 2789.12201
-0.0 2793.68164
-0.0 2798.24097
0.0 2802.79968
-0.0 2807.3584
0.0 2811.9162
-0.0 2816.474
0.0 2821.03149
-0.0 2825.58838
0.0 2830.14465
-0.0 2834.70062
0.0 2839.25629
0.0 2843.81134
0.0 2848.36639
0.0 2852.92053
-0.0 2857.47467
-0.0 2862.0282
0.0 2866.58142
-0.0 2871.13434
-0.0 2875.68634
0.0 2880.23804
-0.0 2884.78973
-0.0 2889.34113
-0.0 2893.8913
-0.0 2898.44208
0.0 2902.99164
-0.0 2907.54089
0.0 2912.08984
-0.0 2916.63879
-0.0 2921.18683
0.0 2925.73456
0.0 2930.28198
-0.0 2934.82849
0.0 2939.37561
0.0 2943.92151
-0.0 2948.46741
-0.0 2953.01239
-0.0 2957.55737
-0.0 2962.10175
-0.0 2966.64581
-0.0 2971.18958
-0.0 2975.73242
-0.0 2980.27557
0.0 2984.81812
0.0 2989.35974
0.0 2993.90137
0.0 2998.44238
0.00148429963062 3002.9834
-0.00578420805425 3007.5235
-0.00148365603069 3012.0636
-0.00564401439848 3016.60278
-0.00040358394866 3021.14197
-0.00111955101149 3025.68054
-0.00445316017217 3030.21881
0.002064141664 3034.75677
0.00164675444271 3039.29413
0.0049559229852 3043.83118
0.00378403923015 3048.36761
0.00439585522635 3052.90375
-0.00178985902644 3057.43958
-0.00371745032732 3061.9751
0.00752891731627 3066.5097
0.000595724953206 3071.04431
0.00738090055256 3075.578
-0.00358336586109 3080.11169
-0.00214611843753 3084.64508
-0.00196496185009 3089.17755
0.00156661047437 3093.71063
0.00624601865609 3098.24219
0.00127244881499 3102.77374
-0.00173644853256 3107.30499
0.005755650295 3111.83563
-0.00386651408033 3116.36597
-0.00212279094982 3120.89569
0.0150274193609 3125.42511
-0.00239509504209 3129.95422
-0.000366366539547 3134.48273
-0.000238972837648 3139.01093
-0.00023772975186 3143.53882
-0.000235640209378 3148.0658
0.000508290851704 3152.59308
-0.004003719674 3157.11975
0.00946238075559 3161.64581
-0.00563495545205 3166.17126
-0.000680138512176 3170.69672
0.000240407129229 3175.22156
0.00102041064809 3179.74579
0.00133877171409 3184.27002
0.00580564672766 3188.79333
-0.00150663109642 3193.31665
-0.00387275273105 3197.83936
0.000442306307797 3202.36176
-0.00181120399225 3206.88354
-0.000844698290793 3211.40503
0.00397171321445 3215.92651
-0.00105774614793 3220.44647
-0.00137791358769 3224.96704
-0.00340720218601 3229.48639
0.00171881166957 3234.00604
0.00745993105839 3238.52509
-0.00189986914451 3243.04352
0.000541535370809 3247.56165
-0.00431306711744 3252.07916
-0.000302680559721 3256.59668
0.00543154378832 3261.11328
-0.00174803333369 3265.62988
-0.00101438990227 3270.14557
0.00610334485416 3274.66156
0.000815212165398 3279.17664
0.00259102249923 3283.6911
0.00275310493954 3288.20557
1.11290475641e-05 3292.71942
0.000677513959941 3297.23297
-0.00308638536398 3301.74561
0.00139642723802 3306.25854
-0.00271942755256 3310.77026
0.00367983643877 3315.28229
-0.00228168711879 3319.7937
0.000877311017054 3324.3045
-0.0001609803113 3328.815
-0.000831824863089 3333.32489
0.00274657132037 3337.83478
-0.00302175626257 3342.34406
-0.00136655489055 3346.85303
-0.00359446833934 3351.36078
0.00317783213194 3355.86914
0.00416816938762 3360.37659
0.000398038299892 3364.88342
8.60180356521e-05 3369.39026
-0.00113760289877 3373.89648
0.0034124508366 3378.4024
-0.00021605342383 3382.90771
0.00104542007112 3387.41272
0.00271682366119 3391.91681
-0.000643043314483 3396.4212
-0.00192322296225 3400.92468
-0.00204227833231 3405.42816
0.000706810953616 3409.93103
-0.000268529759072 3414.43329
0.000691842433644 3418.93555
0.000820296418669 3423.43689
0.00161663283595 3427.93793
-0.00318142726553 3432.43866
-5.81780073225e-05 3436.93878
-0.00272809281799 3441.4389
0.00708732998828 3445.93842
0.00363914035377 3450.43732
0.00252852969239 3454.93591
-5.51675636209e-05 3459.43359
0.00031536699175 3463.93158
0.00134804559801 3468.42896
0.000127555315751 3472.92542
-0.00130618610016 3477.42218
-0.000170421146397 3481.91803
-0.000929710627187 3486.41357
0.00122443510095 3490.90881
0.00115672048032 3495.40314
0.00205982339955 3499.89777
0.000742336060159 3504.39148
-0.000162013826786 3508.88489
0.00340195905261 3513.37799
0.000337644055706 3517.87048
0.0017015291671 3522.36267
0.00190095754662 3526.85425
-0.000529626281993 3531.34552
0.00238852330008 3535.83649
0.00162815306948 3540.32684
0.00315846813421 3544.81659
0.000721048047149 3549.30634
0.00313396122666 3553.79517
0.00274928308362 3558.2843
-0.00246411203444 3562.77222
0.00127578863168 3567.26013
0.00198893843338 3571.74774
0.00364716916798 3576.23444
0.000195609310071 3580.72113
0.00236057205549 3585.20721
0.00234037406454 3589.69299
0.00407755795326 3594.17786
0.00468241912217 3598.66302
0.00132367990498 3603.14697
0.00418984047537 3607.63123
0.00307982455236 3612.11456
0.00392979070557 3616.5976
0.00445581404941 3621.08032
0.00238098291446 3625.56244
0.00128769819043 3630.04456
0.00402197287348 3634.52576
0.00306053456873 3639.00696
0.00592551588833 3643.48663
0.00627552031271 3647.96722
0.00860303980975 3652.4469
0.00671549152124 3656.92596
0.00605556028886 3661.40472
0.00489613598892 3665.88287
0.00769861595247 3670.36102
0.00523268553552 3674.83826
0.00384410507976 3679.31549
0.00635618550924 3683.79181
0.0047951688737 3688.26843
0.00531480757997 3692.74384
0.00704712848156 3697.21924
0.00816277505795 3701.69403
0.00580345563954 3706.16821
0.00506995129398 3710.6427
0.00563808052881 3715.11566
0.00711996281385 3719.58923
0.00441890752055 3724.06158
0.00354325068485 3728.53424
0.00611673496443 3733.00568
0.00575765770366 3737.47711
0.00243264468097 3741.94794
0.00478423151366 3746.41846
0.00477827761561 3750.88898
0.00547040270703 3755.35828
0.00449945386257 3759.82758
0.0045580417096 3764.29596
0.00535969980448 3768.76465
0.00447528989529 3773.23242
0.00386048960856 3777.69989
0.00221505065299 3782.16675
-0.000528927570495 3786.6333
-0.000213683323874 3791.09985
0.00169456342215 3795.56519
-0.000271081351861 3800.03052
0.000820566285974 3804.49524
6.35652224715e-05 3808.95996
-0.00044438916469 3813.42377
0.00071520811387 3817.88727
0.000357274705064 3822.35046
0.00108822931807 3826.81274
0.00143233617639 3831.27533
0.00235274975575 3835.73669
0.00283124543744 3840.19836
0.00238719146588 3844.65912
0.00386046973272 3849.11957
0.00233692330452 3853.57971
0.0021571501627 3858.03925
0.00302286377494 3862.49847
0.00396682816507 3866.95679
0.00303054357617 3871.41541
0.00466832670939 3875.87311
0.00454540808403 3880.33051
0.00486834545094 3884.78729
0.00571681484778 3889.24408
0.00484948568005 3893.69995
0.00511694304207 3898.15552
0.00505338027191 3902.61078
0.00614507531327 3907.06543
0.00643772406743 3911.52008
0.00793462768136 3915.97351
0.00745958079136 3920.42725
0.00851500183076 3924.87976
0.00850529850996 3929.33289
0.0085233559906 3933.78479
0.0109328476332 3938.23639
0.00945641421219 3942.68768
0.0110189253755 3947.13837
0.0110884734934 3951.58905
0.0111030583681 3956.03851
0.0122229399905 3960.48798
0.0138756378667 3964.93683
0.0154388376557 3969.38568
0.0141794555137 3973.83392
0.0136439693252 3978.28156
0.0130279165674 3982.72888
0.0138260071477 3987.1756
0.0136618225573 3991.62201
0.0145063665198 3996.06781
0.0149504764222 4000.51361
0.0160270497263 4004.95819
0.0152839841396 4009.40308
0.0158335515498 4013.84705
0.0155958228193 4018.29102
0.0170882926034 4022.73438
0.0181580468547 4027.17682
0.0185995420195 4031.61926
0.0194827003659 4036.0611
0.0211941336315 4040.50293
0.0208293002403 4044.94385
0.0248091970873 4049.38446
0.0255547963095 4053.82477
0.0260701725095 4058.26447
0.0243759891674 4062.70386
0.0249756312577 4067.14233
0.0241379908582 4071.58081
0.0246904089745 4076.01868
0.0273974310664 4080.45624
0.0294580616341 4084.89319
0.0289576130909 4089.33014
0.0284560971479 4093.76617
0.0292562663483 4098.2019
0.0331875612913 4102.63702
0.0334413315298 4107.07184
0.0349614385385 4111.50635
0.0334293026001 4115.94025
0.0336963707235 4120.37384
0.0349707633592 4124.80682
0.0368414666264 4129.23981
0.0405856180291 4133.67126
0.0427234820115 4138.10333
0.0437682940172 4142.53479
0.0442517237068 4146.96533
0.0425089266535 4151.39587
0.042878883499 4155.82581
0.0430166411831 4160.25543
0.0449743957344 4164.68414
0.049491797256 4169.11285
0.0540130400325 4173.54065
0.0509707338212 4177.96875
0.0516100393012 4182.39594
0.0533549093722 4186.82281
0.0546521236936 4191.24908
0.0564692628534 4195.67505
0.0581339988685 4200.10071
0.0611503418284 4204.52545
0.0594144129451 4208.9502
0.0587658096562 4213.37372
0.0559369783865 4217.79785
0.0553778856252 4222.22107
0.0552625413577 4226.64368
0.0583177288096 4231.06628
0.0616597647508 4235.48798
0.0667373271103 4239.90967
0.0724884619426 4244.33044
0.068509362031 4248.75092
0.0686703719469 4253.17078
0.0674910293644 4257.59064
0.0647793375889 4262.00989
0.0613919329695 4266.42853
0.0617333927228 4270.84686
0.0625028342253 4275.26459
0.063322465756 4279.68201
0.0640945003775 4284.09912
0.0660339861849 4288.51563
0.0664135149019 4292.93121
0.0688390269844 4297.34711
0.0706998533814 4301.76239
0.0706823703499 4306.17706
0.0717105389793 4310.59113
0.069252405483 4315.00488
0.0671698985896 4319.41833
0.0627158945342 4323.83087
0.0625920201924 4328.24341
0.0601103552308 4332.65533
0.0597674666999 4337.06726
0.0581741525753 4341.47827
0.0610663382391 4345.88867
0.0656392002279 4350.29877
0.0761976610748 4354.70825
0.0886606767691 4359.11804
0.0993785508975 4363.52661
0.0946821749572 4367.93518
0.0831576783292 4372.34283
0.073827541725 4376.75049
0.0694003983189 4381.15723
0.0676917062756 4385.56396
0.0664933136942 4389.9704
0.0655351746928 4394.37561
0.0646623978264 4398.78113
0.0617057343595 4403.18573
0.0655470468378 4407.59033
0.0667224602444 4411.99341
0.0661245337105 4416.39709
0.0677889253749 4420.79956
0.0679577636412 4425.20264
0.0721465129234 4429.6051
0.0758482900618 4434.00604
0.0793278773545 4438.40759
0.0790807637775 4442.80762
0.0804665703431 4447.20825
0.0834244343815 4451.60767
0.088186823096 4456.00739
0.0881198369103 4460.40558
0.085044167462 4464.80438
0.0788801404709 4469.20258
0.0726495855681 4473.59955
0.0743591632643 4477.99713
0.0702027481158 4482.39319
0.07340623317 4486.78955
0.0750806148954 4491.185
0.0704935460539 4495.58014
0.0697612021646 4499.97498
0.0701813120833 4504.36951
0.0709589308929 4508.76343
0.0728758982797 4513.15674
0.0719312213855 4517.54974
0.0762547832608 4521.94183
0.0740179001455 4526.33392
0.0781321821079 4530.7251
0.078309297216 4535.11688
0.0782350860805 4539.50684
0.0755342217502 4543.8974
0.0752091709535 4548.28735
0.0764824305063 4552.67639
0.0778883977372 4557.06543
0.08247639702 4561.45325
0.0853242135095 4565.84137
0.0843609403908 4570.22858
0.0874391702226 4574.61578
0.0887664299808 4579.00208
0.092290046489 4583.38867
0.0968615357081 4587.77405
0.0973227277472 4592.15912
0.0988017629977 4596.54388
0.0895449083014 4600.92773
0.0866524147034 4605.31189
0.088054589085 4609.69513
0.0922949789403 4614.07806
0.0938811274003 4618.46008
0.0881092269115 4622.84241
0.0870436974925 4627.22351
0.0828380475686 4631.60461
0.0852440499156 4635.98541
0.087020575176 4640.3653
0.0850343953409 4644.74518
0.0840971434821 4649.12384
0.0810147997853 4653.50281
0.080398043981 4657.88086
0.0803378819062 4662.25891
0.0837019583112 4666.63605
0.0875812301328 4671.01318
0.0899692251239 4675.39001
0.0943822517169 4679.76563
0.0976325375564 4684.14124
0.0963514228494 4688.51593
0.098034841759 4692.89063
0.0973226372388 4697.2644
0.0967441842499 4701.63849
0.0974792125744 4706.01135
0.0931775713072 4710.38422
0.0953716887396 4714.75677
0.0953026255027 4719.12811
0.10059521473 4723.50006
0.102120466161 4727.87048
0.101872690948 4732.24121
0.100802295327 4736.61072
0.100648560783 4740.98053
0.0935846351387 4745.34943
0.0885861477198 4749.71802
0.0847685086773 4754.0863
0.0827570160126 4758.45367
0.0806907220776 4762.82104
0.0805337426986 4767.1875
0.0856404956838 4771.55426
0.089630408674 4775.91949
0.093704209848 4780.28503
0.0928947142928 4784.64966
0.0925083115465 4789.01428
0.0932299468328 4793.3786
0.0937884197628 4797.7417
0.0916827226813 4802.1051
0.0912338826431 4806.46698
0.0895721829312 4810.82947
0.0930573187996 4815.19073
0.0940852853416 4819.552
0.0949261720439 4823.91266
0.0969754837955 4828.27301
0.0921535724418 4832.63306
0.0908559092779 4836.99188
0.0865835318816 4841.35101
0.0824783703278 4845.70923
0.0819091734911 4850.06744
0.0805098318384 4854.42413
0.0815390259513 4858.78174
0.0788846586812 4863.13782
0.0782937880012 4867.4939
0.0788978488092 4871.84998
0.0846441801692 4876.20453
0.0902831828596 4880.55939
0.0971824911129 4884.91333
0.101415043652 4889.26727
0.101533526279 4893.6203
0.098274380815 4897.97302
0.0969269547687 4902.32513
0.094420680868 4906.67755
0.0933617139527 4911.02905
0.0950803487823 4915.37964
0.0970492795999 4919.73022
0.0945115847682 4924.0799
0.0918892226724 4928.42957
0.0902148372588 4932.77832
0.0911282369785 4937.12738
0.095288326984 4941.47491
0.0953914815256 4945.82275
0.0933998806376 4950.17029
0.0935812526887 4954.5166
0.0959073398734 4958.86292
0.0952116875801 4963.20831
0.0959674144356 4967.55402
0.10012716561 4971.8985
0.10347509306 4976.24298
0.110479690017 4980.58655
0.115443328657 4984.93042
0.119490482097 4989.27368
0.118735214267 4993.61572
0.11936036151 4997.95807
0.116911150916 5002.29919
0.1137211818 5006.64063
0.110920571911 5010.98083
0.107178096725 5015.32104
0.107502214505 5019.66064
0.109436781265 5023.99994
0.111435569825 5028.33893
0.109856782631 5032.677
0.112253161527 5037.01477
0.116076905696 5041.35193
0.123891435091 5045.68909
0.126115733145 5050.02502
0.119703128028 5054.36127
0.114514098855 5058.69629
0.110791057796 5063.03162
0.108398033023 5067.36603
0.108098419826 5071.69983
0.107675507493 5076.03363
0.106291736537 5080.36621
0.103085892485 5084.6994
0.0986330465447 5089.03107
0.0943322139476 5093.36304
0.0937377741691 5097.69379
0.0942535024154 5102.02484
0.0970929073461 5106.35529
0.102845998975 5110.68481
0.108294655192 5115.01434
0.111433391114 5119.34265
0.116602189204 5123.67126
0.115751341088 5127.99927
0.111517763047 5132.32605
0.109735828503 5136.65344
0.108917382346 5140.97961
0.10605392303 5145.30579
0.107225506957 5149.63135
0.11114907854 5153.95691
0.11438352008 5158.28064
0.118790396459 5162.60498
0.118194138267 5166.92871
0.11698518795 5171.25183
0.114049634536 5175.57373
0.114580167292 5179.89624
0.113983637504 5184.21753
0.115571964527 5188.53943
0.117783061708 5192.86072
0.11484208842 5197.18018
0.111744454997 5201.50024
0.107924369589 5205.81909
0.107883041785 5210.13855
0.110942217593 5214.45679
0.111169075674 5218.77502
0.115244819447 5223.09204
0.117663359484 5227.40906
0.118277362944 5231.72546
0.118847258045 5236.04187
0.115662616683 5240.35767
0.111366333609 5244.67224
0.106986538046 5248.98682
0.106536601582 5253.30078
0.111383192088 5257.61475
0.126220072816 5261.92749
0.14341507983 5266.24023
0.150423208781 5270.55237
0.150595412387 5274.86389
0.141625077859 5279.17542
0.130456716314 5283.48572
0.124788584406 5287.79663
0.120440859884 5292.10571
0.119164168508 5296.41541
0.127063496672 5300.72388
0.134058207139 5305.03235
0.142311987995 5309.34082
0.142232221708 5313.64746
0.142216405794 5317.95532
0.14508431179 5322.26135
0.151332118436 5326.56738
0.166028348251 5330.8728
0.190995662057 5335.17822
0.236189194337 5339.48242
0.289611753282 5343.78662
0.316722917385 5348.09082
0.301270576047 5352.39319
0.266276757972 5356.69617
0.276743632177 5360.99792
0.329425349654 5365.29968
0.384728715592 5369.60083
0.419981530605 5373.90137
0.436462558845 5378.2019
0.441293974014 5382.50183
0.439098091416 5386.80115
0.431969365514 5391.09985
0.416225878016 5395.39795
0.394627188552 5399.69543
0.367558465236 5403.99292
0.333079784387 5408.28979
0.293965020676 5412.58606
0.255987945232 5416.88171
0.22827293899 5421.17737
0.209398111499 5425.47302
0.194473784723 5429.76685
0.171992273702 5434.06128
0.15254405885 5438.35388
0.143440099614 5442.64771
0.142381055874 5446.9397
0.150140877091 5451.2323
0.181469432377 5455.52307
0.220959143314 5459.81506
0.258732753014 5464.10583
0.263420806835 5468.39539
0.222263331817 5472.68555
0.185629312443 5476.97449
0.161348025136 5481.26282
0.14703850941 5485.55054
0.136875798598 5489.83887
0.131892134863 5494.12598
0.130659965985 5498.41309
0.129993671502 5502.69958
0.12869210077 5506.98486
0.127279866739 5511.27075
0.125892470719 5515.55481
0.124416578285 5519.83948
0.1256397731 5524.12292
0.125598484401 5528.40698
0.128615372192 5532.6886
0.129115076287 5536.97205
0.131917550282 5541.25366
0.136458552525 5545.53467
0.142948366491 5549.81628
0.141616427142 5554.09607
0.136744939766 5558.37646
0.132234905041 5562.65564
0.130348228554 5566.93481
0.131011835311 5571.21338
0.130561940355 5575.49133
0.133774396371 5579.76929
0.144303242247 5584.04602
0.157004265738 5588.32275
0.175255270588 5592.59888
0.186899923291 5596.87439
0.185612020331 5601.14929
0.176782491788 5605.42419
0.165422619613 5609.69788
0.154136719624 5613.97156
0.148914629365 5618.24524
0.148385334171 5622.5177
0.149383634885 5626.79016
0.155155149143 5631.0614
0.166036615083 5635.33264
0.172604737528 5639.60327
0.184229641889 5643.87329
0.189559350891 5648.14331
0.190371884882 5652.41272
0.191530950868 5656.68213
0.191364717736 5660.94971
0.195773204612 5665.2179
0.211031377722 5669.48425
0.225058790586 5673.75183
0.239817922875 5678.01819
0.261389748664 5682.28394
0.287420359712 5686.54846
0.319505473687 5690.81421
0.343575224748 5695.07874
0.346665447514 5699.34265
0.329080655261 5703.60596
0.300280199545 5707.86865
0.273673465467 5712.13074
0.249322879507 5716.39282
0.231726820756 5720.6543
0.217017853002 5724.91516
0.204858523421 5729.17603
0.198285954521 5733.43567
0.19295663796 5737.69531
0.191692167021 5741.95435
0.19165163172 5746.21277
0.192452319423 5750.47119
0.191831844814 5754.72839
0.197091117167 5758.9856
0.199710261757 5763.24158
0.209477568696 5767.49817
0.209404043728 5771.75293
0.207840403982 5776.0083
0.205150917331 5780.26306
0.204013928927 5784.51721
0.206450089933 5788.77136
0.207069152351 5793.02429
0.211974997236 5797.27661
0.210670126099 5801.52832
0.210543111702 5805.78064
0.215402923512 5810.03113
0.215647068887 5814.28223
0.219095645761 5818.53271
0.220662354657 5822.78198
0.226634062852 5827.03125
0.236598980275 5831.2793
0.243820934349 5835.52795
0.24991611179 5839.77539
0.262556291176 5844.02283
0.275182822594 5848.26965
0.292509349482 5852.51587
0.307710086878 5856.76208
0.325986884665 5861.00647
0.341292992548 5865.25208
0.347436566811 5869.49524
0.33718402277 5873.73962
0.309730923743 5877.98218
0.259093345081 5882.22534
0.195629235307 5886.46729
0.136580782421 5890.70984
0.0931288599656 5894.95117
0.0708431575652 5899.19128
0.0653203743142 5903.43201
0.0721737942051 5907.67151
0.0827841714796 5911.91101
0.10099671199 5916.1499
0.120819118339 5920.38818
0.138634049268 5924.62524
0.158090834748 5928.86292
0.178908538473 5933.10059
0.196204987266 5937.33582
0.218327346123 5941.57227
0.231514806976 5945.8075
0.25082145555 5950.04272
0.263711664484 5954.27673
0.279172027398 5958.51074
0.295945682462 5962.74353
0.307164231905 5966.97632
0.320105590619 5971.20911
0.326813867298 5975.44067
0.335428782841 5979.67224
0.338744454495 5983.9032
0.349818809744 5988.13354
0.35804764402 5992.36328
0.362559577456 5996.59241
0.368214758213 6000.82153
0.370118842455 6005.05005
0.373619226182 6009.27795
0.377401653911 6013.50525
0.377643185887 6017.73254
0.380990208112 6021.95862
0.376470666826 6026.18408
0.378174626755 6030.40955
0.372262447918 6034.6344
0.371742542765 6038.85925
0.366684828293 6043.0835
0.370031606688 6047.30652
0.368774066286 6051.52893
0.372147507599 6055.75195
0.369263980574 6059.97375
0.363860840488 6064.19495
0.364287360448 6068.41553
0.364599153 6072.63672
0.357523118707 6076.85608
0.356322566038 6081.07605
0.358984085703 6085.2948
0.362924138576 6089.51294
0.364664877192 6093.73108
0.359174511237 6097.948
0.352593214574 6102.16553
0.352928599476 6106.38123
0.352769756809 6110.59753
0.351041759953 6114.81262
0.349447626329 6119.02832
0.354436803043 6123.24219
0.358766731474 6127.45605
0.354510344022 6131.66931
0.344350191814 6135.88196
0.339064739246 6140.0946
0.337218617683 6144.30664
0.333620935296 6148.51807
0.335787494452 6152.72827
0.349878599987 6156.93909
0.372747009122 6161.14929
0.395336691099 6165.35889
0.400661816908 6169.56787
0.388093645408 6173.77563
0.372914705083 6177.9834
0.350037260336 6182.19055
0.337728580143 6186.39832
0.328592592888 6190.60364
0.318346942736 6194.81018
0.313740838017 6199.01611
0.308731878692 6203.22083
0.301597782406 6207.42493
0.297620539815 6211.62842
0.299832069145 6215.83191
0.29651275205 6220.03418
0.291869148482 6224.23706
0.294328006925 6228.43872
0.293977678848 6232.64038
0.289055268869 6236.84143
0.29016464197 6241.04126
0.288407027922 6245.2417
0.289377945243 6249.44031
0.303168314655 6253.64014
0.310378990412 6257.83752
0.315004776109 6262.03552
0.328999965029 6266.2323
0.324858170904 6270.42969
0.315595320003 6274.62585
0.306833182947 6278.82141
0.306317332934 6283.01697
0.309113479685 6287.2113
0.304197968865 6291.40625
0.3046935795 6295.59998
0.306964934178 6299.79309
0.306789563513 6303.9856
0.308777085395 6308.1781
0.308588942025 6312.37
0.299089546965 6316.56067
0.292893771784 6320.75195
0.28777381175 6324.94202
0.284426810933 6329.13208
0.285616831031 6333.32092
0.286784515564 6337.50977
0.290691874212 6341.69739
0.289214545916 6345.88562
0.296872789187 6350.07263
0.294558158085 6354.25964
0.301642037372 6358.44543
0.299376945392 6362.63123
0.305343430025 6366.81641
0.307620758124 6371.00037
0.307792492854 6375.18494
0.312578948797 6379.36829
0.308828666664 6383.55164
0.314131425751 6387.73438
0.309711485471 6391.9165
0.309286894441 6396.09863
0.301997848603 6400.27893
0.301285611236 6404.45984
0.299158365832 6408.63953
0.293854281517 6412.81921
0.286293610708 6416.99829
0.277894878086 6421.17676
0.276021089879 6425.35461
0.272808472108 6429.53247
0.277732007553 6433.70972
0.28430369603 6437.88635
0.295467533799 6442.06177
0.29587509585 6446.23718
0.28731517692 6450.4126
0.289885290376 6454.58618
0.296519349263 6458.76099
0.297937748908 6462.93396
0.301808008244 6467.10693
0.300870833758 6471.27991
0.298608232003 6475.45166
0.294122459547 6479.62341
0.285815408564 6483.79333
0.282736592403 6487.96448
0.280461839837 6492.13379
0.275183467785 6496.3031
0.273480936634 6500.4718
0.260765175408 6504.63989
0.253167880337 6508.80859
0.24280698048 6512.97546
0.237459002007 6517.14233
0.233951085622 6521.30859
0.22650792349 6525.47485
0.22718035155 6529.63928
0.227406667461 6533.80432
0.229783252829 6537.96814
0.234191511702 6542.13196
0.242113241099 6546.29578
0.248181399839 6550.45837
0.255066822838 6554.62036
0.264232681111 6558.78174
0.261786532116 6562.94312
0.260154313406 6567.10327
0.256150046956 6571.26404
0.25725814073 6575.42358
0.259410061922 6579.58252
0.259771114949 6583.74084
0.255352449734 6587.89917
0.239689569672 6592.05688
0.228420546621 6596.21338
0.229221060226 6600.37048
0.228452252852 6604.52637
0.229692076945 6608.68164
0.226421618687 6612.83691
0.224092075006 6616.99158
0.221833653264 6621.14502
0.220025636618 6625.29846
0.220316858038 6629.45129
0.218484804887 6633.60413
0.215869873954 6637.75635
0.214984700269 6641.90674
0.217693112008 6646.05835
0.214289181558 6650.20813
0.214947879911 6654.35791
0.214252655557 6658.50769
0.221600914049 6662.65625
0.226802765417 6666.8042
0.234839306082 6670.95215
0.233947915815 6675.09949
0.226220335588 6679.24622
0.224659327807 6683.39233
0.224532088959 6687.53784
0.220873615351 6691.68335
0.223378592027 6695.82825
0.221561175098 6699.97192
0.221839814146 6704.1156
0.222415013054 6708.25867
0.224278751933 6712.40173
0.226983033404 6716.54358
0.231126433827 6720.68481
0.229302623649 6724.82605
0.225561334993 6728.96667
0.219749374683 6733.10669
0.219411846253 6737.24609
0.218514507983 6741.38489
0.218880355141 6745.52307
0.219725907343 6749.66064
0.22020999896 6753.79822
0.219120117657 6757.93579
0.216881330795 6762.07153
0.219295125406 6766.20789
0.219919546973 6770.34241
0.212169156587 6774.47754
0.212622882606 6778.61206
0.209872473546 6782.74597
0.204303642548 6786.87866
0.201013485396 6791.01135
0.195286865649 6795.14404
0.193091861311 6799.27551
0.189232939879 6803.40698
0.188637669104 6807.53723
0.185311051233 6811.66748
0.185845342246 6815.79712
0.183301923068 6819.92615
0.188391385358 6824.05457
0.190995010247 6828.18298
0.198651472412 6832.31018
0.205173156752 6836.43738
0.210859280488 6840.56335
0.198511344597 6844.68994
0.196576371949 6848.81531
0.199767734618 6852.93945
0.20323361603 6857.06482
0.19985312243 6861.18774
0.187289142217 6865.31128
0.173723310236 6869.43481
0.169872817171 6873.55713
0.163071852974 6877.67883
0.161377625125 6881.79932
0.158033071739 6885.92041
0.155739926425 6890.04089
0.158856876476 6894.16016
0.160502310625 6898.27881
0.156244932612 6902.39868
0.156743869086 6906.51611
0.152827372341 6910.63354
0.148298781843 6914.75098
0.147191638978 6918.86719
0.146443456393 6922.9834
0.147459889385 6927.099
0.14669101754 6931.2146
0.146984768135 6935.32837
0.143640096442 6939.44214
0.147363891316 6943.55652
0.149951806034 6947.66846
0.150693486754 6951.78101
0.156097156547 6955.89294
0.157446979932 6960.00366
0.154529888907 6964.11438
0.14917413437 6968.2251
0.143453003064 6972.33459
0.139594140947 6976.44409
0.139360372037 6980.55298
0.135383384273 6984.66064
0.141788296968 6988.76831
0.14246266622 6992.87537
0.146199976423 6996.98181
0.146842095391 7001.08826
0.145029016307 7005.19348
0.140585324554 7009.2981
0.141810418513 7013.40271
0.140331533504 7017.50732
0.14018257449 7021.61011
0.135836872026 7025.7135
0.134683613084 7029.81567
0.129574973451 7033.91724
0.130710787336 7038.0188
0.129433119658 7042.11914
0.128036007775 7046.21948
0.128894905294 7050.31921
0.124414143005 7054.41895
0.123147331529 7058.51746
0.121557281451 7062.61536
0.119616284819 7066.71265
0.117877706996 7070.81055
0.118643945171 7074.90662
0.11692061803 7079.0033
0.116875161278 7083.09814
0.117057657498 7087.19299
0.116691093149 7091.28784
0.113389171104 7095.38147
0.115928091294 7099.4751
0.114132937539 7103.5675
0.116454852459 7107.66052
0.112306018269 7111.75171
0.114219885121 7115.8429
0.111657224883 7119.93347
0.114404495719 7124.02405
0.113853894474 7128.11401
0.113011971091 7132.20276
0.114059786775 7136.2915
0.114405305566 7140.37964
0.120049142481 7144.46777
0.126081774712 7148.55408
0.129518454541 7152.64099
0.12602883633 7156.72668
0.121059940917 7160.81177
0.116953144345 7164.89746
0.113073413109 7168.98132
0.112198624689 7173.06519
0.109134543686 7177.14844
0.107825951849 7181.23108
0.104590903614 7185.31372
0.106599365563 7189.39514
0.106005961543 7193.47595
0.106137963569 7197.55676
0.108326618419 7201.63696
0.113209054531 7205.71716
0.118538104731 7209.79614
0.110661817582 7213.87451
0.113007423811 7217.95227
0.106303386421 7222.02942
0.106626441097 7226.10718
0.108843169147 7230.18311
0.109811245863 7234.25903
0.106981355222 7238.33374
0.102898526189 7242.40906
0.104547925829 7246.48376
0.101778517103 7250.55725
0.101739695291 7254.63013
0.10090433767 7258.703
0.100756813965 7262.77466
0.10435281161 7266.84631
0.101244309305 7270.91797
0.0964939190293 7274.98779
0.0968088918862 7279.05823
0.0977223931139 7283.12805
0.0995004674168 7287.19666
0.100429020777 7291.26526
0.095493613824 7295.33264
0.0956114595597 7299.40063
0.0956411424724 7303.4668
0.0987162999503 7307.53357
0.0963526230344 7311.59851
0.0951071512479 7315.66406
0.0928267847905 7319.729
0.0941710830391 7323.79272
0.0975305579832 7327.85645
0.0963499790354 7331.91895
0.0948083465462 7335.98206
0.0944020414933 7340.04333
0.0967353615583 7344.10522
0.0919360599802 7348.16528
0.092380743714 7352.22656
0.0893761564151 7356.28662
0.0886348617967 7360.34546
0.0897612821541 7364.4043
0.0864399941409 7368.46252
0.0917673628643 7372.52014
0.0955313316936 7376.57715
0.100074118356 7380.63354
0.098256728932 7384.68933
0.0921787300706 7388.74512
0.0921328648056 7392.80029
0.0897202859142 7396.85486
0.0932308968092 7400.90881
0.0938690413641 7404.96216
0.096399439239 7409.0155
0.100512123862 7413.06702
0.101390714106 7417.11914
0.101509532619 7421.17004
0.0963295250189 7425.22095
0.0948152270911 7429.27124
0.0940112173257 7433.32031
0.090140674072 7437.37
0.0897847438324 7441.41785
0.0865518071221 7445.46631
0.0859162223957 7449.51355
0.0875922809082 7453.56079
0.0900060874012 7457.6062
0.0865595321861 7461.65283
0.0881549781172 7465.69824
0.0873239352891 7469.74243
0.0858637012168 7473.78723
0.0850346524416 7477.8302
0.0853820993111 7481.87378
0.083182234089 7485.91614
0.0873000234476 7489.9585
0.0875918900602 7493.99963
0.0852976507726 7498.04077
0.0845503972727 7502.0813
0.0870366598342 7506.12122
0.0831309887089 7510.16052
0.0879775896493 7514.19922
0.0903319755059 7518.23792
0.0892192037936 7522.27478
0.0885322809831 7526.31226
0.0867949524121 7530.34851
0.0862218773183 7534.38477
0.0930116752247 7538.42102
0.0955246332775 7542.45544
0.0997442879139 7546.48987
0.107508854743 7550.52368
0.112854654321 7554.5575
0.111747296399 7558.59009
0.113277666895 7562.62268
0.111208654908 7566.65405
0.102038064786 7570.68542
0.0965478651673 7574.7168
0.0924846021432 7578.74634
0.0886483249093 7582.77588
0.091458788085 7586.8042
0.0867333858415 7590.83374
0.0930660693628 7594.86084
0.0893086768827 7598.88916
0.0933349083477 7602.91504
0.0876150323268 7606.94214
0.0845285360172 7610.96802
0.089954496958 7614.99268
0.0889788625455 7619.01733
0.0877035382332 7623.04199
0.0862880678675 7627.06543
0.0879662626079 7631.08826
0.0879971775927 7635.11108
0.0882327331719 7639.13208
0.0897503583808 7643.15369
0.0917617381741 7647.17529
0.0964311331495 7651.19568
0.100814522937 7655.21545
0.112439902256 7659.23462
0.131504982471 7663.25317
0.14920550219 7667.27112
0.150896951041 7671.28845
0.141790960574 7675.30518
0.131202834566 7679.32251
0.112931420177 7683.33862
0.1045931057 7687.35413
0.0981190155369 7691.36841
0.102415197524 7695.38269
0.106615521419 7699.39636
0.109756598075 7703.41003
0.104646746124 7707.42249
0.101959584672 7711.43433
0.100468466464 7715.44617
0.096374548704 7719.4574
0.0925510505987 7723.46802
0.0868347525493 7727.47803
0.0845512728877 7731.48682
0.0836807791642 7735.49622
0.082393721058 7739.50439
0.0780373413302 7743.51196
0.0822449290942 7747.51892
0.0782451982169 7751.52588
0.0794821184198 7755.53162
0.0755068338934 7759.53735
0.0738098594207 7763.54309
0.0768401363742 7767.54639
0.0733106890339 7771.5509
0.0686249460032 7775.5542
0.0732408241189 7779.5575
0.0707398482626 7783.55896
0.0758832204575 7787.56104
0.0759558543113 7791.56189
0.0754135012685 7795.56274
0.0768750528409 7799.56299
0.0761717083862 7803.56201
0.0820935388984 7807.56165
0.082074607202 7811.56006
0.0805994917219 7815.55786
0.0844441720185 7819.55505
0.0847172442749 7823.55225
0.0858303741146 7827.54761
0.0795320999705 7831.54358
0.0771218916354 7835.53894
0.0721499015503 7839.53369
0.0721634497743 7843.52783
0.072440406582 7847.52075
0.0696910835675 7851.51367
0.0727234385042 7855.50598
0.0679557565812 7859.49768
0.0670583773006 7863.48877
0.0698039288941 7867.47986
0.0705463614685 7871.47034
0.0669244864586 7875.45959
0.0690208797317 7879.44885
0.0691400731543 7883.4375
0.0713343092753 7887.42493
0.065116092297 7891.41235
0.0637487825422 7895.39917
0.0647577493084 7899.38538
0.068608493507 7903.37158
0.0759106018729 7907.35718
0.0687691539304 7911.34094
0.0726945181418 7915.32532
0.0764000860798 7919.30847
0.0755093518889 7923.29224
0.0702800475175 7927.27417
0.0691125877706 7931.2561
0.0723458681841 7935.23682
0.070792992525 7939.21753
0.0693100231025 7943.19824
0.0721989015542 7947.17773
0.0684647022427 7951.15723
0.0701074783769 7955.1355
0.0691166114834 7959.11377
0.0720317983867 7963.09082
0.0662527927654 7967.06787
0.0720674813233 7971.0437
0.0713008995536 7975.01953
0.0688306888747 7978.99536
0.0650141360855 7982.96936
0.0708077709215 7986.94397
0.0672720140506 7990.91736
0.0674079836351 7994.89014
0.0703846589607 7998.8623
0.0684942924714 8002.83447
0.0696836758213 8006.80542
0.0674821482878 8010.77637
0.0621817773058 8014.7467
0.0694310407905 8018.71643
0.0687725626248 8022.68555
0.0664029948495 8026.65405
0.0705199786029 8030.62256
0.0670120133728 8034.58923
0.0642301467414 8038.55652
0.0801621758197 8042.52258
0.0664536322212 8046.48804
0.0699354671957 8050.4541
0.0759998224441 8054.41833
0.0659008444444 8058.38257
0.0754937688213 8062.34619
0.0699191891136 8066.30859
0.0660620137862 8070.271
0.0676387769844 8074.23279
0.0666249707508 8078.19458
0.0674765021279 8082.15515
0.0714062155997 8086.11572
0.068652771783 8090.07507
0.0700894296425 8094.03381
0.068627868478 8097.99194
0.0739963691145 8101.95068
0.0742037244445 8105.90759
0.0728311568494 8109.8645
0.0747618637315 8113.8208
0.0776503887916 8117.77649
0.0771637303305 8121.73157
0.0727255146458 8125.68665
0.0749979324768 8129.6405
0.0736796298144 8133.59375
0.0747537117451 8137.54639
0.0831779925196 8141.49841
0.0854293768598 8145.45105
0.0879615143111 8149.40186
0.0976253929509 8153.35266
0.112544918067 8157.30347
0.111998379048 8161.25244
0.139787049017 8165.20203
0.167767103339 8169.14978
0.208238790211 8173.09753
0.296096950827 8177.04468
0.406495758409 8180.99182
0.51980698253 8184.93774
0.619534366714 8188.88367
0.689809671175 8192.82898
0.752797790292 8196.77307
0.782537665404 8200.71716
0.781069028396 8204.66003
0.761024966219 8208.60291
0.717097771358 8212.54517
0.659425544699 8216.48743
0.587775074208 8220.42786
0.524049577088 8224.3689
0.463677056819 8228.30872
0.401026902816 8232.24792
0.353393644094 8236.18774
0.307487511559 8240.12512
0.278009874869 8244.06311
0.254282545656 8247.99988
0.227464228355 8251.93665
0.207555383908 8255.8728
0.20107257356 8259.80835
0.188233560897 8263.74329
0.179115279909 8267.67761
0.166153442669 8271.61194
0.157735304141 8275.54443
0.149928200044 8279.47754
0.148489656341 8283.40942
0.140621023829 8287.34131
0.128747984327 8291.27136
0.127987343356 8295.20264
0.124729655611 8299.13208
0.118550638873 8303.06152
0.115914598969 8306.99097
0.112348678352 8310.91797
0.10099648655 8314.84619
0.114743074484 8318.77319
0.108898646793 8322.7002
0.112501243562 8326.62537
0.11412290424 8330.55054
0.114059187291 8334.4751
0.0968658013245 8338.39966
0.0991310794056 8342.32361
0.0953222317663 8346.24634
0.0966225196626 8350.16907
0.08979647447 8354.09058
0.0835618953244 8358.01208
0.084708751517 8361.93298
0.0856363422745 8365.85327
0.0781550405192 8369.77295
0.0785956199186 8373.69202
0.0723512586304 8377.61047
0.0783164128823 8381.52832
0.0749598295735 8385.44617
0.079915892455 8389.36218
0.0797202450788 8393.27942
0.0804242282473 8397.19421
0.0746445983347 8401.11023
0.0737942166103 8405.0238
0.0589694415955 8408.9386
0.0692400593086 8412.85217
0.0755658791127 8416.76453
0.0655442549968 8420.67749
0.068374427152 8424.58862
0.0736898132712 8428.49976
0.0660981226157 8432.41028
0.0688800190379 8436.32019
0.0617530966367 8440.22949
0.0663859974825 8444.13879
0.0670263671268 8448.04749
0.0649434301719 8451.95496
0.0679335903236 8455.86182
0.0644234226857 8459.76807
0.066131064767 8463.67432
0.070067128414 8467.57996
0.0629326988688 8471.48499
0.0651379035029 8475.38879
0.0611084174847 8479.2926
0.066804334976 8483.19641
0.0619526517638 8487.09839
0.0588137898184 8491.00098
0.0622555012757 8494.90234
0.0649567187592 8498.8031
0.0598540613721 8502.70325
0.0647626224869 8506.60339
0.0600041221655 8510.50171
0.0609251123126 8514.40125
0.0547885155202 8518.29895
0.0596207412935 8522.19604
0.0588098072881 8526.09314
0.0616814092133 8529.98901
0.0568523004463 8533.8855
0.0615672165316 8537.78015
0.0657571009762 8541.6748
0.0639284895356 8545.56885
0.0620780701567 8549.46228
0.0677490745085 8553.35571
0.0544131871701 8557.24731
0.0622628886253 8561.13953
0.0561783458029 8565.03052
0.0564658894801 8568.92151
0.0551280465971 8572.81067
0.0543434303728 8576.70105
0.0575547922056 8580.5896
0.0588740346784 8584.47754
0.069905367885 8588.36609
0.0640946474421 8592.25281
0.0583806906366 8596.13892
0.0543039745675 8600.02502
0.0530152405529 8603.91052
0.0572482065528 8607.79541
0.0592410033162 8611.67969
0.062252015835 8615.56335
0.0553605738088 8619.44702
0.0638682778441 8623.32947
0.0531323952067 8627.21069
0.0577696467438 8631.09253
0.0540878849446 8634.97314
0.0581901738871 8638.85376
0.0583357504631 8642.73315
0.0453669961515 8646.61255
0.0427532268 8650.49072
0.05714332554 8654.3689
0.0653081544077 8658.24707
0.0626050079547 8662.1228
0.0540552384881 8665.99915
0.0558638045707 8669.87488
0.0626285695458 8673.75061
0.0623229507433 8677.62451
0.0553102493311 8681.49841
0.0609374499258 8685.3717
0.0587507130241 8689.24438
0.0506761885826 8693.11707
0.0476220410368 8696.98853
0.0549832191801 8700.85938
0.0546757244138 8704.72961
0.0532246312115 8708.59985
0.0492956512859 8712.46887
0.054209549587 8716.33789
0.0498996771231 8720.20569
0.060705876021 8724.07349
0.0547098297311 8727.94067
0.0489764198543 8731.80725
0.0475928805347 8735.67322
0.050303832407 8739.53796
0.0546035435717 8743.40332
0.0584387261771 8747.26624
0.0523712667424 8751.13037
0.0507748267607 8754.99329
0.0484289150615 8758.85559
0.0437151540023 8762.71729
0.0560750760159 8766.57898
0.0484148116134 8770.44006
0.0501976526714 8774.29932
0.0508718076788 8778.15918
0.0600115237233 8782.01782
0.0629995091051 8785.87585
0.0509388669633 8789.73389
0.0606203017227 8793.5907
0.047255907917 8797.44751
0.0395027540191 8801.3031
0.0405113909285 8805.1593
0.0466858048084 8809.01367
0.0521984813938 8812.86804
0.0502213003149 8816.7218
0.0486273084536 8820.57434
0.0449828724185 8824.42749
0.0516452594903 8828.27942
0.0455318036957 8832.13013
0.056643957999 8835.98145
0.0408918154099 8839.83154
0.0403305891496 8843.68042
0.0453451043072 8847.53052
0.0528941684308 8851.37817
0.0542466166144 8855.22644
0.0389926433099 8859.07349
0.0420525676143 8862.92053
0.0494557449459 8866.76636
0.0415371665431 8870.61157
0.0529689679628 8874.4574
0.0382783678855 8878.30078
0.0581961418153 8882.14539
0.0544538970391 8885.98816
0.0575214152741 8889.83093
0.048078856159 8893.67249
0.0456493387062 8897.51465
0.0466568409473 8901.35498
0.0527795159256 8905.19531
0.0466007904566 8909.03503
0.0624298502779 8912.87415
0.0404929560138 8916.71326
0.0458105265927 8920.55054
0.053859104547 8924.38843
0.0387696002823 8928.2251
0.0462218102233 8932.06116
0.0402695145805 8935.89661
0.039349219135 8939.73206
0.0416109519999 8943.56628
0.0453937351196 8947.3999
0.0423965104968 8951.23352
0.051622255757 8955.06592
0.0428488409244 8958.89832
0.0468013478317 8962.72949
0.0560636535447 8966.56067
0.0593097755388 8970.39063
0.0384643569802 8974.22058
0.0429912336796 8978.04993
0.0471323878205 8981.87866
0.0404505342217 8985.70618
0.0407374487857 8989.53369
0.0538798136149 8993.36121
0.0454438950148 8997.18689
0.0389707948217 9001.01257
0.0473819295775 9004.83704
0.0320966382852 9008.66211
0.0480879125979 9012.48596
0.0330952915897 9016.3092
0.0425105123591 9020.13184
0.0512399459563 9023.95386
0.0381919893773 9027.77588
0.0416211432191 9031.59668
0.0368626782354 9035.41687
0.05802732348 9039.23645
0.0498584038048 9043.05603
0.0479069749107 9046.875
0.0363359722198 9050.69275
0.0540060074895 9054.5105
0.0443426706432 9058.32642
0.0599747229906 9062.14294
0.0552994702832 9065.95825
0.0499144016216 9069.77417
0.0466645440032 9073.58826
0.0375266383228 9077.40234
0.0471842772808 9081.21582
0.0469240120306 9085.02869
0.0447786857182 9088.84033
0.0387180613913 9092.65198
0.0359094759202 9096.46301
0.0405881428585 9100.27344
0.0612882258506 9104.08325
0.0447563575609 9107.89246
0.0489717241928 9111.70105
0.0465760402359 9115.50903
0.0377482315887 9119.31641
0.0350945473119 9123.12317
0.0391198315694 9126.92932
0.0511795069927 9130.73547
0.0517780531833 9134.53979
0.0389824080928 9138.34473
0.0432779572809 9142.14783
0.0599171967569 9145.95154
0.0349994253452 9149.75464
0.053976763755 9153.55652
0.0426995972969 9157.3584
0.0508432892159 9161.15845
0.0473130348958 9164.95972
0.0371031070243 9168.75854
0.0513695435885 9172.55859
0.055647765598 9176.3562
0.0581062428548 9180.15503
0.0583337103367 9183.95203
0.0622502007404 9187.74902
0.0473291045452 9191.5448
0.0815363086853 9195.34058
0.0430465951035 9199.13574
0.0471229813412 9202.92969
0.0489124324481 9206.72363
0.0478513193533 9210.51636
0.0477095161229 9214.30969
0.0478079575161 9218.10181
0.0440795782635 9221.89331
0.0409317821046 9225.6842
0.0561707445112 9229.47388
0.0450252072359 9233.26416
0.0457149098955 9237.05261
0.0616331696823 9240.84106
0.0376077960398 9244.62891
0.0498276456414 9248.41675
0.0499609775504 9252.20337
0.0402457016796 9255.98938
0.0797303144873 9259.77478
0.0466166078868 9263.55957
0.0460731747734 9267.34436
0.0658873093302 9271.12732
0.0547929527005 9274.91089
0.0537050291143 9278.69324
0.0582420553966 9282.47559
0.0541387792029 9286.25671
0.0575688185121 9290.03723
0.036017985437 9293.81775
0.0358679818122 9297.59705
0.039546610538 9301.37634
0.0588364818196 9305.15381
0.0793792451422 9308.9325
0.04307697973 9312.70935
0.04010513147 9316.4856
0.0401708712079 9320.26123
0.0402788614473 9324.03687
0.0587936854621 9327.8125
0.0660489130597 9331.5863
0.0518376098213 9335.36011
0.0493323734555 9339.13208
0.0212089892703 9342.90527
0.0809313222133 9346.67664
0.0415911754664 9350.448
0.0473360244468 9354.21814
0.0629836656543 9357.98889
0.0385251611199 9361.75842
0.0375082309109 9365.52673
0.0454665956359 9369.29504
0.0597448331816 9373.06274
0.048991019773 9376.83044
0.0491633308729 9380.5957
0.0919418376943 9384.36218
0.0419812405535 9388.12744
0.0485292927397 9391.89148
0.0352559831523 9395.65613
0.0209589947007 9399.41956
0.0473366317118 9403.18237
0.07237907328 9406.94458
0.000821922684422 9410.70557
0.0446858493936 9414.46655
0.0651020114448 9418.22693
0.0277845525343 9421.98669
0.0267101882356 9425.74646
0.0255213319344 9429.50562
0.0283838125417 9433.26294
0.0531234900895 9437.02026
0.0340978728407 9440.77698
0.0403439072386 9444.53369
0.0844313843697 9448.28918
0.0363987967872 9452.04468
0.0399433820362 9455.79834
0.0165768408664 9459.55261
0.0477669051483 9463.30627
0.00962543073245 9467.05811
0.0251515262555 9470.81055
0.0689512347242 9474.56177
0.0215386993305 9478.31238
0.0163110594669 9482.06238
0.0111248088554 9485.81238
0.00430921659096 9489.56116
0.0593995717335 9493.30933
0.022462884878 9497.05811
0.0132265808513 9500.80505
0.0439534299119 9504.55139
0.00893711653394 9508.29773
0.181010313218 9512.04346
0.117882316221 9515.78735
0.0443892182987 9519.53186
0.0584811871107 9523.27515
0.0168142502406 9527.01843
0.00610534235555 9530.76172
0.0387929446199 9534.50195
0.0140989117339 9538.24341
0.0264004827525 9541.98486
0.0624195532834 9545.72449
0.0202462897465 9549.4635
0.0236951196649 9553.20251
0.0278309147456 9556.94092
0.0545804604934 9560.67871
0.0768817524442 9564.41589
0.0176495145259 9568.15125
0.0042862720353 9571.88721
0.0329408994126 9575.62256
0.0335951845561 9579.3573
0.0600692555588 9583.09021
0.0133446219812 9586.82373
0.00986134458018 9590.55664
0.0371335183236 9594.28955
0.0413784435883 9598.02063
0.033023869957 9601.7511
-0.00553520545518 9605.48157
0.0021881016802 9609.21143
0.0316778801524 9612.94128
0.0120176653695 9616.66809
0.0554810893487 9620.39612
-0.00482869132712 9624.12415
0.028100887283 9627.85095
0.03578599079 9631.57715
0.0238884401309 9635.30151
0.0309053941054 9639.02649
0.0610768219162 9642.75146
0.0485552327795 9646.47522
0.0155808787309 9650.19714
0.065732367785 9653.92029
0.0439894740836 9657.6416
0.0739112802549 9661.36292
0.0178906528407 9665.08423
0.0478952358157 9668.80371
0.0572659982439 9672.52319
0.0351633038169 9676.24207
0.0552368145011 9679.96094
0.0824535644466 9683.67737
0.0803088906866 9687.39441
0.0423578167657 9691.11084
0.0358975034517 9694.82666
0.00509624091722 9698.54248
0.043725063132 9702.25586
0.030122923584 9705.96985
0.0344020835848 9709.68323
0.0472642652585 9713.39661
0.0422846224213 9717.10754
0.0437643736012 9720.81909
0.0481502964124 9724.53064
0.100725808582 9728.24097
0.0268074903704 9731.94946
0.0370797692987 9735.65918
0.0358156019888 9739.36768
0.0037535009107 9743.07556
0.0148496433761 9746.78284
0.0387087172075 9750.48828
0.00681793216954 9754.19495
0.0211631791625 9757.90039
0.0477983555452 9761.60522
0.0275307444887 9765.30884
0.0230979142219 9769.01245
0.0309440814804 9772.71606
0.0667654588016 9776.41846
0.0468669621722 9780.12024
0.0369214856977 9783.82019
0.0528344363735 9787.52136
0.067297679652 9791.22131
0.00724463154781 9794.92065
0.0383915614334 9798.61877
0.000894248061284 9802.31689
-0.0144069862426 9806.0144
0.0397242615062 9809.71191
0.0131046304718 9813.4082
-0.0072665913079 9817.10266
0.0716012657272 9820.79773
0.0100296261021 9824.4928
0.0592414490992 9828.18604
-0.0158607962876 9831.87866
0.03477012458 9835.57129
-0.000754267743 9839.26331
0.0533311395863 9842.95471
-0.00249737405284 9846.64612
0.00097267839561 9850.33569
0.0457503159176 9854.02527
0.0540142433425 9857.71362
0.0677075506543 9861.40259
0.0493592721831 9865.08911
0.0604991158805 9868.77625
0.0509442839384 9872.46277
0.0805779785442 9876.14929
0.040699598116 9879.83459
0.0531771924645 9883.51807
0.0208086636121 9887.20215
-0.0103577346518 9890.88623
0.0866479672841 9894.56909
0.0448786015349 9898.25012
-0.0186013216964 9901.93115
0.0120590923385 9905.61279
0.049356475134 9909.29321
0.00518867060953 9912.97302
0.0103399154233 9916.651
0.0608046310777 9920.3302
-0.0257679602438 9924.00818
-0.00820527056346 9927.68494
0.0534122912111 9931.36047
0.03161863985 9935.03723
0.0970922075212 9938.71277
0.0520358788611 9942.3877
-0.00520369128293 9946.0614
-0.00523053163972 9949.7345
0.0388619589531 9953.40759
0.0206853904704 9957.08008
0.0208003002886 9960.75195
0.0285733232135 9964.422
-0.008677822349 9968.09265
0.0521121319066 9971.7627
0.0412855112569 9975.43152
0.0247446320274 9979.10095
0.0541403452416 9982.76733
0.000130622707952 9986.43494
0.00469281613606 9990.10193
0.0139138081557 9993.76831
0.0498848547949 9997.43286
0.0129731763597 10001.09802
0.0142689316155 10004.76257
-0.00818967321561 10008.42651
0.0878140837876 10012.08923
-0.0399811935117 10015.75134
0.0443927175281 10019.41284
0.0461788530626 10023.07434
-0.0212826812012 10026.73523
-0.00240507713409 10030.39429
0.0143571947303 10034.05334
-0.0325363786193 10037.71179
-0.0157102050173 10041.37024
0.00682971388938 10045.02808
0.0553796953383 10048.68408
-0.0365330892173 10052.34009
0.0234134379865 10055.99609
0.0276911606815 10059.65149
0.0181599136409 10063.30444
-0.0360502964003 10066.95862
0.0197564222952 10070.61218
0.0747341672013 10074.26453
0.0100782377429 10077.91626
0.0358159282952 10081.56677
0.0906850024448 10085.21729
0.0190241590103 10088.8678
-0.0511413404727 10092.51709
0.0416545849531 10096.16577
-0.0103297747151 10099.81384
0.0898095573232 10103.4613
0.0941431207323 10107.10754
0.13141296376 10110.75439
-0.0029903154548 10114.39941
0.0725869164539 10118.04443
-0.0667747279163 10121.68884
-0.0428440057425 10125.33325
-0.0148913159519 10128.97522
-0.00998003079916 10132.6178
-0.0152339063463 10136.26038
0.059063522049 10139.90112
0.0404071098439 10143.54187
0.0531265314453 10147.1814
0.0429369327737 10150.82153
0.0613115784344 10154.46045
0.0746225588139 10158.09937
0.00204648112674 10161.73523
-0.0220528667161 10165.3717
0.0152296548771 10169.00879
-0.0453683364223 10172.64404
0.0578442988441 10176.27991
0.0196563225284 10179.91333
0.006120656249 10183.54675
-0.0057260713323 10187.18018
0.00824531603419 10190.81299
0.0265028081328 10194.44397
0.0165297303272 10198.07495
0.0125469577467 10201.70593
0.103477065272 10205.33691
-0.0600819813669 10208.96606
-0.0165042387868 10212.5946
-0.0651001693508 10216.22253
0.0575320854414 10219.85046
-0.0147284167991 10223.47778
0.0218258031607 10227.10327
-0.00410704090673 10230.72876
0.0222786620408 10234.35364
0.12276661491 10237.97852
-0.0539195389705 10241.60278
-0.0271812307744 10245.22461
-0.0553712243919 10248.84766
0.049587736389 10252.46948
-0.161678027913 10256.09131
-0.0382903066912 10259.71069
-0.104647037927 10263.3313
-0.0194511292011 10266.94946
0.0949874586122 10270.56885
-0.0551268684777 10274.18823
-0.068385105564 10277.80396
0.0926765453789 10281.4209
-0.121552454284 10285.03784
-0.0258599418671 10288.65479
-0.0208264015493 10292.26807
0.0269779877089 10295.88135
-0.0535932424822 10299.49707
0.10102956024 10303.10913
0.151632019307 10306.72241
-0.10270941011 10310.33325
0.112886016532 10313.94531
0.00602326170355 10317.55493
-0.0342381099588 10321.16577
0.0702421180406 10324.77417
-0.0468112685273 10328.38257
-0.0383913820558 10331.99097
-0.0147127995601 10335.59937
-0.0575053233865 10339.20654
-0.101236848214 10342.81128
-0.0867831811404 10346.41724
0.091580324102 10350.02197
0.108555684567 10353.62671
-0.086641108141 10357.229
0.0688661969749 10360.83252
-0.0855449649888 10364.43481
-0.103384823334 10368.03711
0.183261855076 10371.6394
0.096378058247 10375.23804
-0.193852652765 10378.83789
0.000403244497122 10382.43774
0.148556411993 10386.03638
-0.0812882209917 10389.63257
0.23207605347 10393.2312
-0.18913056557 10396.82861
