       24  U_johnson_res
 1  3050.  0.
 2  3100.  0.0199999996
 3  3150.  0.0769999996
 4  3200.  0.135000005
 5  3250.  0.203999996
 6  3300.  0.282000005
 7  3350.  0.38499999
 8  3400.  0.493000001
 9  3450.  0.600000024
 10  3500.  0.704999983
 11  3550.  0.819999993
 12  3600.  0.899999976
 13  3650.  0.958999991
 14  3700.  0.992999971
 15  3750.  1.
 16  3800.  0.975000024
 17  3850.  0.850000024
 18  3900.  0.644999981
 19  3950.  0.400000006
 20  4000.  0.223000005
 21  4050.  0.125
 22  4100.  0.057
 23  4150.  0.00499999989
 24  4200.  0.
       40  B_johnson_res
 1  3600.  0.
 2  3650.  0.00600000005
 3  3700.  0.023
 4  3750.  0.0450000018
 5  3800.  0.105999999
 6  3850.  0.254000008
 7  3900.  0.492000014
 8  3950.  0.751999974
 9  4000.  0.880999982
 10  4050.  0.922999978
 11  4100.  0.954999983
 12  4150.  0.976999998
 13  4200.  0.99000001
 14  4250.  1.
 15  4300.  1.
 16  4350.  0.996999979
 17  4400.  0.984000027
 18  4450.  0.958000004
 19  4500.  0.916000009
 20  4550.  0.870999992
 21  4600.  0.819999993
 22  4650.  0.774999976
 23  4700.  0.72299999
 24  4750.  0.671999991
 25  4800.  0.616999984
 26  4850.  0.569000006
 27  4900.  0.510999978
 28  4950.  0.456999987
 29  5000.  0.40200001
 30  5050.  0.347000003
 31  5100.  0.298999995
 32  5150.  0.244000003
 33  5200.  0.199000001
 34  5250.  0.153999999
 35  5300.  0.112999998
 36  5350.  0.0839999989
 37  5400.  0.050999999
 38  5450.  0.0289999992
 39  5500.  0.00999999978
 40  5550.  0.
       54  V_johnson_res
 1  4750.  0.
 2  4800.  0.0299999993
 3  4850.  0.0839999989
 4  4900.  0.163000003
 5  4950.  0.300999999
 6  5000.  0.458000004
 7  5050.  0.629999995
 8  5100.  0.779999971
 9  5150.  0.894999981
 10  5200.  0.967000008
 11  5250.  0.996999979
 12  5300.  1.
 13  5350.  0.987999976
 14  5400.  0.958000004
 15  5450.  0.91900003
 16  5500.  0.876999974
 17  5550.  0.819000006
 18  5600.  0.764999986
 19  5650.  0.711000025
 20  5700.  0.657000005
 21  5750.  0.601999998
 22  5800.  0.545000017
 23  5850.  0.488000005
 24  5900.  0.433999985
 25  5950.  0.386000007
 26  6000.  0.331
 27  6050.  0.289000005
 28  6100.  0.25
 29  6150.  0.214000002
 30  6200.  0.180999994
 31  6250.  0.150999993
 32  6300.  0.119999997
 33  6350.  0.0930000022
 34  6400.  0.0689999983
 35  6450.  0.050999999
 36  6500.  0.0359999985
 37  6550.  0.0270000007
 38  6600.  0.0209999997
 39  6650.  0.0179999992
 40  6700.  0.0160000008
 41  6750.  0.0140000004
 42  6800.  0.0120000001
 43  6850.  0.0109999999
 44  6900.  0.00999999978
 45  6950.  0.00899999961
 46  7000.  0.00800000038
 47  7050.  0.00700000022
 48  7100.  0.00600000005
 49  7150.  0.00499999989
 50  7200.  0.00400000019
 51  7250.  0.00300000003
 52  7300.  0.00200000009
 53  7350.  0.00100000005
 54  7400.  0.
       24  RC_res
 1  5500.  0.
 2  5600.  0.230000004
 3  5700.  0.74000001
 4  5800.  0.910000026
 5  5900.  0.980000019
 6  6000.  1.
 7  6100.  0.980000019
 8  6200.  0.959999979
 9  6300.  0.930000007
 10  6400.  0.899999976
 11  6500.  0.860000014
 12  6600.  0.810000002
 13  6700.  0.779999971
 14  6800.  0.720000029
 15  6900.  0.670000017
 16  7000.  0.610000014
 17  7100.  0.560000002
 18  7200.  0.50999999
 19  7300.  0.460000008
 20  7400.  0.400000006
 21  7500.  0.349999994
 22  8000.  0.140000001
 23  8500.  0.0299999993
 24  9000.  0.
       23  IC_res
 1  7000.  0.
 2  7100.  0.0240000002
 3  7200.  0.231999993
 4  7300.  0.555000007
 5  7400.  0.785000026
 6  7500.  0.910000026
 7  7600.  0.964999974
 8  7700.  0.985000014
 9  7800.  0.99000001
 10  7900.  0.995000005
 11  8000.  1.
 12  8100.  1.
 13  8200.  0.99000001
 14  8300.  0.980000019
 15  8400.  0.949999988
 16  8500.  0.910000026
 17  8600.  0.860000014
 18  8700.  0.75
 19  8800.  0.560000002
 20  8900.  0.330000013
 21  9000.  0.150000006
 22  9100.  0.0299999993
 23  9200.  0.
       23  R_johnson_res
 1  5200.  0.
 2  5400.  0.0522000007
 3  5600.  0.243599996
 4  5800.  0.435000002
 5  6000.  0.614099979
 6  6200.  0.718900025
 7  6400.  0.806725979
 8  6600.  0.867806971
 9  6800.  0.910807014
 10  7000.  0.930000007
 11  7200.  0.821717024
 12  7400.  0.799000025
 13  7600.  0.405490011
 14  7800.  0.541499972
 15  8000.  0.398999989
 16  8200.  0.270143002
 17  8400.  0.161500007
 18  8600.  0.104500003
 19  8800.  0.057
 20  9000.  0.0337615982
 21  9200.  0.0178999994
 22  9400.  0.00653589005
 23  9600.  0.
       26  I_johnson_res
 1  6800.  0.
 2  7000.  0.00930000003
 3  7200.  0.148607999
 4  7400.  0.338400006
 5  7600.  0.311060995
 6  7800.  0.722000003
 7  8000.  0.912
 8  8200.  0.853999972
 9  8400.  0.940500021
 10  8600.  0.949999988
 11  8800.  0.930999994
 12  9000.  0.784956992
 13  9200.  0.751800001
 14  9400.  0.464049011
 15  9600.  0.434758008
 16  9800.  0.429248005
 17  10000.  0.345600009
 18  10200.  0.26879999
 19  10400.  0.192000002
 20  10600.  0.143999994
 21  10800.  0.0960000008
 22  11000.  0.0768000036
 23  11200.  0.0480000004
 24  11400.  0.0287999995
 25  11600.  0.0192000009
 26  11800.  0.
       27  U_sandage_smith_res
 1  3125.  0.
 2  3150.  0.0520000011
 3  3175.  0.252000004
 4  3200.  0.455000013
 5  3250.  0.778999984
 6  3300.  1.08000004
 7  3350.  1.35800004
 8  3400.  1.57500005
 9  3450.  1.82000005
 10  3500.  2.0625
 11  3550.  2.23916006
 12  3600.  2.37800002
 13  3650.  2.55265999
 14  3700.  2.66599989
 15  3750.  2.6486299
 16  3800.  2.49600005
 17  3850.  2.227
 18  3900.  1.80900002
 19  3950.  1.23300004
 20  4000.  0.735000014
 21  4050.  0.357499987
 22  4100.  0.182500005
 23  4150.  0.111189999
 24  4200.  0.075000003
 25  4250.  0.0377499983
 26  4300.  0.0152000003
 27  4350.  0.
       43  B_sandage_smith_res
 1  3571.  0.
 2  3629.  0.0110099996
 3  3686.  0.0381699987
 4  3743.  0.0977199972
 5  3800.  0.19878
 6  3857.  0.310149997
 7  3914.  0.41038999
 8  3971.  0.506649971
 9  4029.  0.585460007
 10  4086.  0.644659996
 11  4143.  0.689300001
 12  4200.  0.740700006
 13  4257.  0.755699992
 14  4314.  0.759980023
 15  4371.  0.764599979
 16  4429.  0.761860013
 17  4486.  0.752640009
 18  4543.  0.734329998
 19  4600.  0.704379976
 20  4657.  0.678910017
 21  4714.  0.632640004
 22  4771.  0.565069973
 23  4829.  0.517310023
 24  4886.  0.420890003
 25  4943.  0.3671
 26  5000.  0.290360004
 27  5057.  0.222509995
 28  5114.  0.170110002
 29  5171.  0.133330002
 30  5229.  0.0963099971
 31  5286.  0.0643900037
 32  5343.  0.0431200005
 33  5400.  0.0454099998
 34  5457.  0.0324500017
 35  5514.  0.0346300006
 36  5571.  0.0410600007
 37  5629.  0.0432399996
 38  5686.  0.0410600007
 39  5743.  0.0324500017
 40  5800.  0.0270600002
 41  5857.  0.0195899997
 42  5914.  0.0109099997
 43  5971.  0.
       38  V_sandage_smith_res
 1  4486.  0.
 2  4543.  0.0074
 3  4600.  0.0149900001
 4  4657.  0.0210500006
 5  4714.  0.0333499983
 6  4771.  0.0442500003
 7  4829.  0.058389999
 8  4886.  0.123779997
 9  4943.  0.296009988
 10  5000.  0.627300024
 11  5057.  0.77105999
 12  5114.  0.852530003
 13  5171.  0.858550012
 14  5229.  0.858259976
 15  5286.  0.845200002
 16  5343.  0.829219997
 17  5400.  0.802579999
 18  5457.  0.754459977
 19  5514.  0.714269996
 20  5571.  0.666159987
 21  5629.  0.60996002
 22  5686.  0.545750022
 23  5743.  0.481550008
 24  5800.  0.41734001
 25  5857.  0.35503
 26  5914.  0.292309999
 27  5971.  0.245379999
 28  6029.  0.197689995
 29  6086.  0.149259999
 30  6143.  0.113519996
 31  6200.  0.0839900002
 32  6257.  0.0589100011
 33  6314.  0.0421300009
 34  6371.  0.0304000005
 35  6429.  0.0169799998
 36  6486.  0.0136099998
 37  6543.  0.00340999989
 38  6600.  0.
       43  R_sandage_smith_res
 1  5914.  0.
 2  5971.  0.0599300005
 3  6029.  0.156880006
 4  6086.  0.364289999
 5  6143.  0.635599971
 6  6200.  0.787060022
 7  6257.  0.887319982
 8  6314.  0.913869977
 9  6371.  0.891049981
 10  6429.  0.868040025
 11  6486.  0.840009987
 12  6543.  0.801880002
 13  6600.  0.773459971
 14  6657.  0.737500012
 15  6714.  0.701370001
 16  6771.  0.665000021
 17  6829.  0.619989991
 18  6886.  0.536159992
 19  6943.  0.509310007
 20  7000.  0.49011001
 21  7057.  0.467159986
 22  7114.  0.425630003
 23  7171.  0.354470015
 24  7229.  0.32841
 25  7286.  0.291869998
 26  7343.  0.279460013
 27  7400.  0.254079998
 28  7457.  0.228609994
 29  7514.  0.203229994
 30  7571.  0.177680001
 31  7629.  0.097240001
 32  7686.  0.132980004
 33  7743.  0.11552
 34  7800.  0.0898699984
 35  7857.  0.07192
 36  7914.  0.0642199963
 37  7971.  0.04617
 38  8029.  0.0307800006
 39  8086.  0.0256500002
 40  8143.  0.01939
 41  8200.  0.0117600001
 42  8257.  0.00473000016
 43  8314.  0.
       28  u_strom_res
 1  3150.  0.
 2  3175.  0.00260000001
 3  3200.  0.0296
 4  3225.  0.0661000013
 5  3250.  0.110399999
 6  3275.  0.159500003
 7  3300.  0.209700003
 8  3325.  0.249899998
 9  3350.  0.281399995
 10  3375.  0.312599987
 11  3400.  0.330000013
 12  3425.  0.33919999
 13  3450.  0.343899995
 14  3475.  0.342999995
 15  3500.  0.333700001
 16  3525.  0.321399987
 17  3550.  0.30430001
 18  3575.  0.278200001
 19  3600.  0.243300006
 20  3625.  0.203799993
 21  3650.  0.160699993
 22  3675.  0.112899996
 23  3700.  0.074500002
 24  3725.  0.0454999991
 25  3750.  0.0210999995
 26  3775.  0.00860000029
 27  3800.  0.00389999989
 28  3825.  0.
       29  v_strom_res
 1  3750.  0.
 2  3775.  0.00159999996
 3  3800.  0.00359999994
 4  3825.  0.0083999997
 5  3850.  0.0148
 6  3875.  0.0228000004
 7  3900.  0.0304000005
 8  3925.  0.0480000004
 9  3950.  0.0784000009
 10  3975.  0.129999995
 11  4000.  0.200000003
 12  4025.  0.298799992
 13  4050.  0.400000006
 14  4075.  0.472799987
 15  4100.  0.493200004
 16  4125.  0.479999989
 17  4150.  0.435200006
 18  4175.  0.372000009
 19  4200.  0.282000005
 20  4225.  0.181199998
 21  4250.  0.111199997
 22  4275.  0.0671999976
 23  4300.  0.0399999991
 24  4325.  0.0267999992
 25  4350.  0.0199999996
 26  4375.  0.0140000004
 27  4400.  0.00719999988
 28  4425.  0.00359999994
 29  4450.  0.
       29  b_strom_res
 1  4350.  0.
 2  4375.  0.00380000006
 3  4400.  0.00910000037
 4  4425.  0.0149999997
 5  4450.  0.0216000006
 6  4475.  0.0333000012
 7  4500.  0.0460000001
 8  4525.  0.072800003
 9  4550.  0.111599997
 10  4575.  0.178000003
 11  4600.  0.265799999
 12  4625.  0.353500009
 13  4650.  0.399199992
 14  4675.  0.40079999
 15  4700.  0.380600005
 16  4725.  0.317099988
 17  4750.  0.228300005
 18  4775.  0.140900001
 19  4800.  0.0879999995
 20  4825.  0.0544000007
 21  4850.  0.0306000002
 22  4875.  0.0194000006
 23  4900.  0.0115
 24  4925.  0.0092000002
 25  4950.  0.00669999979
 26  4975.  0.00510000018
 27  5000.  0.0027999999
 28  5025.  0.00139999995
 29  5050.  0.
       29  y_strom_res
 1  5150.  0.
 2  5175.  0.00419999985
 3  5200.  0.0102000004
 4  5225.  0.0157999992
 5  5250.  0.0228000004
 6  5275.  0.0390000008
 7  5300.  0.0551000014
 8  5325.  0.0790000036
 9  5350.  0.116999999
 10  5375.  0.158399999
 11  5400.  0.192699999
 12  5425.  0.1998
 13  5450.  0.201299995
 14  5475.  0.200499997
 15  5500.  0.198400006
 16  5525.  0.189899996
 17  5550.  0.158999994
 18  5575.  0.114799999
 19  5600.  0.0744000003
 20  5625.  0.0432999991
 21  5650.  0.0270000007
 22  5675.  0.0172000006
 23  5700.  0.00999999978
 24  5725.  0.0057000001
 25  5750.  0.00289999996
 26  5775.  0.00190000003
 27  5800.  0.00139999995
 28  5825.  0.000699999975
 29  5850.  0.
       13  U_kron_res
 1  3000.  0.
 2  3100.  0.0430000015
 3  3200.  0.129999995
 4  3300.  0.338999987
 5  3400.  0.523999989
 6  3500.  0.688000023
 7  3600.  0.875999987
 8  3700.  1.
 9  3800.  0.97299999
 10  3900.  0.703000009
 11  4000.  0.273999989
 12  4100.  0.0989999995
 13  4200.  0.
       23  J_kron_res
 1  3500.  0.
 2  3600.  0.0250000004
 3  3700.  0.181999996
 4  3800.  0.462000012
 5  3900.  0.654999971
 6  4000.  0.737999976
 7  4100.  0.753000021
 8  4200.  0.714999974
 9  4300.  0.676999986
 10  4400.  0.688000023
 11  4500.  0.730000019
 12  4600.  0.762000024
 13  4700.  0.778999984
 14  4800.  0.790000021
 15  4900.  0.810000002
 16  5000.  0.856999993
 17  5100.  0.949999988
 18  5200.  0.99000001
 19  5300.  0.768000007
 20  5400.  0.342999995
 21  5500.  0.128000006
 22  5600.  0.0350000001
 23  5700.  0.
       25  F_kron_res
 1  4800.  0.
 2  4900.  0.0599999987
 3  5000.  0.225999996
 4  5100.  0.356999993
 5  5200.  0.439999998
 6  5300.  0.42899999
 7  5400.  0.405000001
 8  5500.  0.405000001
 9  5600.  0.439999998
 10  5700.  0.5
 11  5800.  0.595000029
 12  5900.  0.630999982
 13  6000.  0.583000004
 14  6100.  0.536000013
 15  6200.  0.488000005
 16  6300.  0.476000011
 17  6400.  0.523999989
 18  6500.  0.583000004
 19  6600.  0.689999998
 20  6700.  0.845000029
 21  6800.  0.939999998
 22  6900.  1.
 23  7000.  0.726000011
 24  7100.  0.0240000002
 25  7200.  0.
       28  N_kron_res
 1  6700.  0.
 2  6800.  0.0362464003
 3  6900.  0.113883004
 4  7000.  0.377579987
 5  7100.  0.627359986
 6  7200.  0.725557983
 7  7300.  0.815400004
 8  7400.  0.900520027
 9  7500.  0.935299993
 10  7600.  0.56268698
 11  7700.  0.971849978
 12  7800.  0.972800016
 13  7900.  0.965200007
 14  8000.  0.949999988
 15  8100.  0.939549983
 16  8200.  0.847899973
 17  8300.  0.85589999
 18  8400.  0.877799988
 19  8500.  0.846449971
 20  8600.  0.819850028
 21  8700.  0.728649974
 22  8800.  0.551949978
 23  8900.  0.329650015
 24  9000.  0.154459
 25  9100.  0.0766628981
 26  9200.  0.0250599999
 27  9300.  0.00591757009
 28  9400.  0.
       43  BJ_couch_newell_res
 1  3600.  0.
 2  3650.  0.00720999995
 3  3700.  0.0248000007
 4  3750.  0.0630600005
 5  3800.  0.153600007
 6  3850.  0.327499986
 7  3900.  0.4824
 8  3950.  0.582249999
 9  4000.  0.643999994
 10  4050.  0.689260006
 11  4100.  0.7227
 12  4150.  0.741249979
 13  4200.  0.742500007
 14  4250.  0.728569984
 15  4300.  0.714399993
 16  4350.  0.709940016
 17  4400.  0.702000022
 18  4450.  0.696780026
 19  4500.  0.688000023
 20  4550.  0.68344003
 21  4600.  0.680400014
 22  4650.  0.676450014
 23  4700.  0.672399998
 24  4750.  0.660000026
 25  4800.  0.647400022
 26  4850.  0.647119999
 27  4900.  0.655200005
 28  4950.  0.652339995
 29  5000.  0.646000028
 30  5050.  0.639840007
 31  5100.  0.632700026
 32  5150.  0.613560021
 33  5200.  0.584800005
 34  5250.  0.547689974
 35  5300.  0.484400004
 36  5350.  0.381700009
 37  5400.  0.243599996
 38  5450.  0.167909995
 39  5500.  0.104400001
 40  5550.  0.066990003
 41  5600.  0.0348000005
 42  5650.  0.0147900004
 43  5700.  0.
       23  RF_couch_newell_res
 1  6200.  0.
 2  6250.  0.0200599991
 3  6300.  0.0548
 4  6350.  0.105230004
 5  6400.  0.165010005
 6  6450.  0.213060006
 7  6500.  0.239199996
 8  6550.  0.251599997
 9  6600.  0.267729998
 10  6650.  0.291299999
 11  6700.  0.314949989
 12  6750.  0.34424001
 13  6800.  0.371760011
 14  6850.  0.334190011
 15  6900.  0.252110004
 16  6950.  0.165230006
 17  7000.  0.102300003
 18  7050.  0.0603800006
 19  7100.  0.0287800003
 20  7150.  0.0183199998
 21  7200.  0.00874000043
 22  7250.  0.00359999994
 23  7300.  0.
       21  u_thuan_gunn_res
 1  3000.  0.
 2  3050.  0.000150000007
 3  3100.  0.000980000012
 4  3150.  0.00632000016
 5  3200.  0.0185199995
 6  3250.  0.0468599983
 7  3300.  0.0964300036
 8  3350.  0.159370005
 9  3400.  0.207149997
 10  3450.  0.245130002
 11  3500.  0.273409992
 12  3550.  0.285079986
 13  3600.  0.277590007
 14  3650.  0.257429987
 15  3700.  0.221399993
 16  3750.  0.139620006
 17  3800.  0.0548500009
 18  3850.  0.0093700001
 19  3900.  0.00193999999
 20  3950.  0.
 21  4000.  0.
       28  v_thuan_gunn_res
 1  3450.  0.
 2  3500.  0.
 3  3550.  0.00487999991
 4  3600.  0.0165899992
 5  3650.  0.0532200001
 6  3700.  0.128399998
 7  3750.  0.209940001
 8  3800.  0.274300009
 9  3850.  0.327499986
 10  3900.  0.359860003
 11  3925.  0.364899993
 12  3950.  0.367909998
 13  4000.  0.360009998
 14  4050.  0.342200011
 15  4100.  0.312880009
 16  4150.  0.259440005
 17  4200.  0.1875
 18  4250.  0.129409999
 19  4300.  0.0813999996
 20  4350.  0.0472799987
 21  4400.  0.0334599987
 22  4450.  0.02599
 23  4500.  0.0183199998
 24  4550.  0.0137700001
 25  4600.  0.00922999997
 26  4650.  0.00465000002
 27  4700.  0.00115000003
 28  4750.  0.
       43  g_thuan_gunn_res
 1  4000.  0.
 2  4050.  0.
 3  4100.  0.
 4  4150.  0.00104
 5  4200.  0.00322999991
 6  4250.  0.0108000003
 7  4300.  0.0238600001
 8  4350.  0.0418099985
 9  4400.  0.0724600032
 10  4450.  0.112889998
 11  4500.  0.182879999
 12  4550.  0.333510011
 13  4600.  0.486000001
 14  4650.  0.599600017
 15  4700.  0.67355001
 16  4750.  0.710659981
 17  4775.  0.715210021
 18  4800.  0.714959979
 19  4850.  0.70381999
 20  4900.  0.691240013
 21  4950.  0.675999999
 22  5000.  0.655690014
 23  5050.  0.627640009
 24  5100.  0.592429996
 25  5150.  0.551689982
 26  5200.  0.491400003
 27  5250.  0.394250005
 28  5300.  0.284240007
 29  5350.  0.204469994
 30  5400.  0.136680007
 31  5450.  0.099440001
 32  5500.  0.0708199963
 33  5550.  0.0472400002
 34  5600.  0.0373199992
 35  5650.  0.0273199994
 36  5700.  0.0211399999
 37  5750.  0.0161799993
 38  5800.  0.0124399997
 39  5850.  0.00875000004
 40  5900.  0.00624000002
 41  5950.  0.00380000006
 42  6000.  0.00124999997
 43  6050.  0.
       38  r_thuan_gunn_res
 1  5700.  0.
 2  5750.  0.
 3  5800.  0.
 4  5850.  0.00121999998
 5  5900.  0.00624000002
 6  5950.  0.0227199998
 7  6000.  0.0762699991
 8  6050.  0.370799989
 9  6100.  0.552869976
 10  6150.  0.659380019
 11  6200.  0.70589
 12  6250.  0.725449979
 13  6300.  0.731999993
 14  6350.  0.737280011
 15  6400.  0.742550015
 16  6450.  0.746550024
 17  6500.  0.750440001
 18  6550.  0.754429996
 19  6600.  0.757019997
 20  6650.  0.759609997
 21  6700.  0.756900012
 22  6750.  0.722440004
 23  6800.  0.643980026
 24  6850.  0.528370023
 25  6900.  0.434670001
 26  6950.  0.374060005
 27  7000.  0.31220001
 28  7050.  0.260129988
 29  7100.  0.202790007
 30  7150.  0.143920004
 31  7200.  0.0961600021
 32  7250.  0.0617399998
 33  7300.  0.034740001
 34  7350.  0.0174800009
 35  7400.  0.00404000003
 36  7450.  0.00132000004
 37  7500.  0.
 38  7550.  0.
       26  g_4shooter_res
 1  3750.  0.
 2  3875.  0.00159
 3  4000.  0.0025200001
 4  4125.  0.00389999989
 5  4250.  0.00512999995
 6  4375.  0.00782999955
 7  4500.  0.0338400006
 8  4625.  0.126179993
 9  4750.  0.180099994
 10  4875.  0.206530005
 11  5000.  0.240040004
 12  5125.  0.240260005
 13  5250.  0.2421
 14  5375.  0.221699998
 15  5500.  0.161469996
 16  5625.  0.064290002
 17  5750.  0.0356700011
 18  5875.  0.0213799998
 19  6000.  0.0126400003
 20  6125.  0.00848000031
 21  6250.  0.00447000004
 22  6375.  0.00274999999
 23  6500.  0.00175000005
 24  6625.  0.00101999997
 25  6750.  0.000650000002
 26  6875.  0.
       22  r_4shooter_res
 1  5930.  0.
 2  6030.  0.0669799969
 3  6130.  0.186739996
 4  6230.  0.270850003
 5  6330.  0.306140006
 6  6430.  0.300000012
 7  6530.  0.241109997
 8  6630.  0.184459999
 9  6730.  0.168760002
 10  6830.  0.19946
 11  6930.  0.266220003
 12  7030.  0.271149993
 13  7130.  0.143959999
 14  7230.  0.0721800029
 15  7330.  0.0404199995
 16  7430.  0.0224699993
 17  7530.  0.0108099999
 18  7630.  0.00426999992
 19  7730.  0.00512999995
 20  7830.  0.00645999983
 21  7930.  0.00722000003
 22  8030.  0.
       31  i_4shooter_res
 1  6750.  0.
 2  6875.  0.00303000002
 3  7000.  0.0127400002
 4  7125.  0.0628399998
 5  7250.  0.172079995
 6  7375.  0.238010004
 7  7500.  0.242899999
 8  7625.  0.154180005
 9  7750.  0.223440006
 10  7875.  0.212040007
 11  8000.  0.201210007
 12  8125.  0.18739
 13  8250.  0.170829996
 14  8375.  0.179069996
 15  8520.  0.164159998
 16  8625.  0.145820007
 17  8750.  0.11913
 18  8875.  0.0870200023
 19  9000.  0.0555399992
 20  9125.  0.0369900018
 21  9250.  0.0243800003
 22  9375.  0.0112399999
 23  9500.  0.00796999969
 24  9625.  0.0060200002
 25  9750.  0.00432999991
 26  9875.  0.00288000004
 27  10000.  0.00153999997
 28  10125.  0.000959999976
 29  10250.  0.000479999988
 30  10325.  0.000190000006
 31  10500.  0.
       24  z_4shooter_res
 1  8000.  0.
 2  8050.  0.000190000006
 3  8100.  0.00113999995
 4  8150.  0.00517999986
 5  8200.  0.0108899996
 6  8250.  0.0271799993
 7  8300.  0.0410399996
 8  8350.  0.0731500015
 9  8400.  0.0913899988
 10  8450.  0.112000003
 11  8500.  0.123879999
 12  8550.  0.134609997
 13  8600.  0.13775
 14  8700.  0.138129994
 15  8800.  0.135749996
 16  9000.  0.112429999
 17  9200.  0.107490003
 18  9400.  0.0688899979
 19  9600.  0.0663399994
 20  9800.  0.0627399981
 21  10000.  0.0450199991
 22  10400.  0.0120999999
 23  10800.  0.000479999988
 24  11000.  0.
       29  g_Pfei_res
 1  4000.  0.
 2  4100.  0.
 3  4200.  0.
 4  4300.  0.00911999959
 5  4400.  0.0756599978
 6  4500.  0.2104
 7  4600.  0.487619996
 8  4700.  0.659280002
 9  4800.  0.755299985
 10  4900.  0.824039996
 11  5000.  0.891650021
 12  5100.  0.972130001
 13  5200.  1.07672
 14  5300.  1.15217996
 15  5360.  1.28724003
 16  5400.  1.30065
 17  5450.  1.25976002
 18  5500.  1.18842006
 19  5600.  0.815190017
 20  5700.  0.494159997
 21  5800.  0.28362
 22  5900.  0.158179998
 23  6100.  0.0566999987
 24  6300.  0.0182700008
 25  6500.  0.00827999972
 26  6700.  0.
 27  6800.  0.
 28  6900.  0.
 29  7000.  0.
       37  r_Pfei_res
 1  5900.  0.
 2  5950.  0.0176800005
 3  6000.  0.0863299966
 4  6050.  0.360689998
 5  6100.  0.773999989
 6  6150.  1.11767995
 7  6200.  1.19119
 8  6300.  1.18650997
 9  6400.  1.29626
 10  6450.  1.36562002
 11  6500.  1.49776006
 12  6550.  1.45061004
 13  6600.  1.34972
 14  6650.  1.24290001
 15  6700.  1.15420997
 16  6750.  1.13108003
 17  6800.  1.10877001
 18  6850.  1.09168005
 19  6900.  1.01712
 20  6950.  0.921840012
 21  7000.  0.755159974
 22  7100.  0.460449994
 23  7200.  0.274489999
 24  7400.  0.199279994
 25  7500.  0.160740003
 26  7580.  0.109970003
 27  7600.  0.0588800013
 28  7620.  0.0563200004
 29  7650.  0.0509199984
 30  7800.  0.0456000008
 31  8000.  0.0247000009
 32  8500.  0.0171000008
 33  9000.  0.00252999994
 34  9500.  0.000669999979
 35  10000.  0.00191999995
 36  10200.  0.000959999976
 37  10300.  0.
       34  i_Pfei_res
 1  6900.  0.
 2  7000.  0.00651000021
 3  7050.  0.0335500017
 4  7100.  0.144850001
 5  7150.  0.26383999
 6  7200.  0.366279989
 7  7300.  0.613799989
 8  7400.  0.758580029
 9  7500.  0.814040005
 10  7580.  0.773490012
 11  7600.  0.456589997
 12  7610.  0.375259995
 13  7620.  0.515839994
 14  7630.  0.477209985
 15  7700.  0.751450002
 16  7800.  0.716300011
 17  7900.  0.671649992
 18  8000.  0.633650005
 19  8100.  0.596599996
 20  8200.  0.509790003
 21  8300.  0.471599996
 22  8400.  0.46360001
 23  8500.  0.397100002
 24  8600.  0.342000008
 25  8700.  0.271699995
 26  8800.  0.202350006
 27  9000.  0.0979100019
 28  9200.  0.0519100018
 29  9300.  0.0310699996
 30  9400.  0.0189500004
 31  9600.  0.0127400002
 32  9800.  0.00822000019
 33  10000.  0.00480000023
 34  10100.  0.
       33  z_Pfei_res
 1  8000.  0.
 2  8050.  0.000950000016
 3  8100.  0.00380000006
 4  8150.  0.0169600006
 5  8200.  0.0357300006
 6  8250.  0.0882499963
 7  8300.  0.131400004
 8  8350.  0.232749999
 9  8400.  0.28975001
 10  8450.  0.350549996
 11  8500.  0.387600005
 12  8550.  0.421799988
 13  8600.  0.42750001
 14  8700.  0.420850009
 15  8800.  0.395200014
 16  8900.  0.372399986
 17  9000.  0.315670013
 18  9100.  0.304870009
 19  9200.  0.281029999
 20  9300.  0.212290004
 21  9400.  0.169929996
 22  9500.  0.157450005
 23  9600.  0.15591
 24  9700.  0.168349996
 25  9800.  0.148870006
 26  9900.  0.134399995
 27  10000.  0.116159998
 28  10200.  0.0912000015
 29  10400.  0.0537599996
 30  10600.  0.0268799998
 31  10800.  0.00863999967
 32  10900.  0.00480000023
 33  11000.  0.
       23  SSG_A_res
 1  5875.  0.
 2  5938.  9.00000014E-05
 3  6000.  0.0123699997
 4  6063.  0.042750001
 5  6100.  0.0953999981
 6  6125.  0.13673
 7  6188.  0.221200004
 8  6250.  0.25801
 9  6313.  0.301569998
 10  6375.  0.283840001
 11  6438.  0.274109989
 12  6500.  0.237729996
 13  6563.  0.27116999
 14  6625.  0.259730011
 15  6655.  0.180549994
 16  6688.  0.10176
 17  6700.  0.067809999
 18  6725.  0.0337500013
 19  6750.  0.0184599999
 20  6775.  0.00669000018
 21  6800.  0.00270000007
 22  6813.  0.00167000003
 23  6875.  0.
       25  SSG_B_res
 1  6438.  0.
 2  6500.  0.00377000007
 3  6563.  0.00930999964
 4  6580.  0.0137499999
 5  6595.  0.0291700009
 6  6625.  0.0595000014
 7  6650.  0.0885900036
 8  6688.  0.132039994
 9  6750.  0.226400003
 10  6813.  0.255780011
 11  6875.  0.251179993
 12  6938.  0.250360012
 13  7000.  0.208230004
 14  7063.  0.253500015
 15  7125.  0.157110006
 16  7160.  0.0732799992
 17  7175.  0.0396599993
 18  7188.  0.0168500002
 19  7194.  0.0126799997
 20  7200.  0.00848000031
 21  7213.  0.00516000018
 22  7225.  0.00350999995
 23  7250.  0.0022499999
 24  7288.  0.00116999994
 25  7313.  0.
       22  SSG_C_res
 1  6875.  0.
 2  6938.  9.00000014E-05
 3  7000.  0.00139999995
 4  7063.  0.0165299997
 5  7125.  0.0503100008
 6  7188.  0.0904000029
 7  7250.  0.151109993
 8  7313.  0.203380004
 9  7375.  0.231710002
 10  7438.  0.245719999
 11  7500.  0.255679995
 12  7563.  0.251260012
 13  7625.  0.157659993
 14  7688.  0.206139997
 15  7750.  0.179069996
 16  7813.  0.186580002
 17  7840.  0.12331
 18  7875.  0.0853099972
 19  7938.  0.0358100012
 20  7970.  0.0117800003
 21  8000.  0.00113999995
 22  8063.  0.
       22  SSG_D_res
 1  7438.  0.
 2  7500.  9.00000014E-05
 3  7563.  0.000560000015
 4  7625.  0.00224000006
 5  7688.  0.01492
 6  7750.  0.0358100012
 7  7813.  0.0609899983
 8  7875.  0.09234
 9  7938.  0.122450002
 10  8000.  0.131669998
 11  8063.  0.140220001
 12  8125.  0.126849994
 13  8188.  0.103440002
 14  8250.  0.115170002
 15  8313.  0.145899996
 16  8350.  0.0934799984
 17  8375.  0.046360001
 18  8405.  0.01767
 19  8438.  0.00731999986
 20  8470.  0.00285000005
 21  8500.  0.00161000004
 22  8563.  0.
       40  J_tyson_res
 1  3500.  0.
 2  3550.  0.0392000005
 3  3600.  0.0882000029
 4  3650.  0.117700003
 5  3700.  0.147100002
 6  3750.  0.170599997
 7  3800.  0.190200001
 8  3850.  0.205899999
 9  3900.  0.215700001
 10  3950.  0.235300004
 11  4000.  0.274500012
 12  4050.  0.303900003
 13  4100.  0.317600012
 14  4150.  0.333299994
 15  4200.  0.333299994
 16  4250.  0.343100011
 17  4300.  0.352899998
 18  4350.  0.372500002
 19  4400.  0.40200001
 20  4450.  0.421600014
 21  4500.  0.435299993
 22  4550.  0.431400001
 23  4600.  0.426499993
 24  4650.  0.421600014
 25  4700.  0.411799997
 26  4750.  0.409799993
 27  4800.  0.415699989
 28  4850.  0.421600014
 29  4900.  0.451000005
 30  4950.  0.470600009
 31  5000.  0.490200013
 32  5050.  0.480399996
 33  5100.  0.451000005
 34  5150.  0.411799997
 35  5200.  0.333299994
 36  5250.  0.254900008
 37  5300.  0.176499993
 38  5350.  0.0979999974
 39  5400.  0.0489999987
 40  5450.  0.
       41  R_tyson_res
 1  5600.  0.
 2  5650.  0.0156999994
 3  5700.  0.0333000012
 4  5750.  0.0979999974
 5  5800.  0.156900004
 6  5850.  0.225500003
 7  5900.  0.337199986
 8  5950.  0.411799997
 9  6000.  0.454899997
 10  6050.  0.480399996
 11  6100.  0.5
 12  6150.  0.519599974
 13  6200.  0.533299983
 14  6250.  0.539200008
 15  6300.  0.549000025
 16  6350.  0.552900016
 17  6400.  0.558799982
 18  6450.  0.552900016
 19  6500.  0.549000025
 20  6550.  0.539200008
 21  6600.  0.529399991
 22  6650.  0.523500025
 23  6700.  0.519599974
 24  6750.  0.515699983
 25  6800.  0.513700008
 26  6850.  0.511799991
 27  6900.  0.503899992
 28  6950.  0.5
 29  7000.  0.490200013
 30  7050.  0.460799992
 31  7100.  0.431400001
 32  7150.  0.372500002
 33  7200.  0.333299994
 34  7250.  0.254900008
 35  7300.  0.205899999
 36  7350.  0.1373
 37  7400.  0.0979999974
 38  7450.  0.0588000007
 39  7500.  0.0294000003
 40  7550.  0.00980000012
 41  7600.  0.
       66  I_tyson_res
 1  7400.  0.
 2  7450.  0.00980000012
 3  7500.  0.0392000005
 4  7550.  0.0882000029
 5  7600.  0.147100002
 6  7650.  0.196099997
 7  7700.  0.284299999
 8  7750.  0.323500007
 9  7800.  0.34709999
 10  7850.  0.352899998
 11  7900.  0.358799994
 12  7950.  0.356900007
 13  8000.  0.354900002
 14  8050.  0.352899998
 15  8100.  0.349000007
 16  8150.  0.34709999
 17  8200.  0.343100011
 18  8250.  0.337199986
 19  8300.  0.333299994
 20  8350.  0.327499986
 21  8400.  0.317600012
 22  8450.  0.309799999
 23  8500.  0.303900003
 24  8550.  0.298000008
 25  8600.  0.294099987
 26  8650.  0.284299999
 27  8700.  0.280400008
 28  8750.  0.276499987
 29  8800.  0.274500012
 30  8850.  0.264699996
 31  8900.  0.254900008
 32  8950.  0.245100006
 33  9000.  0.225500003
 34  9050.  0.219600007
 35  9100.  0.215700001
 36  9150.  0.200000003
 37  9200.  0.196099997
 38  9250.  0.176499993
 39  9300.  0.166700006
 40  9350.  0.156900004
 41  9400.  0.141200006
 42  9450.  0.1373
 43  9500.  0.127499998
 44  9550.  0.121600002
 45  9600.  0.117700003
 46  9650.  0.107799999
 47  9700.  0.1039
 48  9750.  0.101999998
 49  9800.  0.0979999974
 50  9850.  0.0940999985
 51  9900.  0.0882000029
 52  9950.  0.0824000016
 53  10000.  0.0784000009
 54  10050.  0.074500002
 55  10100.  0.068599999
 56  10150.  0.0627999976
 57  10200.  0.0588000007
 58  10250.  0.0549000017
 59  10300.  0.0489999987
 60  10350.  0.0392000005
 61  10350.  0.0392000005
 62  10400.  0.0333000012
 63  10450.  0.0294000003
 64  10500.  0.0196000002
 65  10550.  0.00980000012
 66  10600.  0.
      193  f555w_res
 1  4300.  2.70217697E-06
 2  4320.  3.1601769E-06
 3  4340.  1.176564E-05
 4  4360.  7.93656509E-05
 5  4380.  0.000464835204
 6  4400.  0.00199675909
 7  4420.  0.00580465421
 8  4440.  0.01204619
 9  4460.  0.0190909393
 10  4480.  0.0254124198
 11  4500.  0.0302490294
 12  4520.  0.0344161093
 13  4540.  0.0376605615
 14  4560.  0.0402781591
 15  4580.  0.042475041
 16  4600.  0.044351019
 17  4620.  0.0460097007
 18  4640.  0.0475313887
 19  4660.  0.0488990992
 20  4680.  0.0501958206
 21  4700.  0.051450409
 22  4720.  0.0526314601
 23  4740.  0.0537566617
 24  4760.  0.0548887514
 25  4780.  0.0559884682
 26  4800.  0.0570602491
 27  4820.  0.0581684113
 28  4840.  0.0592892803
 29  4860.  0.0603880584
 30  4880.  0.0614689216
 31  4900.  0.0625506863
 32  4920.  0.0636191815
 33  4940.  0.0646905527
 34  4960.  0.0657467321
 35  4980.  0.0667812973
 36  5000.  0.0678058192
 37  5020.  0.0689943284
 38  5040.  0.0701935366
 39  5060.  0.0713869631
 40  5080.  0.0725941285
 41  5100.  0.0737334564
 42  5120.  0.0748518631
 43  5140.  0.0759555399
 44  5160.  0.0770650432
 45  5180.  0.0781246275
 46  5200.  0.0791341737
 47  5220.  0.0801642537
 48  5240.  0.0811588168
 49  5260.  0.0820910037
 50  5280.  0.0829892233
 51  5300.  0.0838352963
 52  5320.  0.0846257433
 53  5340.  0.085378617
 54  5360.  0.0860677287
 55  5380.  0.0867525414
 56  5400.  0.0873680636
 57  5420.  0.0879543573
 58  5440.  0.0884880275
 59  5460.  0.0889451206
 60  5480.  0.0892715305
 61  5500.  0.0894835591
 62  5520.  0.0895284116
 63  5540.  0.0894796476
 64  5560.  0.0894720331
 65  5580.  0.0894496366
 66  5600.  0.08965002
 67  5620.  0.0896889269
 68  5640.  0.0898828432
 69  5660.  0.0900286734
 70  5680.  0.0900152773
 71  5700.  0.0899419263
 72  5720.  0.0892760828
 73  5740.  0.0882348269
 74  5760.  0.0870180428
 75  5780.  0.0856029391
 76  5800.  0.0841279179
 77  5820.  0.0825939029
 78  5840.  0.0810887814
 79  5860.  0.079482913
 80  5880.  0.0778751373
 81  5900.  0.0761928037
 82  5920.  0.074428983
 83  5940.  0.0726700202
 84  5960.  0.0707660466
 85  5980.  0.0688479766
 86  6000.  0.0668547079
 87  6020.  0.0645472035
 88  6040.  0.0622085892
 89  6060.  0.0598785207
 90  6080.  0.0575872101
 91  6100.  0.0553159192
 92  6120.  0.0530645512
 93  6140.  0.0508723408
 94  6160.  0.048632361
 95  6180.  0.0464108512
 96  6200.  0.0441141985
 97  6220.  0.0417593308
 98  6240.  0.0394289382
 99  6260.  0.0371597894
 100  6280.  0.0349829495
 101  6300.  0.0329316594
 102  6320.  0.0310352594
 103  6340.  0.0292449202
 104  6360.  0.0275388304
 105  6380.  0.0258977003
 106  6400.  0.0243044291
 107  6420.  0.0227438901
 108  6440.  0.0212539807
 109  6460.  0.0198379792
 110  6480.  0.0184920598
 111  6500.  0.0172211397
 112  6520.  0.0159862395
 113  6540.  0.0148488097
 114  6560.  0.0137395002
 115  6580.  0.0126776099
 116  6600.  0.01165618
 117  6620.  0.0106831901
 118  6640.  0.00976187363
 119  6660.  0.00890249107
 120  6680.  0.00810915045
 121  6700.  0.00736914622
 122  6720.  0.00669363979
 123  6740.  0.00607994897
 124  6760.  0.00551077304
 125  6780.  0.00499221683
 126  6800.  0.0045095589
 127  6820.  0.00407375395
 128  6840.  0.00366145396
 129  6860.  0.00337600894
 130  6880.  0.00317843608
 131  6900.  0.00298412004
 132  6920.  0.00274981605
 133  6940.  0.00247222395
 134  6960.  0.00222263997
 135  6980.  0.00199904596
 136  7000.  0.00179245695
 137  7020.  0.00160146202
 138  7040.  0.00142811495
 139  7060.  0.00127211702
 140  7080.  0.00113322795
 141  7100.  0.00100655702
 142  7120.  0.000893230725
 143  7140.  0.000789951417
 144  7160.  0.000699201424
 145  7180.  0.000617587299
 146  7200.  0.000545077084
 147  7220.  0.000481561001
 148  7240.  0.000424578495
 149  7260.  0.000373946212
 150  7280.  0.000330620009
 151  7300.  0.000291151897
 152  7320.  0.000256537896
 153  7340.  0.000226694596
 154  7360.  0.000199389993
 155  7380.  0.000175645706
 156  7400.  0.000154342095
 157  7420.  0.000136474395
 158  7440.  0.000119893601
 159  7460.  0.000105605002
 160  7480.  9.35604694E-05
 161  7500.  8.16747634E-05
 162  7520.  7.17767689E-05
 163  7540.  6.30642826E-05
 164  7560.  5.55094812E-05
 165  7580.  4.90824314E-05
 166  7600.  4.3753731E-05
 167  7620.  3.85298117E-05
 168  7640.  3.33984717E-05
 169  7660.  3.02410808E-05
 170  7680.  2.61909408E-05
 171  7700.  2.31251506E-05
 172  7720.  2.01018502E-05
 173  7740.  1.80369298E-05
 174  7760.  1.60154195E-05
 175  7780.  1.40446E-05
 176  7800.  1.212812E-05
 177  7820.  1.11210202E-05
 178  7840.  1.01391397E-05
 179  7860.  9.17599664E-06
 180  7880.  8.22750008E-06
 181  7900.  7.29141811E-06
 182  7920.  6.36884806E-06
 183  7940.  5.4669531E-06
 184  7960.  4.59248622E-06
 185  7980.  4.49895106E-06
 186  8000.  4.40955819E-06
 187  8020.  5.03549381E-06
 188  8040.  3.52503707E-06
 189  8060.  2.767571E-06
 190  8080.  2.72063789E-06
 191  8100.  2.68021904E-06
 192  8120.  2.64692198E-06
 193  8140.  2.61903506E-06
      180  f606w_res
 1  4620.  1.36172105E-06
 2  4640.  2.08308902E-05
 3  4660.  0.00025957459
 4  4680.  0.00160781096
 5  4700.  0.00554617401
 6  4720.  0.00960634463
 7  4740.  0.0173733495
 8  4760.  0.0255053993
 9  4780.  0.0364723988
 10  4800.  0.0492412187
 11  4820.  0.0589197688
 12  4840.  0.062864311
 13  4860.  0.0634013116
 14  4880.  0.0637829676
 15  4900.  0.0653741434
 16  4920.  0.0681101233
 17  4940.  0.0713662282
 18  4960.  0.07409852
 19  4980.  0.0759428367
 20  5000.  0.0769461468
 21  5020.  0.0780814067
 22  5040.  0.0796014965
 23  5060.  0.082008183
 24  5080.  0.0851752013
 25  5100.  0.0886822268
 26  5120.  0.0917638764
 27  5140.  0.0936829969
 28  5160.  0.0940246508
 29  5180.  0.0929372907
 30  5200.  0.0911256671
 31  5220.  0.089148663
 32  5240.  0.0881793872
 33  5260.  0.088082388
 34  5280.  0.0897118375
 35  5300.  0.0923635215
 36  5320.  0.0964683071
 37  5340.  0.101005703
 38  5360.  0.1056941
 39  5380.  0.109552398
 40  5400.  0.112150699
 41  5420.  0.113364197
 42  5440.  0.113655798
 43  5460.  0.113347501
 44  5480.  0.1133141
 45  5500.  0.113763697
 46  5520.  0.115091696
 47  5540.  0.117274903
 48  5560.  0.120082401
 49  5580.  0.123205803
 50  5600.  0.126086399
 51  5620.  0.127830207
 52  5640.  0.128551006
 53  5660.  0.128106803
 54  5680.  0.126745105
 55  5700.  0.125221506
 56  5720.  0.123564199
 57  5740.  0.122001201
 58  5760.  0.121592999
 59  5780.  0.122231498
 60  5800.  0.123984098
 61  5820.  0.127092496
 62  5840.  0.130608201
 63  5860.  0.134541601
 64  5880.  0.138060004
 65  5900.  0.1409747
 66  5920.  0.142750993
 67  5940.  0.143465996
 68  5960.  0.143293902
 69  5980.  0.142621696
 70  6000.  0.141826406
 71  6020.  0.140854806
 72  6040.  0.140116006
 73  6060.  0.140367702
 74  6080.  0.141226396
 75  6100.  0.142544597
 76  6120.  0.144366696
 77  6140.  0.146119595
 78  6160.  0.147550493
 79  6180.  0.148159698
 80  6200.  0.147754803
 81  6220.  0.146433607
 82  6240.  0.144266695
 83  6260.  0.1416412
 84  6280.  0.139039293
 85  6300.  0.136820897
 86  6320.  0.135230005
 87  6340.  0.1346187
 88  6360.  0.134647295
 89  6380.  0.135340795
 90  6400.  0.136582896
 91  6420.  0.138084397
 92  6440.  0.139527902
 93  6460.  0.141026199
 94  6480.  0.142250195
 95  6500.  0.142884597
 96  6520.  0.142409801
 97  6540.  0.1418235
 98  6560.  0.140453503
 99  6580.  0.138666496
 100  6600.  0.136580899
 101  6620.  0.134659603
 102  6640.  0.132783905
 103  6660.  0.131195098
 104  6680.  0.130251393
 105  6700.  0.129991502
 106  6720.  0.129928797
 107  6740.  0.129873604
 108  6760.  0.129203901
 109  6780.  0.1274423
 110  6800.  0.124067597
 111  6820.  0.118588403
 112  6840.  0.111427799
 113  6860.  0.103736803
 114  6880.  0.0954329073
 115  6900.  0.0871942267
 116  6920.  0.0800395086
 117  6940.  0.0747338831
 118  6960.  0.0707553029
 119  6980.  0.0678668991
 120  7000.  0.067258507
 121  7020.  0.0693155304
 122  7040.  0.0736683011
 123  7060.  0.0809167922
 124  7080.  0.0926950872
 125  7100.  0.106741302
 126  7120.  0.113533698
 127  7140.  0.100353301
 128  7160.  0.0696685463
 129  7180.  0.0416869111
 130  7200.  0.0239676107
 131  7220.  0.0140649797
 132  7240.  0.00859199278
 133  7260.  0.00547013013
 134  7280.  0.00357525609
 135  7300.  0.00229660189
 136  7320.  0.001633571
 137  7340.  0.00118630996
 138  7360.  0.000920612074
 139  7380.  0.00069012621
 140  7400.  0.000526355172
 141  7420.  0.000407192798
 142  7440.  0.000318764709
 143  7460.  0.000251849095
 144  7480.  0.000202752301
 145  7500.  0.000164828307
 146  7520.  0.000134268907
 147  7540.  0.000109471999
 148  7560.  9.12335236E-05
 149  7580.  7.63814387E-05
 150  7600.  6.38307029E-05
 151  7620.  5.44548202E-05
 152  7640.  4.62399003E-05
 153  7660.  4.00692807E-05
 154  7680.  3.40266888E-05
 155  7700.  2.99232397E-05
 156  7720.  2.58989494E-05
 157  7740.  2.28503795E-05
 158  7760.  1.98835205E-05
 159  7780.  1.785731E-05
 160  7800.  1.58975399E-05
 161  7820.  1.40042603E-05
 162  7840.  1.29790797E-05
 163  7860.  1.11784802E-05
 164  7880.  1.02068298E-05
 165  7900.  9.2493492E-06
 166  7920.  7.55105202E-06
 167  7940.  7.38508197E-06
 168  7960.  6.49402318E-06
 169  7980.  6.34218986E-06
 170  8000.  4.82283713E-06
 171  8020.  4.7101621E-06
 172  8040.  5.2638602E-06
 173  8060.  5.15430202E-06
 174  8080.  4.42347618E-06
 175  8100.  3.10557698E-06
 176  8120.  3.05994308E-06
 177  8140.  3.62483206E-06
 178  8160.  3.58249895E-06
 179  8180.  3.54236909E-06
 180  8200.  2.33478295E-06
      186  f702w_res
 1  5760.  3.1560769E-06
 2  5780.  1.74332599E-05
 3  5800.  6.68531502E-05
 4  5820.  0.000209571197
 5  5840.  0.000538979424
 6  5860.  0.00130307395
 7  5880.  0.00299711502
 8  5900.  0.00679396885
 9  5920.  0.0156588405
 10  5940.  0.0329140015
 11  5960.  0.0620884411
 12  5980.  0.0982986987
 13  6000.  0.1206275
 14  6020.  0.122913197
 15  6040.  0.118358903
 16  6060.  0.116840199
 17  6080.  0.118259102
 18  6100.  0.119568899
 19  6120.  0.124336198
 20  6140.  0.133212194
 21  6160.  0.141914606
 22  6180.  0.148124799
 23  6200.  0.153516799
 24  6220.  0.157425299
 25  6240.  0.158512101
 26  6260.  0.157548904
 27  6280.  0.155665606
 28  6300.  0.153775096
 29  6320.  0.152308404
 30  6340.  0.150982201
 31  6360.  0.150100395
 32  6380.  0.150637299
 33  6400.  0.151905894
 34  6420.  0.153264299
 35  6440.  0.154780701
 36  6460.  0.156454206
 37  6480.  0.158298105
 38  6500.  0.159775898
 39  6520.  0.160209596
 40  6540.  0.160653397
 41  6560.  0.1600025
 42  6580.  0.158900797
 43  6600.  0.157159805
 44  6620.  0.154835194
 45  6640.  0.152303606
 46  6660.  0.150004804
 47  6680.  0.148047805
 48  6700.  0.146572202
 49  6720.  0.1456853
 50  6740.  0.145423099
 51  6760.  0.145479694
 52  6780.  0.145698801
 53  6800.  0.145844102
 54  6820.  0.145753607
 55  6840.  0.145422697
 56  6860.  0.144760296
 57  6880.  0.143487304
 58  6900.  0.142220095
 59  6920.  0.140621305
 60  6940.  0.139016703
 61  6960.  0.137346804
 62  6980.  0.135553196
 63  7000.  0.134284303
 64  7020.  0.13301
 65  7040.  0.131881297
 66  7060.  0.131120503
 67  7080.  0.1305888
 68  7100.  0.130265504
 69  7120.  0.1301772
 70  7140.  0.130263403
 71  7160.  0.130231902
 72  7180.  0.129939303
 73  7200.  0.129362702
 74  7220.  0.128480002
 75  7240.  0.127155304
 76  7260.  0.125415593
 77  7280.  0.123236097
 78  7300.  0.120865203
 79  7320.  0.118213698
 80  7340.  0.115468897
 81  7360.  0.112821102
 82  7380.  0.110530101
 83  7400.  0.108615302
 84  7420.  0.107060999
 85  7440.  0.1056372
 86  7460.  0.104468003
 87  7480.  0.103767
 88  7500.  0.1036411
 89  7520.  0.103556
 90  7540.  0.103650197
 91  7560.  0.103569597
 92  7580.  0.103465296
 93  7600.  0.103235401
 94  7620.  0.102817602
 95  7640.  0.102056198
 96  7660.  0.100852102
 97  7680.  0.0992762968
 98  7700.  0.0971131995
 99  7720.  0.0944404379
 100  7740.  0.0915276185
 101  7760.  0.088593103
 102  7780.  0.0856812969
 103  7800.  0.0827267319
 104  7820.  0.0797236636
 105  7840.  0.0766456574
 106  7860.  0.0738955364
 107  7880.  0.0714743286
 108  7900.  0.069326207
 109  7920.  0.067258507
 110  7940.  0.0653922334
 111  7960.  0.063993603
 112  7980.  0.063029483
 113  8000.  0.0617796592
 114  8020.  0.0599384792
 115  8040.  0.0580193996
 116  8060.  0.0564296506
 117  8080.  0.054804299
 118  8100.  0.0515713692
 119  8120.  0.0459767208
 120  8140.  0.0391783789
 121  8160.  0.0327348709
 122  8180.  0.0279126503
 123  8200.  0.0232388694
 124  8220.  0.0181384105
 125  8240.  0.0137759196
 126  8260.  0.0102610299
 127  8280.  0.00762641011
 128  8300.  0.0057823942
 129  8320.  0.00460023712
 130  8340.  0.00368253305
 131  8360.  0.00295348908
 132  8380.  0.00232265703
 133  8400.  0.00186110102
 134  8420.  0.00153493497
 135  8440.  0.00124127103
 136  8460.  0.00101708504
 137  8480.  0.000842407288
 138  8500.  0.000706643215
 139  8520.  0.000598466489
 140  8540.  0.000511321821
 141  8560.  0.00044145211
 142  8580.  0.000381291611
 143  8600.  0.000330150797
 144  8620.  0.00028909411
 145  8640.  0.00025505849
 146  8660.  0.000228440505
 147  8680.  0.000204673197
 148  8700.  0.000184451303
 149  8720.  0.000165419697
 150  8740.  0.000148288906
 151  8760.  0.000134129994
 152  8780.  0.000122578596
 153  8800.  0.000112801099
 154  8820.  0.0001026799
 155  8840.  9.2510003E-05
 156  8860.  8.29825876E-05
 157  8880.  7.398866E-05
 158  8900.  6.58614517E-05
 159  8920.  5.85675516E-05
 160  8940.  5.17653898E-05
 161  8960.  4.66790807E-05
 162  8980.  4.32875095E-05
 163  9000.  3.96683099E-05
 164  9020.  3.50788396E-05
 165  9040.  3.10068608E-05
 166  9060.  2.70272503E-05
 167  9080.  2.34723302E-05
 168  9100.  1.96029105E-05
 169  9120.  1.68414099E-05
 170  9140.  1.40981601E-05
 171  9160.  1.24309699E-05
 172  9180.  1.08101704E-05
 173  9200.  9.56299027E-06
 174  9220.  8.36031904E-06
 175  9240.  7.81111521E-06
 176  9260.  6.99303382E-06
 177  9280.  6.21932986E-06
 178  9300.  5.49209881E-06
 179  9320.  4.54205519E-06
 180  9340.  4.16113107E-06
 181  9360.  3.79297194E-06
 182  9380.  3.18750403E-06
 183  9400.  2.6040741E-06
 184  9420.  2.50051698E-06
 185  9440.  2.17338197E-06
 186  9460.  2.07234689E-06
      163  f814w_res
 1  6760.  1.22679705E-06
 2  6780.  2.44716489E-06
 3  6800.  6.10059396E-06
 4  6820.  1.45925496E-05
 5  6840.  3.51363888E-05
 6  6860.  7.96769673E-05
 7  6880.  0.000170864296
 8  6900.  0.000309233088
 9  6920.  0.000458901806
 10  6940.  0.000915860292
 11  6960.  0.00177021197
 12  6980.  0.00336845196
 13  7000.  0.00629814621
 14  7020.  0.01165058
 15  7040.  0.0211589299
 16  7060.  0.0365206487
 17  7080.  0.0572899394
 18  7100.  0.0788458064
 19  7120.  0.0941681936
 20  7140.  0.101856202
 21  7160.  0.104468502
 22  7180.  0.105145097
 23  7200.  0.105493397
 24  7220.  0.105970398
 25  7240.  0.106567003
 26  7260.  0.1068976
 27  7280.  0.106752798
 28  7300.  0.106062502
 29  7320.  0.104921803
 30  7340.  0.103337102
 31  7360.  0.101705
 32  7380.  0.100010499
 33  7400.  0.0984903574
 34  7420.  0.0972180292
 35  7440.  0.0962985083
 36  7460.  0.0956180915
 37  7480.  0.0951787606
 38  7500.  0.0949469134
 39  7520.  0.094597742
 40  7540.  0.0942700878
 41  7560.  0.0940330625
 42  7580.  0.0937572494
 43  7600.  0.0933879688
 44  7620.  0.0930263773
 45  7640.  0.0925328508
 46  7660.  0.0919177681
 47  7680.  0.0912211686
 48  7700.  0.0903934091
 49  7720.  0.0893545598
 50  7740.  0.0882709399
 51  7760.  0.0870776176
 52  7780.  0.0859231427
 53  7800.  0.0846976116
 54  7820.  0.083553113
 55  7840.  0.0824109167
 56  7860.  0.0812693015
 57  7880.  0.0799449682
 58  7900.  0.0786338896
 59  7920.  0.0770996884
 60  7940.  0.0754704997
 61  7960.  0.0738624781
 62  7980.  0.0722306594
 63  8000.  0.0705499873
 64  8020.  0.0690006465
 65  8040.  0.0676285475
 66  8060.  0.0664812177
 67  8080.  0.0654027835
 68  8100.  0.0645745173
 69  8120.  0.0638728812
 70  8140.  0.0633806363
 71  8160.  0.0629815236
 72  8180.  0.0625153035
 73  8200.  0.0620597005
 74  8220.  0.0616463609
 75  8240.  0.0611663386
 76  8260.  0.0606484897
 77  8280.  0.0599629693
 78  8300.  0.0594453104
 79  8320.  0.0587371401
 80  8340.  0.0581342205
 81  8360.  0.0574183092
 82  8380.  0.0568085685
 83  8400.  0.0561821312
 84  8420.  0.0555306002
 85  8440.  0.0549600087
 86  8460.  0.0544384308
 87  8480.  0.0538897999
 88  8500.  0.0532026701
 89  8520.  0.0524780117
 90  8540.  0.0516321994
 91  8560.  0.0507932492
 92  8580.  0.0499604791
 93  8600.  0.0492485501
 94  8620.  0.0485740006
 95  8640.  0.0480453894
 96  8660.  0.0473765805
 97  8680.  0.0466823392
 98  8700.  0.0458937511
 99  8720.  0.0450568981
 100  8740.  0.0440275818
 101  8760.  0.0430499092
 102  8780.  0.0420898609
 103  8800.  0.0412590206
 104  8820.  0.04061215
 105  8840.  0.0400236212
 106  8860.  0.0395958088
 107  8880.  0.0391322002
 108  8900.  0.0387180112
 109  8920.  0.0381365716
 110  8940.  0.0377403684
 111  8960.  0.0372170396
 112  8980.  0.0367923193
 113  9000.  0.0365528911
 114  9020.  0.0365636013
 115  9040.  0.0365571193
 116  9060.  0.0365264714
 117  9080.  0.0366085395
 118  9100.  0.0366172008
 119  9120.  0.0364313088
 120  9140.  0.036187239
 121  9160.  0.0357973203
 122  9180.  0.0353635289
 123  9200.  0.0348008908
 124  9220.  0.0341995098
 125  9240.  0.0334888883
 126  9260.  0.0326350294
 127  9280.  0.031991709
 128  9300.  0.03118903
 129  9320.  0.0305473097
 130  9340.  0.0299699306
 131  9360.  0.0293444209
 132  9380.  0.0287401993
 133  9400.  0.0280192401
 134  9420.  0.0271570701
 135  9440.  0.0262357499
 136  9460.  0.0251490194
 137  9480.  0.0240654591
 138  9500.  0.0228424892
 139  9520.  0.0218208209
 140  9540.  0.0205636006
 141  9560.  0.0189113393
 142  9580.  0.01696481
 143  9600.  0.0147016104
 144  9620.  0.01234347
 145  9640.  0.00997320656
 146  9660.  0.00794976018
 147  9680.  0.00621003006
 148  9700.  0.00481331907
 149  9720.  0.00371232303
 150  9740.  0.00285730907
 151  9760.  0.00220279093
 152  9780.  0.001695527
 153  9800.  0.00130471203
 154  9820.  0.00101147196
 155  9840.  0.00078746432
 156  9860.  0.00061214529
 157  9880.  0.000484692107
 158  9900.  0.000385211111
 159  9920.  0.000321654108
 160  9940.  0.000260730594
 161  9960.  0.000206529206
 162  9980.  0.000164701501
 163  10000.  0.000131211898
      141  g_POSS2_res
 1  4500.  0.
 2  4510.  0.00400000019
 3  4520.  0.00400000019
 4  4530.  0.00499999989
 5  4540.  0.00600000005
 6  4550.  0.00700000022
 7  4560.  0.00800000038
 8  4570.  0.00999999978
 9  4580.  0.0130000003
 10  4590.  0.0160000008
 11  4600.  0.0209999997
 12  4610.  0.0289999992
 13  4620.  0.0419999994
 14  4630.  0.063000001
 15  4640.  0.0960000008
 16  4650.  0.150999993
 17  4660.  0.246000007
 18  4670.  0.38499999
 19  4680.  0.556999981
 20  4690.  0.69599998
 21  4700.  0.745000005
 22  4710.  0.717999995
 23  4720.  0.666000009
 24  4730.  0.616999984
 25  4740.  0.586000025
 26  4750.  0.569999993
 27  4760.  0.565999985
 28  4770.  0.574999988
 29  4780.  0.597000003
 30  4790.  0.625
 31  4800.  0.658999979
 32  4810.  0.698000014
 33  4820.  0.736000001
 34  4830.  0.774999976
 35  4840.  0.809000015
 36  4850.  0.838
 37  4860.  0.859000027
 38  4870.  0.873000026
 39  4880.  0.879999995
 40  4890.  0.887000024
 41  4900.  0.887000024
 42  4910.  0.884000003
 43  4920.  0.883000016
 44  4930.  0.882000029
 45  4940.  0.880999982
 46  4950.  0.883000016
 47  4960.  0.885999978
 48  4970.  0.893999994
 49  4980.  0.901000023
 50  4990.  0.911000013
 51  5000.  0.920000017
 52  5010.  0.927999973
 53  5020.  0.938000023
 54  5030.  0.94599998
 55  5040.  0.95599997
 56  5050.  0.962000012
 57  5060.  0.967999995
 58  5070.  0.972000003
 59  5080.  0.977999985
 60  5090.  0.98299998
 61  5100.  0.98299998
 62  5110.  0.989000022
 63  5120.  0.987999976
 64  5130.  0.99000001
 65  5140.  0.992999971
 66  5150.  0.995999992
 67  5160.  0.995999992
 68  5170.  0.991999984
 69  5180.  0.995000005
 70  5190.  1.
 71  5200.  0.999000013
 72  5210.  0.992999971
 73  5220.  0.991999984
 74  5230.  0.992999971
 75  5240.  0.987999976
 76  5250.  0.98299998
 77  5260.  0.975000024
 78  5270.  0.964999974
 79  5280.  0.957000017
 80  5290.  0.94599998
 81  5300.  0.92900002
 82  5310.  0.908999979
 83  5320.  0.887000024
 84  5330.  0.861000001
 85  5340.  0.833999991
 86  5350.  0.799000025
 87  5360.  0.764999986
 88  5370.  0.73299998
 89  5380.  0.700999975
 90  5390.  0.666999996
 91  5400.  0.634000003
 92  5410.  0.605000019
 93  5420.  0.575999975
 94  5430.  0.550999999
 95  5440.  0.529999971
 96  5450.  0.50999999
 97  5460.  0.497999996
 98  5470.  0.488999993
 99  5480.  0.483999997
 100  5490.  0.483999997
 101  5500.  0.490999997
 102  5510.  0.504000008
 103  5520.  0.523999989
 104  5530.  0.555999994
 105  5540.  0.597000003
 106  5550.  0.651000023
 107  5560.  0.713999987
 108  5570.  0.777999997
 109  5580.  0.823000014
 110  5590.  0.82099998
 111  5600.  0.758000016
 112  5610.  0.632000029
 113  5620.  0.49000001
 114  5630.  0.35800001
 115  5640.  0.257999986
 116  5650.  0.186000004
 117  5660.  0.134000003
 118  5670.  0.0989999995
 119  5680.  0.0729999989
 120  5690.  0.0560000017
 121  5700.  0.0439999998
 122  5710.  0.0340000018
 123  5720.  0.0270000007
 124  5730.  0.0219999999
 125  5740.  0.0179999992
 126  5750.  0.0149999997
 127  5760.  0.0120000001
 128  5770.  0.0109999999
 129  5780.  0.00899999961
 130  5790.  0.00800000038
 131  5800.  0.00700000022
 132  5810.  0.00600000005
 133  5820.  0.00600000005
 134  5830.  0.00499999989
 135  5840.  0.00499999989
 136  5850.  0.00300000003
 137  5860.  0.00300000003
 138  5870.  0.00300000003
 139  5880.  0.00300000003
 140  5890.  0.00200000009
 141  5900.  0.
      211  r_POSS2_res
 1  5900.  0.
 2  5910.  0.00100000005
 3  5920.  0.00200000009
 4  5930.  0.00200000009
 5  5940.  0.00400000019
 6  5950.  0.00600000005
 7  5960.  0.00999999978
 8  5970.  0.0160000008
 9  5980.  0.0260000005
 10  5990.  0.0390000008
 11  6000.  0.0590000004
 12  6010.  0.0850000009
 13  6020.  0.118000001
 14  6030.  0.158000007
 15  6040.  0.203999996
 16  6050.  0.237000003
 17  6060.  0.284000009
 18  6070.  0.338
 19  6080.  0.395000011
 20  6090.  0.449999988
 21  6100.  0.503000021
 22  6110.  0.55400002
 23  6120.  0.600000024
 24  6130.  0.643000007
 25  6140.  0.684000015
 26  6150.  0.721000016
 27  6160.  0.753000021
 28  6170.  0.77700001
 29  6180.  0.801999986
 30  6190.  0.822000027
 31  6200.  0.839999974
 32  6210.  0.856999993
 33  6220.  0.873000026
 34  6230.  0.883000016
 35  6240.  0.89200002
 36  6250.  0.901000023
 37  6260.  0.908999979
 38  6270.  0.91900003
 39  6280.  0.925000012
 40  6290.  0.930000007
 41  6300.  0.934000015
 42  6310.  0.940999985
 43  6320.  0.94599998
 44  6330.  0.953000009
 45  6340.  0.958000004
 46  6350.  0.964999974
 47  6360.  0.967999995
 48  6370.  0.972000003
 49  6380.  0.976000011
 50  6390.  0.981000006
 51  6400.  0.985000014
 52  6410.  0.989000022
 53  6420.  0.994000018
 54  6430.  0.991999984
 55  6440.  0.995000005
 56  6450.  0.998000026
 57  6460.  1.
 58  6470.  0.995999992
 59  6480.  0.998000026
 60  6490.  0.996999979
 61  6500.  0.995000005
 62  6510.  0.986999989
 63  6520.  0.981999993
 64  6530.  0.967999995
 65  6540.  0.953999996
 66  6550.  0.940999985
 67  6560.  0.931999981
 68  6570.  0.920000017
 69  6580.  0.907000005
 70  6590.  0.894999981
 71  6600.  0.887000024
 72  6610.  0.873000026
 73  6620.  0.85799998
 74  6630.  0.846000016
 75  6640.  0.838999987
 76  6650.  0.83099997
 77  6660.  0.815999985
 78  6670.  0.806999981
 79  6680.  0.796999991
 80  6690.  0.787999988
 81  6700.  0.782000005
 82  6710.  0.773999989
 83  6720.  0.76700002
 84  6730.  0.758000016
 85  6740.  0.751999974
 86  6750.  0.745000005
 87  6760.  0.74000001
 88  6770.  0.736000001
 89  6780.  0.735000014
 90  6790.  0.731000006
 91  6800.  0.727999985
 92  6810.  0.722000003
 93  6820.  0.716000021
 94  6830.  0.716000021
 95  6840.  0.713
 96  6850.  0.708999991
 97  6860.  0.709999979
 98  6870.  0.70599997
 99  6880.  0.704999983
 100  6890.  0.702000022
 101  6900.  0.700999975
 102  6910.  0.699000001
 103  6920.  0.694999993
 104  6930.  0.69599998
 105  6940.  0.694000006
 106  6950.  0.68900001
 107  6960.  0.684000015
 108  6970.  0.677999973
 109  6980.  0.674000025
 110  6990.  0.667999983
 111  7000.  0.663999975
 112  7010.  0.657999992
 113  7020.  0.648999989
 114  7030.  0.635999978
 115  7040.  0.624000013
 116  7050.  0.614000022
 117  7060.  0.601999998
 118  7070.  0.586000025
 119  7080.  0.57099998
 120  7090.  0.558000028
 121  7100.  0.540000021
 122  7110.  0.523999989
 123  7120.  0.509000003
 124  7130.  0.492000014
 125  7140.  0.476000011
 126  7150.  0.460000008
 127  7160.  0.444999993
 128  7170.  0.430999994
 129  7180.  0.416000009
 130  7190.  0.400999993
 131  7200.  0.386999995
 132  7210.  0.374000013
 133  7220.  0.363000005
 134  7230.  0.351000011
 135  7240.  0.342999995
 136  7250.  0.333000004
 137  7260.  0.324999988
 138  7270.  0.317000002
 139  7280.  0.308999985
 140  7290.  0.30399999
 141  7300.  0.298999995
 142  7310.  0.296000004
 143  7320.  0.294
 144  7330.  0.294
 145  7340.  0.294999987
 146  7350.  0.296999991
 147  7360.  0.300000012
 148  7370.  0.303000003
 149  7380.  0.307999998
 150  7390.  0.314999998
 151  7400.  0.321999997
 152  7410.  0.328999996
 153  7420.  0.335000008
 154  7430.  0.340999991
 155  7440.  0.342999995
 156  7450.  0.340999991
 157  7460.  0.333999991
 158  7470.  0.319000006
 159  7480.  0.296999991
 160  7490.  0.268999994
 161  7500.  0.237000003
 162  7510.  0.204999998
 163  7520.  0.173999995
 164  7530.  0.143999994
 165  7540.  0.119999997
 166  7550.  0.0989999995
 167  7560.  0.0810000002
 168  7570.  0.0670000017
 169  7580.  0.0549999997
 170  7590.  0.0450000018
 171  7600.  0.0379999988
 172  7610.  0.0320000015
 173  7620.  0.0260000005
 174  7630.  0.0219999999
 175  7640.  0.0189999994
 176  7650.  0.0160000008
 177  7660.  0.0140000004
 178  7670.  0.0120000001
 179  7680.  0.00999999978
 180  7690.  0.00899999961
 181  7700.  0.00800000038
 182  7710.  0.00700000022
 183  7720.  0.00600000005
 184  7730.  0.00499999989
 185  7740.  0.00499999989
 186  7750.  0.00400000019
 187  7760.  0.00400000019
 188  7770.  0.00300000003
 189  7780.  0.00300000003
 190  7790.  0.00300000003
 191  7800.  0.00300000003
 192  7810.  0.00300000003
 193  7820.  0.00200000009
 194  7830.  0.00200000009
 195  7840.  0.00200000009
 196  7850.  0.00200000009
 197  7860.  0.00200000009
 198  7870.  0.00200000009
 199  7880.  0.00200000009
 200  7890.  0.00200000009
 201  7900.  0.00100000005
 202  7910.  0.00100000005
 203  7920.  0.00100000005
 204  7930.  0.00100000005
 205  7940.  0.00100000005
 206  7950.  0.00100000005
 207  7960.  0.00100000005
 208  7970.  0.00100000005
 209  7980.  0.00100000005
 210  7990.  0.00100000005
 211  8000.  0.
      261  i_POSS2_res
 1  6600.  0.
 2  6610.  0.00300000003
 3  6620.  0.00300000003
 4  6630.  0.00300000003
 5  6640.  0.00300000003
 6  6650.  0.00300000003
 7  6660.  0.00300000003
 8  6670.  0.00300000003
 9  6680.  0.00499999989
 10  6690.  0.00499999989
 11  6700.  0.00499999989
 12  6710.  0.00499999989
 13  6720.  0.00499999989
 14  6730.  0.00600000005
 15  6740.  0.00600000005
 16  6750.  0.00700000022
 17  6760.  0.00700000022
 18  6770.  0.00899999961
 19  6780.  0.00899999961
 20  6790.  0.00999999978
 21  6800.  0.0120000001
 22  6810.  0.0130000003
 23  6820.  0.0149999997
 24  6830.  0.0160000008
 25  6840.  0.0189999994
 26  6850.  0.0219999999
 27  6860.  0.0250000004
 28  6870.  0.0270000007
 29  6880.  0.0320000015
 30  6890.  0.0359999985
 31  6900.  0.0410000011
 32  6910.  0.0469999984
 33  6920.  0.0520000011
 34  6930.  0.0610000007
 35  6940.  0.0689999983
 36  6950.  0.0769999996
 37  6960.  0.0879999995
 38  6970.  0.0989999995
 39  6980.  0.112000003
 40  6990.  0.125
 41  7000.  0.140000001
 42  7010.  0.156000003
 43  7020.  0.172999993
 44  7030.  0.191
 45  7040.  0.210999995
 46  7050.  0.231000006
 47  7060.  0.252999991
 48  7070.  0.273999989
 49  7080.  0.296999991
 50  7090.  0.321999997
 51  7100.  0.347000003
 52  7110.  0.372999996
 53  7120.  0.400000006
 54  7130.  0.425000012
 55  7140.  0.451999992
 56  7150.  0.476999998
 57  7160.  0.503000021
 58  7170.  0.532000005
 59  7180.  0.560000002
 60  7190.  0.584999979
 61  7200.  0.610000014
 62  7210.  0.635999978
 63  7220.  0.661000013
 64  7230.  0.683000028
 65  7240.  0.703000009
 66  7250.  0.72299999
 67  7260.  0.746999979
 68  7270.  0.763999999
 69  7280.  0.782999992
 70  7290.  0.800999999
 71  7300.  0.818000019
 72  7310.  0.836000025
 73  7320.  0.852999985
 74  7330.  0.867999971
 75  7340.  0.884000003
 76  7350.  0.898999989
 77  7360.  0.908999979
 78  7370.  0.915000021
 79  7380.  0.924000025
 80  7390.  0.941999972
 81  7400.  0.950999975
 82  7410.  0.959999979
 83  7420.  0.970000029
 84  7430.  0.980000019
 85  7440.  0.986999989
 86  7450.  0.990999997
 87  7460.  0.999000013
 88  7470.  0.995999992
 89  7480.  0.998000026
 90  7490.  0.996999979
 91  7500.  0.999000013
 92  7510.  1.
 93  7520.  0.995000005
 94  7530.  0.999000013
 95  7540.  0.999000013
 96  7550.  0.995000005
 97  7560.  0.992999971
 98  7570.  0.985000014
 99  7580.  0.984000027
 100  7590.  0.985000014
 101  7600.  0.981999993
 102  7610.  0.977999985
 103  7620.  0.975000024
 104  7630.  0.970000029
 105  7640.  0.957000017
 106  7650.  0.953000009
 107  7660.  0.950999975
 108  7670.  0.944000006
 109  7680.  0.939999998
 110  7690.  0.934000015
 111  7700.  0.925999999
 112  7710.  0.921000004
 113  7720.  0.913999975
 114  7730.  0.907000005
 115  7740.  0.899999976
 116  7750.  0.897000015
 117  7760.  0.893999994
 118  7770.  0.893000007
 119  7780.  0.885999978
 120  7790.  0.875999987
 121  7800.  0.865999997
 122  7810.  0.860000014
 123  7820.  0.855000019
 124  7830.  0.851000011
 125  7840.  0.843999982
 126  7850.  0.842000008
 127  7860.  0.839999974
 128  7870.  0.833999991
 129  7880.  0.828999996
 130  7890.  0.823000014
 131  7900.  0.816999972
 132  7910.  0.81099999
 133  7920.  0.805000007
 134  7930.  0.800999999
 135  7940.  0.790000021
 136  7950.  0.787
 137  7960.  0.782000005
 138  7970.  0.774999976
 139  7980.  0.764999986
 140  7990.  0.760999978
 141  8000.  0.754999995
 142  8010.  0.748000026
 143  8020.  0.745000005
 144  8030.  0.740999997
 145  8040.  0.735000014
 146  8050.  0.728999972
 147  8060.  0.721000016
 148  8070.  0.712000012
 149  8080.  0.703999996
 150  8090.  0.699999988
 151  8100.  0.697000027
 152  8110.  0.688000023
 153  8120.  0.67900002
 154  8130.  0.670000017
 155  8140.  0.662
 156  8150.  0.649999976
 157  8160.  0.640999973
 158  8170.  0.630999982
 159  8180.  0.619000018
 160  8190.  0.610000014
 161  8200.  0.598999977
 162  8210.  0.588
 163  8220.  0.578000009
 164  8230.  0.569000006
 165  8240.  0.559000015
 166  8250.  0.547999978
 167  8260.  0.536000013
 168  8270.  0.52700001
 169  8280.  0.518000007
 170  8290.  0.510999978
 171  8300.  0.504000008
 172  8310.  0.497999996
 173  8320.  0.493000001
 174  8330.  0.49000001
 175  8340.  0.486999989
 176  8350.  0.481999993
 177  8360.  0.476999998
 178  8370.  0.474000007
 179  8380.  0.474000007
 180  8390.  0.474000007
 181  8400.  0.474000007
 182  8410.  0.476999998
 183  8420.  0.477999985
 184  8430.  0.479999989
 185  8440.  0.486000001
 186  8450.  0.493000001
 187  8460.  0.500999987
 188  8470.  0.510999978
 189  8480.  0.518999994
 190  8490.  0.531000018
 191  8500.  0.540000021
 192  8510.  0.551999986
 193  8520.  0.569000006
 194  8530.  0.583000004
 195  8540.  0.593999982
 196  8550.  0.603999972
 197  8560.  0.605000019
 198  8570.  0.603999972
 199  8580.  0.601999998
 200  8590.  0.592999995
 201  8600.  0.569000006
 202  8610.  0.538999975
 203  8620.  0.505999982
 204  8630.  0.465000004
 205  8640.  0.421999991
 206  8650.  0.375999987
 207  8660.  0.330000013
 208  8670.  0.289000005
 209  8680.  0.25
 210  8690.  0.216999993
 211  8700.  0.186000004
 212  8710.  0.160999998
 213  8720.  0.137999997
 214  8730.  0.119000003
 215  8740.  0.103
 216  8750.  0.0890000015
 217  8760.  0.0769999996
 218  8770.  0.0670000017
 219  8780.  0.0590000004
 220  8790.  0.0520000011
 221  8800.  0.0450000018
 222  8810.  0.0399999991
 223  8820.  0.0359999985
 224  8830.  0.0320000015
 225  8840.  0.0280000009
 226  8850.  0.0250000004
 227  8860.  0.0219999999
 228  8870.  0.0199999996
 229  8880.  0.0179999992
 230  8890.  0.0160000008
 231  8900.  0.0149999997
 232  8910.  0.0140000004
 233  8920.  0.0120000001
 234  8930.  0.0109999999
 235  8940.  0.00999999978
 236  8950.  0.00999999978
 237  8960.  0.00800000038
 238  8970.  0.00800000038
 239  8980.  0.00700000022
 240  8990.  0.00700000022
 241  9000.  0.00600000005
 242  9010.  0.00600000005
 243  9020.  0.00600000005
 244  9030.  0.00499999989
 245  9040.  0.00499999989
 246  9050.  0.00400000019
 247  9060.  0.00400000019
 248  9070.  0.00400000019
 249  9080.  0.00400000019
 250  9090.  0.00300000003
 251  9100.  0.00300000003
 252  9110.  0.00300000003
 253  9120.  0.00300000003
 254  9130.  0.00300000003
 255  9140.  0.00300000003
 256  9150.  0.00300000003
 257  9160.  0.00200000009
 258  9170.  0.00200000009
 259  9180.  0.00200000009
 260  9190.  0.00200000009
 261  9200.  0.
       23  u_SDSS_res
 1  3000.  0.
 2  3050.  0.000219267007
 3  3100.  0.00345972995
 4  3150.  0.0141102001
 5  3200.  0.0325429998
 6  3250.  0.0531811006
 7  3300.  0.0700649992
 8  3350.  0.0881294012
 9  3400.  0.0960649997
 10  3450.  0.103007004
 11  3500.  0.104846999
 12  3550.  0.107463002
 13  3600.  0.112758003
 14  3650.  0.0976260006
 15  3700.  0.104656003
 16  3750.  0.0976563022
 17  3800.  0.0894528031
 18  3850.  0.0655393004
 19  3900.  0.03015
 20  3950.  0.00814464968
 21  4000.  0.00116900005
 22  4050.  9.2950002E-05
 23  4100.  0.
       45  g_SDSS_res
 1  3800.  0.
 2  3850.  0.0012838
 3  3900.  0.0173396003
 4  3950.  0.0517996997
 5  4000.  0.0973279998
 6  4050.  0.143042997
 7  4100.  0.203246996
 8  4150.  0.230140001
 9  4200.  0.260751992
 10  4250.  0.275748998
 11  4300.  0.265354007
 12  4350.  0.30361101
 13  4400.  0.301860005
 14  4450.  0.328442991
 15  4500.  0.33624801
 16  4550.  0.350520998
 17  4600.  0.360798001
 18  4650.  0.369488001
 19  4700.  0.376379997
 20  4750.  0.381990999
 21  4800.  0.382165015
 22  4850.  0.389418989
 23  4900.  0.398503989
 24  4950.  0.402211994
 25  5000.  0.407788008
 26  5050.  0.403138995
 27  5100.  0.406116009
 28  5150.  0.414893001
 29  5200.  0.414038002
 30  5250.  0.413345009
 31  5300.  0.412164003
 32  5350.  0.406944007
 33  5400.  0.394484013
 34  5450.  0.326050013
 35  5500.  0.161263004
 36  5550.  0.0598386005
 37  5600.  0.0234638993
 38  5650.  0.00887400005
 39  5700.  0.00323639996
 40  5750.  0.00139200001
 41  5800.  0.000748199993
 42  5850.  0.00046375001
 43  5900.  0.000272800011
 44  5950.  0.000141600001
 45  6000.  0.
       45  r_SDSS_res
 1  5350.  0.
 2  5400.  0.00334080006
 3  5450.  0.0339995995
 4  5500.  0.116788998
 5  5550.  0.233411998
 6  5600.  0.310564011
 7  5650.  0.362780988
 8  5700.  0.399791002
 9  5750.  0.407081991
 10  5800.  0.429832011
 11  5850.  0.437027991
 12  5900.  0.441240996
 13  5950.  0.453067005
 14  6000.  0.441956013
 15  6050.  0.440017998
 16  6100.  0.458442003
 17  6150.  0.470880985
 18  6200.  0.473518997
 19  6250.  0.468632996
 20  6300.  0.463654011
 21  6350.  0.468205988
 22  6400.  0.47321099
 23  6450.  0.47180301
 24  6500.  0.472539991
 25  6550.  0.473158002
 26  6600.  0.467848986
 27  6650.  0.464507997
 28  6700.  0.466385007
 29  6750.  0.466717988
 30  6800.  0.462002009
 31  6850.  0.423290014
 32  6900.  0.327899009
 33  6950.  0.191589996
 34  7000.  0.0858203992
 35  7050.  0.0349809006
 36  7100.  0.0145632001
 37  7150.  0.0062376
 38  7200.  0.00278079999
 39  7250.  0.00141300005
 40  7300.  0.000755999994
 41  7350.  0.000451200001
 42  7400.  0.000272600009
 43  7450.  0.000178600007
 44  7500.  0.000140999997
 45  7550.  8.45999966E-05
       48  i_SDSS_res
 1  6550.  0.
 2  6600.  0.000249244011
 3  6650.  0.000878453022
 4  6700.  0.00291768997
 5  6750.  0.00925957039
 6  6800.  0.0272864997
 7  6850.  0.0674562007
 8  6900.  0.136063993
 9  6950.  0.231603995
 10  7000.  0.318040997
 11  7050.  0.375025004
 12  7100.  0.409296989
 13  7150.  0.418462008
 14  7200.  0.407483995
 15  7250.  0.418193996
 16  7300.  0.416574001
 17  7350.  0.432137012
 18  7400.  0.429466993
 19  7450.  0.427417994
 20  7500.  0.424080998
 21  7550.  0.417989999
 22  7600.  0.251444995
 23  7650.  0.298007995
 24  7700.  0.398487002
 25  7750.  0.393186003
 26  7800.  0.388911009
 27  7850.  0.383819014
 28  7900.  0.376455992
 29  7950.  0.367460012
 30  8000.  0.357930988
 31  8050.  0.349970013
 32  8100.  0.342920989
 33  8150.  0.31832099
 34  8200.  0.31181401
 35  8250.  0.304614007
 36  8300.  0.29697299
 37  8350.  0.304513007
 38  8400.  0.291260004
 39  8450.  0.254999012
 40  8500.  0.171237007
 41  8550.  0.0788025036
 42  8600.  0.0289654993
 43  8650.  0.01064
 44  8700.  0.00422749994
 45  8750.  0.00197599991
 46  8800.  0.000864500005
 47  8850.  0.000503499992
 48  8900.  0.
       69  z_SDSS_res
 1  7850.  5.70000011E-05
 2  7900.  0.000199500006
 3  7950.  0.000579499989
 4  8000.  0.0016055
 5  8050.  0.00415149983
 6  8100.  0.00992750004
 7  8150.  0.020358
 8  8200.  0.0389610007
 9  8250.  0.0652860031
 10  8300.  0.0952380002
 11  8350.  0.133551002
 12  8400.  0.166288003
 13  8450.  0.193524003
 14  8500.  0.214377001
 15  8550.  0.228977993
 16  8600.  0.238450006
 17  8650.  0.243542001
 18  8700.  0.244881004
 19  8750.  0.244406
 20  8800.  0.242991
 21  8850.  0.240958005
 22  8900.  0.238022
 23  8950.  0.218250006
 24  9000.  0.207001001
 25  9050.  0.209142998
 26  9100.  0.205630004
 27  9150.  0.200376004
 28  9200.  0.194542006
 29  9250.  0.188319996
 30  9300.  0.156021997
 31  9350.  0.119052
 32  9400.  0.124989003
 33  9450.  0.117955998
 34  9500.  0.115708999
 35  9550.  0.111814
 36  9600.  0.116031997
 37  9650.  0.120706998
 38  9700.  0.124342002
 39  9750.  0.113031998
 40  9800.  0.108956002
 41  9850.  0.104236998
 42  9900.  0.0962207988
 43  9950.  0.0874847993
 44  10000.  0.0788159966
 45  10050.  0.0703008026
 46  10100.  0.0620159991
 47  10150.  0.0540384017
 48  10200.  0.0463295989
 49  10250.  0.0390431993
 50  10300.  0.0323328003
 51  10350.  0.0263615996
 52  10400.  0.0212543998
 53  10450.  0.0170399994
 54  10500.  0.0135840001
 55  10550.  0.0107904002
 56  10600.  0.00850559957
 57  10650.  0.00663360022
 58  10700.  0.00511679985
 59  10750.  0.00390719995
 60  10800.  0.00295679993
 61  10850.  0.00222719996
 62  10900.  0.00167040003
 63  10950.  0.0012384
 64  11000.  0.000892799988
 65  11050.  0.000633599993
 66  11100.  0.000422399986
 67  11150.  0.000259199995
 68  11200.  0.000153600005
 69  11250.  0.
