0.0 1883.01102
0.0 1887.64923
-33.063053 1892.28699
38.176564 1896.92459
46.425477 1901.56158
-3.240127 1906.19812
-48.73769 1910.83435
-82.633838 1915.47043
-25.575068 1920.1059
-67.758497 1924.74091
-28.043104 1929.37561
87.731612 1934.01001
-6.543511 1938.6441
-73.503124 1943.27759
10.820478 1947.91077
-63.641911 1952.54349
43.084574 1957.17575
67.895201 1961.80786
19.092325 1966.43951
40.598801 1971.07071
-31.339907 1975.70145
30.664273 1980.33203
29.847826 1984.96216
-28.880045 1989.59167
40.610752 1994.22089
-73.580265 1998.84979
0.070389 2003.47855
21.587754 2008.10654
19.102101 2012.73422
-2.411237 2017.3616
-8.203226 2021.98853
33.168042 2026.61514
-39.644887 2031.2413
-55.39151 2035.867
-57.817633 2040.4924
-33.058945 2045.11734
31.532169 2049.74197
-2.412491 2054.36615
78.700404 2058.99002
-18.95968 2063.61343
-19.798996 2068.23654
36.500069 2072.85919
-79.390225 2077.48123
-43.792686 2082.10327
43.123101 2086.72485
5.036508 2091.34583
-11.520363 2095.96649
32.365593 2100.5867
5.033901 2105.20676
-13.166863 2109.82635
22.431438 2114.44534
53.042339 2119.06403
-21.454285 2123.6824
-42.117373 2128.30048
10.000272 2132.91779
4.208309 2137.53494
-45.440701 2142.15179
52.24395 2146.76819
9.179135 2151.38412
7.517065 2155.9996
-71.933324 2160.61493
-17.308457 2165.22949
72.928632 2169.84406
11.664631 2174.45801
16.627025 2179.07166
-13.99847 2183.68484
-39.655066 2188.29773
10.002676 2192.91031
-47.088486 2197.52228
-82.717556 2202.13379
2.552357 2206.745
14.972843 2211.35574
-18.129184 2215.96634
-59.467543 2220.57648
-99.176155 2225.186
-4.069229 2229.79553
-33.837207 2234.4043
7.520428 2239.01276
0.070244 2243.62076
28.217617 2248.22845
48.905725 2252.83569
64.629107 2257.44278
29.872907 2262.0491
58.813536 2266.65512
72.040474 2271.26114
91.928988 2275.86639
-86.772102 2280.47119
-25.568624 2285.07568
-2.414299 2289.67972
-31.381905 2294.28345
-68.57758 2298.88687
-9.857075 2303.48984
-35.50812 2308.09219
-8.201846 2312.6944
-9.039894 2317.29614
3.379672 2321.89758
65.478602 2326.49841
19.928652 2331.09894
38.966333 2335.69901
-7.377632 2340.29892
10.834182 2344.89822
29.05399 2349.49707
122.69944 2354.09561
17.452581 2358.69385
-32.215341 2363.29163
-20.618351 2367.88895
28.215359 2372.48581
-33.877231 2377.08237
-47.926335 2381.67847
15.797497 2386.27441
-76.02914 2390.8696
17.45406 2395.46463
-45.454422 2400.0592
-13.169218 2404.65332
-6.548725 2409.24698
33.175181 2413.84033
12.48559 2418.43338
73.756105 2423.02597
50.560432 2427.6181
7.517065 2432.20993
-33.884586 2436.80115
-20.61661 2441.39221
-99.234471 2445.98282
-19.78991 2450.57297
48.914023 2455.16266
71.298084 2459.75189
-40.47604 2464.34082
-24.771675 2468.92944
-29.73382 2473.51761
-18.963016 2478.10516
-39.651579 2482.69272
-24.768646 2487.27951
48.060002 2491.866
-24.762203 2496.45218
26.560162 2501.0379
-4.894959 2505.62317
58.853369 2510.20813
-66.103096 2514.79279
40.645302 2519.37668
-60.320103 2523.96057
33.99804 2528.54385
19.932015 2533.12683
-66.153342 2537.7092
-26.411349 2542.29126
49.741453 2546.87302
-48.72337 2551.45432
30.690201 2556.035
24.906765 2560.61584
67.958043 2565.19592
-31.376727 2569.7757
43.095455 2574.35455
-69.434267 2578.93372
-8.203226 2583.51196
10.826843 2588.0899
-5.723565 2592.66754
50.564718 2597.24487
27.39235 2601.8219
19.91513 2606.39832
-5.722109 2610.97443
38.974581 2615.54993
14.967901 2620.12512
32.34063 2624.69971
33.168042 2629.27429
-51.205651 2633.84827
-14.820304 2638.42194
27.390022 2642.9953
-11.520496 2647.56805
-83.461387 2652.1405
27.376112 2656.71234
34.837152 2661.28387
-23.101513 2665.8551
-18.951847 2670.42572
-7.378391 2674.99573
-7.378214 2679.56604
23.240637 2684.13574
-75.230024 2688.70483
-65.291893 2693.27362
49.741453 2697.8418
-30.551353 2702.40936
27.375095 2706.97693
90.317272 2711.54419
48.915963 2716.11053
86.985645 2720.67688
-24.759193 2725.24292
-66.136666 2729.80835
-68.583065 2734.37347
-42.990394 2738.93799
-26.420166 2743.5025
-85.965897 2748.0661
93.650316 2752.62939
-18.966358 2757.19238
-6.549965 2761.75507
56.354131 2766.31714
-2.413719 2770.87891
17.457027 2775.44067
5.0383 2780.00122
77.085289 2784.56177
-34.687869 2789.12201
-20.617481 2793.68164
-53.710339 2798.24097
14.976029 2802.79968
42.293474 2807.3584
-70.241417 2811.9162
-49.552997 2816.474
3.381943 2821.03149
61.314966 2825.58838
8.348228 2830.14465
-70.279935 2834.70062
-61.137711 2839.25629
31.51494 2843.81134
35.654045 2848.36639
-94.265301 2852.92053
-0.757349 2857.47467
65.459157 2862.0282
33.180668 2866.58142
-52.873611 2871.13434
-95.009716 2875.68634
-45.450572 2880.23804
36.487547 2884.78973
128.448927 2889.34113
93.602705 2893.8913
15.790021 2898.44208
-52.05923 2902.99164
-62.843077 2907.54089
29.865445 2912.08984
-95.881248 2916.63879
38.950045 2921.18683
13.31691 2925.73456
-137.178482 2930.28198
33.196056 2934.82849
-36.320564 2939.37561
-71.086991 2943.92151
67.119429 2948.46741
72.897725 2953.01239
27.385374 2957.55737
12.480062 2962.10175
-0.757124 2966.64581
-95.069481 2971.18958
24.07912 2975.73242
-9.858466 2980.27557
5.862944 2984.81812
40.602346 2989.35974
-6.549002 2993.90137
-16.486313 2998.44238
-52.067888 3002.9834
64.637457 3007.5235
26.552426 3012.0636
34.021122 3016.60278
5.036534 3021.14197
21.587754 3025.68054
-18.966358 3030.21881
-0.757442 3034.75677
56.356383 3039.29413
-79.340137 3043.83118
25.71185 3048.36761
123.405924 3052.90375
-60.337901 3057.43958
-11.510633 3061.9751
34.841589 3066.5097
9.998871 3071.04431
16.627025 3075.578
-9.032604 3080.11169
-163.618172 3084.64508
-2.412287 3089.17755
-33.861429 3093.71063
-38.812386 3098.24219
-4.068672 3102.77374
12.494491 3107.30499
23.252457 3111.83563
-11.510498 3116.36597
45.601975 3120.89569
24.899374 3125.42511
-45.438916 3129.95422
-40.482882 3134.48273
14.143158 3139.01093
104.375581 3143.53882
-13.998335 3148.0658
-46.288284 3152.59308
-36.317654 3157.11975
-85.937164 3161.64581
-18.15007 3166.17126
-15.648524 3170.69672
18.276241 3175.22156
-33.033537 3179.74579
-137.287945 3184.27002
61.325354 3188.79333
0.897976 3193.31665
2.552598 3197.83936
-81.016095 3202.36176
9.183059 3206.88354
-12.347362 3211.40503
22.40863 3215.92651
-12.351433 3220.44647
-28.894648 3224.96704
-80.235717 3229.48639
42.263079 3234.00604
-44.599837 3238.52509
-23.917206 3243.04352
-23.101513 3247.56165
19.937927 3252.07916
3.381802 3256.59668
-32.188021 3261.11328
13.318337 3265.62988
8.344832 3270.14557
33.16538 3274.66156
8.343643 3279.17664
-17.306996 3283.6911
-30.548903 3288.20557
42.302475 3292.71942
77.026459 3297.23297
-30.519414 3301.74561
20.752231 3306.25854
50.543206 3310.77026
89.414356 3315.28229
4.207026 3319.7937
15.794552 3324.3045
-23.928152 3328.815
41.458765 3333.32489
-1.585606 3337.83478
28.226158 3342.34406
47.242835 3346.85303
92.775444 3351.36078
-33.027956 3355.86914
8.345757 3360.37659
-45.419806 3364.88342
75.39169 3369.39026
27.373806 3373.89648
29.865445 3378.4024
-13.174097 3382.90771
0.897502 3387.41272
33.174911 3391.91681
-94.253368 3396.4212
10.82502 3400.92468
43.124661 3405.42816
-19.785603 3409.93103
5.037441 3414.43329
-41.305609 3418.93555
-32.181408 3423.43689
25.734665 3427.93793
-36.343508 3432.43866
-37.143138 3436.93878
-14.819192 3441.4389
-4.066267 3445.93842
31.520269 3450.43732
19.094063 3454.93591
76.189806 3459.43359
53.858454 3463.93158
13.316074 3468.42896
93.614474 3472.92542
-16.474477 3477.42218
94.429683 3481.91803
-38.812386 3486.41357
-7.378214 3490.90881
33.99244 3495.40314
106.020723 3499.89777
119.326996 3504.39148
58.855606 3508.88489
-41.301988 3513.37799
5.862582 3517.87048
24.887043 3522.36267
73.718485 3526.85425
-92.57766 3531.34552
60.487837 3535.83649
63.764286 3540.32684
17.444608 3544.81659
-47.900118 3549.30634
-18.141573 3553.79517
69.598078 3558.2843
65.475822 3562.77222
53.033498 3567.26013
-42.127877 3571.74774
28.20792 3576.23444
15.788693 3580.72113
70.431455 3585.20721
5.036237 3589.69299
72.07377 3594.17786
77.006851 3598.66302
-42.93399 3603.14697
59.683073 3607.63123
61.304466 3612.11456
-64.456138 3616.5976
-8.197859 3621.08032
-10.686131 3625.56244
12.478488 3630.04456
47.242835 3634.52576
-17.304806 3639.00696
68.782724 3643.48663
11.658549 3647.96722
39.768571 3652.4469
58.821112 3656.92596
-8.19841 3661.40472
30.668258 3665.88287
-24.751742 3670.36102
-36.314476 3674.83826
53.011021 3679.31549
32.327161 3683.79181
17.441404 3688.26843
19.932015 3692.74384
48.860436 3697.21924
68.727549 3701.69403
108.464863 3706.16821
26.543199 3710.6427
-3.239171 3715.11566
96.055447 3719.58923
44.717719 3724.06158
96.04721 3728.53424
115.948463 3733.00568
51.370467 3737.47711
66.252747 3741.94794
8.340703 3746.41846
36.464617 3750.88898
61.302149 3755.35828
96.865818 3759.82758
91.133155 3764.29596
6.689638 3768.76465
56.31585 3773.23242
37.292856 3777.69989
52.193178 3782.16675
32.358704 3786.6333
69.548342 3791.09985
30.673267 3795.56519
75.337669 3800.03052
38.915863 3804.49524
101.024418 3808.95996
90.271212 3813.42377
11.649702 3817.88727
61.320292 3822.35046
-10.681953 3826.81274
129.960202 3831.27533
86.927048 3835.73669
53.83804 3840.19836
50.513619 3844.65912
55.493834 3849.11957
100.952139 3853.57971
154.767364 3858.03925
-53.667563 3862.49847
105.078625 3866.95679
120.858765 3871.41541
125.865398 3875.87311
14.954683 3880.33051
228.540405 3884.78729
105.118252 3889.24408
156.38015 3893.69995
201.993744 3898.15552
-45.391348 3902.61078
115.049088 3907.06543
57.947466 3911.52008
61.271217 3915.97351
23.228901 3920.42725
53.851504 3924.87976
134.075257 3929.33289
105.917944 3933.78479
130.004081 3938.23639
35.597435 3942.68768
175.581115 3947.13837
109.204361 3951.58905
90.188118 3956.03851
89.313459 3960.48798
164.715088 3964.93683
178.721687 3969.38568
143.20552 3973.83392
148.207394 3978.28156
20.735001 3982.72888
136.531227 3987.1756
14.953922 3991.62201
64.545181 3996.06781
171.231064 4000.51361
134.884438 4004.95819
118.374398 4009.40308
230.804703 4013.84705
123.250225 4018.29102
84.418682 4022.73438
166.297737 4027.17682
79.424014 4031.61926
115.019867 4036.0611
186.84692 4040.50293
232.494613 4044.94385
83.533194 4049.38446
120.672634 4053.82477
148.064247 4058.26447
92.674011 4062.70386
79.397488 4067.14233
116.604329 4071.58081
180.30529 4076.01868
123.158178 4080.45624
50.48204 4084.89319
199.314347 4089.33014
173.606716 4093.76617
212.501014 4098.2019
165.423245 4102.63702
140.544354 4107.07184
99.241931 4111.50635
167.039898 4115.94025
157.094544 4120.37384
165.402687 4124.80682
207.619209 4129.23981
138.056623 4133.67126
89.272865 4138.10333
123.178819 4142.53479
101.681126 4146.96533
123.234947 4151.39587
152.060212 4155.82581
175.315456 4160.25543
224.848419 4164.68414
164.515793 4169.11285
157.926388 4173.54065
195.065817 4177.96875
249.588745 4182.39594
38.858078 4186.82281
210.798077 4191.24908
295.325271 4195.67505
190.869793 4200.10071
139.661169 4204.52545
261.18509 4208.9502
240.568604 4213.37372
147.037586 4217.79785
174.36714 4222.22107
239.644287 4226.64368
171.159691 4231.06628
273.745125 4235.48798
180.059261 4239.90967
209.973202 4244.33044
248.063324 4248.75092
231.514122 4253.17078
280.982353 4257.59064
138.756127 4262.00989
151.216427 4266.42853
289.093521 4270.84686
147.741547 4275.26459
127.216251 4279.68201
289.17659 4284.09912
285.72778 4288.51563
213.00116 4292.93121
124.716461 4297.34711
191.670833 4301.76239
287.635689 4306.17706
292.38855 4310.59113
208.975574 4315.00488
203.937622 4319.41833
294.957008 4323.83087
230.347021 4328.24341
261.740126 4332.65533
245.253965 4337.06726
218.848405 4341.47827
255.963529 4345.88867
244.500366 4350.29877
170.019608 4354.70825
298.880615 4359.11804
316.877254 4363.52661
332.699835 4367.93518
357.374965 4372.34283
290.51533 4376.75049
283.083084 4381.15723
268.220009 4385.56396
429.965924 4389.9704
447.998619 4394.37561
373.828609 4398.78113
358.831173 4403.18573
366.217273 4407.59033
355.714896 4411.99341
423.560417 4416.39709
381.605751 4420.79956
332.659207 4425.20264
192.291001 4429.6051
241.016438 4434.00604
342.717056 4438.40759
235.376417 4442.80762
263.801231 4447.20825
257.030334 4451.60767
164.373093 4456.00739
283.419807 4460.40558
295.68367 4464.80438
336.185326 4469.20258
345.060127 4473.59955
413.36702 4477.99713
328.277096 4482.39319
548.683937 4486.78955
474.338386 4491.185
645.37413 4495.58014
805.069667 4499.97498
766.411318 4504.36951
730.996749 4508.76343
668.038896 4513.15674
701.107788 4517.54974
496.679512 4521.94183
484.702026 4526.33392
405.21053 4530.7251
349.289177 4535.11688
392.936958 4539.50684
403.222774 4543.8974
427.187393 4548.28735
378.473141 4552.67639
407.844002 4557.06543
301.536346 4561.45325
261.087891 4565.84137
233.009761 4570.22858
191.781714 4574.61578
213.140725 4579.00208
136.400203 4583.38867
257.158623 4587.77405
200.122932 4592.15912
176.03135 4596.54388
194.168484 4600.92773
188.341537 4605.31189
182.652664 4609.69513
272.943084 4614.07806
286.751884 4618.46008
281.759842 4622.84241
275.808884 4627.22351
319.475846 4631.60461
364.135261 4635.98541
351.401042 4640.3653
336.610034 4644.74518
496.294867 4649.12384
640.738861 4653.50281
737.926506 4657.88086
1162.1222 4662.25891
1628.581917 4666.63605
1944.218991 4671.01318
2035.65306 4675.39001
2000.20118 4679.76563
1702.193802 4684.14124
1271.002526 4688.51593
1145.332581 4692.89063
816.570179 4697.2644
707.254867 4701.63849
596.755539 4706.01135
508.2238 4710.38422
464.808215 4714.75677
464.154526 4719.12811
386.769549 4723.50006
376.23526 4727.87048
314.383098 4732.24121
331.162109 4736.61072
320.207898 4740.98053
451.158566 4745.34943
593.712892 4749.71802
820.786495 4754.0863
806.955555 4758.45367
673.50473 4762.82104
541.371151 4767.1875
337.350821 4771.55426
304.63179 4775.91949
325.397857 4780.28503
188.411379 4784.64966
243.133827 4789.01428
156.217451 4793.3786
156.159445 4797.7417
190.948848 4802.1051
201.698132 4806.46698
164.549689 4810.82947
185.944649 4815.19073
167.802398 4819.552
153.069745 4823.91266
220.632651 4828.27301
125.649627 4832.63306
149.640984 4836.99188
145.502099 4841.35101
191.749939 4845.70923
255.307495 4850.06744
156.984167 4854.42413
104.088684 4858.78174
162.784257 4863.13782
233.028877 4867.4939
236.190565 4871.84998
144.658735 4876.20453
214.807198 4880.55939
271.82444 4884.91333
247.776375 4889.26727
316.273606 4893.6203
243.586261 4897.97302
338.489254 4902.32513
266.551509 4906.67755
365.203712 4911.02905
532.039177 4915.37964
481.611538 4919.73022
521.004669 4924.0799
454.207501 4928.42957
507.82922 4932.77832
449.334145 4937.12738
415.43154 4941.47491
505.1233 4945.82275
583.85447 4950.17029
611.212085 4954.5166
1041.398529 4958.86292
1311.017566 4963.20831
2132.736874 4967.55402
3599.906357 4971.8985
5925.312893 4976.24298
8833.061287 4980.58655
10977.053994 4984.93042
11339.313209 4989.27368
10106.350106 4993.61572
7951.426501 4997.95807
5865.513896 5002.29919
4048.467703 5006.64063
2817.491945 5010.98083
1987.633209 5015.32104
1369.005276 5019.66064
1033.661789 5023.99994
759.172333 5028.33893
720.168366 5032.677
594.744452 5037.01477
571.42366 5041.35193
520.309525 5045.68909
426.160141 5050.02502
451.980313 5054.36127
448.838699 5058.69629
416.774063 5063.03162
411.050946 5067.36603
421.092308 5071.69983
409.62378 5076.03363
354.633327 5080.36621
372.077889 5084.6994
369.83614 5089.03107
333.27919 5093.36304
406.065941 5097.69379
387.921364 5102.02484
337.46005 5106.35529
325.0927 5110.68481
341.545581 5115.01434
416.757378 5119.34265
224.39743 5123.67126
430.035988 5127.99927
316.736134 5132.32605
346.635483 5136.65344
552.322342 5140.97961
986.542468 5145.30579
1968.745535 5149.63135
2928.084847 5153.95691
3251.456982 5158.28064
2734.036609 5162.60498
2041.77503 5166.92871
1526.547436 5171.25183
1007.595932 5175.57373
661.414211 5179.89624
584.554 5184.21753
536.771344 5188.53943
371.090378 5192.86072
315.091023 5197.18018
321.906173 5201.50024
337.487561 5205.81909
351.586544 5210.13855
431.733604 5214.45679
343.442002 5218.77502
263.333695 5223.09204
297.148695 5227.40906
312.7626 5231.72546
451.635888 5236.04187
328.570644 5240.35767
403.796532 5244.67224
401.01672 5248.98682
400.439125 5253.30078
391.371651 5257.61475
269.866524 5261.92749
391.371651 5266.24023
403.796532 5270.55237
362.37053 5274.86389
359.005911 5279.17542
288.010544 5283.48572
387.779354 5287.79663
348.337714 5292.10571
357.360556 5296.41541
326.566169 5300.72388
343.260324 5305.03235
397.131691 5309.34082
404.223934 5313.64746
350.878139 5317.95532
298.057251 5322.26135
363.73582 5326.56738
385.422028 5330.8728
380.347229 5335.17822
425.716034 5339.48242
329.272958 5343.78662
372.839674 5348.09082
392.729269 5352.39319
438.045899 5356.69617
409.07386 5360.99792
353.810909 5365.29968
436.526039 5369.60083
454.888557 5373.90137
481.884544 5378.2019
420.851837 5382.50183
501.74778 5386.80115
354.690593 5391.09985
451.213436 5395.39795
516.706696 5399.69543
509.696656 5403.99292
420.647019 5408.28979
502.923478 5412.58606
588.049294 5416.88171
499.438796 5421.17737
520.309525 5425.47302
558.607391 5429.76685
436.120771 5434.06128
544.115372 5438.35388
570.897946 5442.64771
584.999542 5446.9397
659.659596 5451.2323
562.78384 5455.52307
780.94624 5459.81506
820.129013 5464.10583
832.334733 5468.39539
822.535141 5472.68555
892.179741 5476.97449
1003.953597 5481.26282
1169.172619 5485.55054
1314.967308 5489.83887
1406.077034 5494.12598
1641.039897 5498.41309
1853.078155 5502.69958
1982.144032 5506.98486
2331.945374 5511.27075
2425.444882 5515.55481
2591.538235 5519.83948
2769.691765 5524.12292
2795.247148 5528.40698
2946.600453 5532.6886
3111.017647 5536.97205
3136.453514 5541.25366
3156.939995 5545.53467
3211.377185 5549.81628
3455.836195 5554.09607
3669.031563 5558.37646
3966.615547 5562.65564
4297.576035 5566.93481
4803.628912 5571.21338
5208.875006 5575.49133
5766.90628 5579.76929
6297.436798 5584.04602
6879.343268 5588.32275
7409.125801 5592.59888
7751.739945 5596.87439
8230.984265 5601.14929
8447.350124 5605.42419
8627.212189 5609.69788
8859.877499 5613.97156
8979.364636 5618.24524
8942.900491 5622.5177
8857.478453 5626.79016
8691.677815 5631.0614
8720.554945 5635.33264
8644.121994 5639.60327
8796.402023 5643.87329
8774.887264 5648.14331
8934.152741 5652.41272
9356.998436 5656.68213
9801.417 5660.94971
10670.907341 5665.2179
12114.667313 5669.48425
14331.766043 5673.75183
18527.41539 5678.01819
26155.255909 5682.28394
35088.936306 5686.54846
40430.649341 5690.81421
39836.188301 5695.07874
33995.284454 5699.34265
28436.707985 5703.60596
23226.562233 5707.86865
19051.869519 5712.13074
15736.354652 5716.39282
13430.220902 5720.6543
12005.861527 5724.91516
11192.987129 5729.17603
10710.553447 5733.43567
10538.266171 5737.69531
10656.336105 5741.95435
10566.43985 5746.21277
10811.591346 5750.47119
10986.434314 5754.72839
11272.766359 5758.9856
11453.225307 5763.24158
11889.13235 5767.49817
12261.426102 5771.75293
12588.989609 5776.0083
13058.529232 5780.26306
13542.703446 5784.51721
14074.57386 5788.77136
14463.415428 5793.02429
15111.310043 5797.27661
15720.472377 5801.52832
16494.462648 5805.78064
17201.365631 5810.03113
18073.676465 5814.28223
18802.720039 5818.53271
19751.7328 5822.78198
20670.258209 5827.03125
21645.411629 5831.2793
22596.757381 5835.52795
23395.435936 5839.77539
24285.35989 5844.02283
25050.708236 5848.26965
25666.476105 5852.51587
25421.930922 5856.76208
24467.113678 5861.00647
22277.329376 5865.25208
19177.551479 5869.49524
15170.84271 5873.73962
11136.392746 5877.98218
7686.813046 5882.22534
5139.768612 5886.46729
3396.011013 5890.70984
2215.332864 5894.95117
1593.484673 5899.19128
1155.111744 5903.43201
1292.364027 5907.67151
1898.317437 5911.91101
3129.892899 5916.1499
5580.382863 5920.38818
8806.299179 5924.62524
12319.81192 5928.86292
15593.683163 5933.10059
18862.379792 5937.33582
20952.046219 5941.57227
22592.227321 5945.8075
23888.971386 5950.04272
24506.131238 5954.27673
24634.770859 5958.51074
24865.436226 5962.74353
24153.525788 5966.97632
23577.714748 5971.20911
23222.967339 5975.44067
22695.73785 5979.67224
22032.389186 5983.9032
21296.659523 5988.13354
20779.084495 5992.36328
19925.413092 5996.59241
19280.847225 6000.82153
18638.652248 6005.05005
17800.778256 6009.27795
17363.718613 6013.50525
16806.950538 6017.73254
16151.271742 6021.95862
15677.294929 6026.18408
15242.997768 6030.40955
14770.779579 6034.6344
14292.881842 6038.85925
13639.76574 6043.0835
13352.72173 6047.30652
12853.759787 6051.52893
12575.740067 6055.75195
12319.856495 6059.97375
11917.550003 6064.19495
11605.464035 6068.41553
11251.383839 6072.63672
10949.879074 6076.85608
10522.432106 6081.07605
10339.548241 6085.2948
10041.354498 6089.51294
9823.907738 6093.73108
9485.193365 6097.948
9158.923568 6102.16553
9099.162829 6106.38123
8774.335407 6110.59753
8685.752285 6114.81262
8554.548691 6119.02832
8318.735634 6123.24219
8277.902885 6127.45605
7960.413582 6131.66931
7759.192115 6135.88196
7695.027462 6140.0946
7526.817246 6144.30664
8192.139355 6148.51807
9717.265725 6152.72827
11907.19825 6156.93909
13548.391426 6161.14929
13668.385796 6165.35889
11990.509285 6169.56787
10496.619652 6173.77563
9468.862823 6177.9834
8324.268906 6182.19055
7525.171611 6186.39832
6738.460236 6190.60364
6369.236679 6194.81018
6019.149094 6199.01611
5746.575203 6203.22083
5543.074757 6207.42493
5250.179694 6211.62842
5307.209755 6215.83191
5059.28118 6220.03418
5025.992684 6224.23706
4738.881083 6228.43872
4746.984505 6232.64038
4618.076918 6236.84143
4581.657833 6241.04126
4352.67034 6245.2417
4321.833329 6249.44031
4371.209106 6253.64014
4143.383621 6257.83752
4089.264894 6262.03552
4047.105763 6266.2323
3896.881374 6270.42969
3842.399609 6274.62585
3846.228773 6278.82141
3676.59874 6283.01697
3614.61766 6287.2113
3501.063427 6291.40625
3471.350085 6295.59998
3383.737999 6299.79309
3387.30247 6303.9856
3380.217781 6308.1781
3290.222914 6312.37
3239.087408 6316.56067
3190.167588 6320.75195
3179.061012 6324.94202
3030.457212 6329.13208
2986.371205 6333.32092
3057.245964 6337.50977
3033.788631 6341.69739
2999.192848 6345.88562
2953.636711 6350.07263
2759.743485 6354.25964
2774.175551 6358.44543
2798.725616 6362.63123
2767.480201 6366.81641
2659.73265 6371.00037
2608.365823 6375.18494
2652.009842 6379.36829
2557.330246 6383.55164
2545.118674 6387.73438
2445.346176 6391.9165
2554.785309 6396.09863
2473.856076 6400.27893
2435.706223 6404.45984
2339.121562 6408.63953
2278.303454 6412.81921
2258.696045 6416.99829
2333.183938 6421.17676
2196.505847 6425.35461
2241.686306 6429.53247
2293.441468 6433.70972
2082.381691 6437.88635
2194.292107 6442.06177
2158.428468 6446.23718
2050.221757 6450.4126
2154.570709 6454.58618
2114.771262 6458.76099
2020.83119 6462.93396
2116.231007 6467.10693
2002.57396 6471.27991
1980.090828 6475.45166
1904.899806 6479.62341
1887.113425 6483.79333
1932.549179 6487.96448
1876.297054 6492.13379
1877.791139 6496.3031
1935.566901 6500.4718
1917.252449 6504.63989
1756.514259 6508.80859
1763.593292 6512.97546
1770.681137 6517.14233
1724.225685 6521.30859
1653.902055 6525.47485
1699.267604 6529.63928
1673.246292 6533.80432
1689.011582 6537.96814
1601.798248 6542.13196
1647.930965 6546.29578
1627.657327 6550.45837
1642.551102 6554.62036
1628.290708 6558.78174
1556.476059 6562.94312
1607.399609 6567.10327
1540.663192 6571.26404
1602.029495 6575.42358
1565.34874 6579.58252
1633.105736 6583.74084
1555.887679 6587.89917
1519.871466 6592.05688
1515.424126 6596.21338
1380.148464 6600.37048
1428.9459 6604.52637
1530.586167 6608.68164
1426.539383 6612.83691
1399.916405 6616.99158
1280.862292 6621.14502
1353.078793 6625.29846
1341.871517 6629.45129
1246.728496 6633.60413
1318.907355 6637.75635
1355.554954 6641.90674
1353.730721 6646.05835
1285.536765 6650.20813
1265.817611 6654.35791
1252.155594 6658.50769
1183.25206 6662.65625
1240.740265 6666.8042
1360.931672 6670.95215
1364.684486 6675.09949
1284.67712 6679.24622
1278.947586 6683.39233
1287.878937 6687.53784
1216.372345 6691.68335
1290.551127 6695.82825
1207.030971 6699.97192
1286.44361 6704.1156
1240.601937 6708.25867
1170.689455 6712.40173
1252.015975 6716.54358
1208.565654 6720.68481
1225.125734 6724.82605
1164.78207 6728.96667
1167.78799 6733.10669
1165.943314 6737.24609
1186.574073 6741.38489
1099.501837 6745.52307
1056.869362 6749.66064
1115.608597 6753.79822
1069.83423 6757.93579
1143.31321 6762.07153
1074.758065 6766.20789
1153.804344 6770.34241
1032.189541 6774.47754
1032.894562 6778.61206
1055.221932 6782.74597
1027.584129 6786.87866
920.417099 6791.01135
876.854713 6795.14404
1023.666184 6799.27551
891.468033 6803.40698
946.51004 6807.53723
839.091775 6811.66748
877.388134 6815.79712
820.245741 6819.92615
823.894842 6824.05457
862.441597 6828.18298
779.944954 6832.31018
767.896816 6836.43738
738.84402 6840.56335
751.673874 6844.68994
738.930783 6848.81531
705.02113 6852.93945
648.573404 6857.06482
665.209723 6861.18774
719.039962 6865.31128
701.941178 6869.43481
734.108272 6873.55713
695.013806 6877.67883
647.652736 6881.79932
623.530487 6885.92041
580.667862 6890.04089
589.685135 6894.16016
641.203714 6898.27881
683.163628 6902.39868
609.186033 6906.51611
603.261221 6910.63354
624.27555 6914.75098
577.50381 6918.86719
535.393764 6922.9834
551.017775 6927.099
579.351532 6931.2146
555.849284 6935.32837
529.800521 6939.44214
607.622734 6943.55652
448.172077 6947.66846
509.226388 6951.78101
468.931484 6955.89294
490.135885 6960.00366
477.064285 6964.11438
536.771344 6968.2251
526.581803 6972.33459
507.869934 6976.44409
520.183869 6980.55298
503.866112 6984.66064
521.721248 6988.76831
576.775559 6992.87537
484.527523 6996.98181
502.681703 7001.08826
495.334915 7005.19348
399.631188 7009.2981
397.310298 7013.40271
365.159778 7017.50732
401.434109 7021.61011
450.246029 7025.7135
369.446426 7029.81567
489.042836 7033.91724
403.109427 7038.0188
427.991805 7042.11914
435.14205 7046.21948
456.781189 7050.31921
449.642601 7054.41895
398.227768 7058.51746
439.832379 7062.61536
461.279397 7066.71265
466.900536 7070.81055
426.40004 7074.90662
451.267944 7079.0033
444.710808 7083.09814
394.166583 7087.19299
314.078812 7091.28784
481.258797 7095.38147
410.044929 7099.4751
457.057938 7103.5675
391.163956 7107.66052
343.985368 7111.75171
333.373761 7115.8429
387.889771 7119.93347
443.852894 7124.02405
423.42202 7128.11401
418.658439 7132.20276
453.132736 7136.2915
397.261863 7140.37964
385.45356 7144.46777
370.719734 7148.55408
349.174965 7152.64099
416.638912 7156.72668
355.657059 7160.81177
414.714813 7164.89746
292.877735 7168.98132
345.925446 7173.06519
351.643715 7177.14844
299.496681 7181.23108
307.026655 7185.31372
180.619263 7189.39514
306.278397 7193.47595
307.912399 7197.55676
324.467902 7201.63696
270.722854 7205.71716
355.860138 7209.79614
279.012325 7213.87451
356.595852 7217.95227
248.448055 7222.02942
345.925446 7226.10718
267.527444 7230.18311
241.790859 7234.25903
282.525646 7238.33374
304.756592 7242.40906
323.6712 7246.48376
308.101806 7250.55725
312.788191 7254.63013
317.855582 7258.703
245.254103 7262.77466
248.590242 7266.84631
321.135433 7270.91797
332.04002 7274.98779
235.337718 7279.05823
360.286659 7283.12805
331.421723 7287.19666
255.265392 7291.26526
272.525192 7295.33264
353.652504 7299.40063
259.396658 7303.4668
218.750068 7307.53357
274.228857 7311.59851
343.52636 7315.66406
356.064873 7319.729
271.690216 7323.79272
290.621841 7327.85645
299.237892 7331.91895
171.01802 7335.98206
318.116913 7340.04333
143.762379 7344.10522
232.904203 7348.16528
287.623917 7352.22656
238.77059 7356.28662
280.935623 7360.34546
290.06089 7364.4043
223.847943 7368.46252
237.209996 7372.52014
312.465363 7376.57715
184.083431 7380.63354
289.83403 7384.68933
312.207417 7388.74512
212.360153 7392.80029
258.62579 7396.85486
246.22955 7400.90881
186.600857 7404.96216
165.967747 7409.0155
281.53998 7413.06702
213.982811 7417.11914
256.881958 7421.17004
190.885683 7425.22095
236.975801 7429.27124
283.396538 7433.32031
291.842415 7437.37
246.434105 7441.41785
346.32463 7445.46631
251.123989 7449.51355
211.535644 7453.56079
183.424495 7457.6062
190.869793 7461.65283
220.559793 7465.69824
229.902443 7469.74243
244.824974 7473.78723
235.629295 7477.8302
162.960037 7481.87378
203.356308 7485.91614
143.774349 7489.9585
138.847549 7493.99963
57.870712 7498.04077
264.428344 7502.0813
176.082363 7506.12122
152.935838 7510.16052
249.578556 7514.19922
214.931557 7518.23792
95.851631 7522.27478
219.092285 7526.31226
307.493836 7530.34851
257.918892 7534.38477
227.41742 7538.42102
222.383019 7542.45544
217.505837 7546.48987
210.859417 7550.52368
190.084427 7554.5575
301.024468 7558.59009
211.631981 7562.62268
228.271065 7566.65405
208.331947 7570.68542
148.0149 7574.7168
212.52758 7578.74634
106.668756 7582.77588
83.484871 7586.8042
164.467863 7590.83374
172.788931 7594.86084
96.748546 7598.88916
152.199276 7602.91504
146.333544 7606.94214
124.96489 7610.96802
190.290168 7614.99268
101.736082 7619.01733
143.905406 7623.04199
155.385847 7627.06543
118.245825 7631.08826
118.265344 7635.11108
119.031759 7639.13208
138.951251 7643.15369
174.643555 7647.17529
175.300721 7651.19568
166.970452 7655.21545
185.868316 7659.23462
344.989517 7663.25317
405.933784 7667.27112
341.739955 7671.28845
284.06865 7675.30518
293.987941 7679.32251
260.436203 7683.33862
193.391693 7687.35413
262.932518 7691.36841
241.353264 7695.38269
257.547989 7699.39636
357.653031 7703.41003
227.23843 7707.42249
256.301643 7711.43433
225.729607 7715.44617
145.454086 7719.4574
168.669551 7723.46802
103.340573 7727.47803
145.5444 7731.48682
122.445015 7735.49622
105.882828 7739.50439
121.608783 7743.51196
129.042003 7747.51892
124.943798 7751.52588
186.153839 7755.53162
119.135954 7759.53735
116.657675 7763.54309
77.797737 7767.54639
54.644022 7771.5509
67.84967 7775.5542
96.83733 7779.5575
38.103852 7783.55896
71.986094 7787.56104
17.42118 7791.56189
108.328929 7795.56274
79.424014 7799.56299
158.74524 7803.56201
104.243881 7807.56165
93.47698 7811.56006
139.050202 7815.55786
60.414238 7819.55505
83.554156 7823.55225
154.708656 7827.54761
119.911897 7831.54358
139.806053 7835.53894
149.67842 7839.53369
249.754936 7843.52783
24.03968 7847.52075
145.520217 7851.51367
123.240082 7855.50598
118.280113 7859.49768
231.620598 7863.48877
164.680572 7867.47986
115.802551 7871.47034
98.461365 7875.45959
147.263183 7879.44885
114.95762 7883.4375
123.301907 7887.42493
154.63779 7891.41235
43.048703 7895.39917
60.39402 7899.38538
92.601117 7903.37158
179.39767 7907.35718
123.193988 7911.34094
8.334092 7915.32532
110.828775 7919.30847
101.816666 7923.29224
74.433395 7927.27417
134.772195 7931.2561
162.107441 7935.23682
176.045906 7939.21753
110.044353 7943.19824
103.400644 7947.17773
79.447342 7951.15723
92.678017 7955.1355
179.494969 7959.11377
92.627983 7963.09082
22.39627 7967.06787
153.857254 7971.0437
181.237007 7975.01953
116.633453 7978.99536
128.993394 7982.96936
138.102608 7986.94397
187.836959 7990.91736
134.833778 7994.89014
104.204677 7998.8623
165.43029 8002.83447
176.966244 8006.80542
164.618332 8010.77637
111.673218 8014.7467
109.232029 8018.71643
124.850103 8022.68555
139.730516 8026.65405
198.398098 8030.62256
215.71183 8034.58923
182.721096 8038.55652
249.744514 8042.52258
104.209013 8046.48804
230.766334 8050.4541
137.282532 8054.41833
142.230431 8058.38257
5.025459 8062.34619
185.181219 8066.30859
86.814938 8070.271
152.993018 8074.23279
133.044078 8078.19458
165.409573 8082.15515
172.803137 8086.11572
153.75477 8090.07507
176.11161 8094.03381
203.322597 8097.99194
174.439322 8101.95068
100.00967 8105.90759
81.005626 8109.8645
186.885792 8113.8208
100.022038 8117.77649
276.987076 8121.73157
158.64024 8125.68665
205.754578 8129.6405
213.237526 8133.59375
214.657627 8137.54639
263.484646 8141.49841
235.251393 8145.45105
324.534328 8149.40186
447.90802 8153.35266
433.673809 8157.30347
535.203121 8161.25244
797.932259 8165.20203
1128.623856 8169.14978
1768.561203 8173.09753
2736.074203 8177.04468
4134.850704 8180.99182
5464.083405 8184.93774
6527.844951 8188.88367
7191.203987 8192.82898
7675.798203 8196.77307
7776.947323 8200.71716
7410.804329 8204.66003
6334.397487 8208.60291
5297.992245 8212.54517
4241.240288 8216.48743
3491.781403 8220.42786
2662.379696 8224.3689
2094.677117 8228.30872
1590.028366 8232.24792
1375.993584 8236.18774
1135.301642 8240.12512
899.905148 8244.06311
784.912445 8247.99988
524.2756 8251.93665
532.70977 8255.8728
462.456331 8259.80835
380.517372 8263.74329
435.183617 8267.67761
383.236442 8271.61194
275.979241 8275.54443
242.218171 8279.47754
279.310513 8283.40942
109.077873 8287.34131
181.153695 8291.27136
173.678944 8295.20264
186.05265 8299.13208
76.106949 8303.06152
131.524893 8306.99097
106.739994 8310.91797
172.15052 8314.84619
116.657675 8318.77319
134.069752 8322.7002
94.314653 8326.62537
120.802842 8330.55054
135.642699 8334.4751
147.343461 8338.39966
179.607712 8342.32361
10.819889 8346.24634
40.600372 8350.16907
89.399464 8354.09058
108.437592 8358.01208
-14.808659 8361.93298
140.649495 8365.85327
19.10143 8369.77295
70.368988 8373.69202
-11.502792 8377.61047
62.92704 8381.52832
1.723862 8385.44617
20.740053 8389.36218
69.574681 8393.27942
29.837686 8397.19421
67.091057 8401.11023
32.319034 8405.0238
18.262683 8408.9386
37.303843 8412.85217
37.297558 8416.76453
22.410384 8420.67749
0.070152 8424.58862
57.993851 8428.49976
87.746193 8432.41028
62.964136 8436.32019
33.99244 8440.22949
45.574983 8444.13879
-13.166308 8448.04749
74.536229 8451.95496
105.211654 8455.86182
50.519966 8459.76807
60.500515 8463.67432
72.095159 8467.57996
69.571749 8471.48499
29.035494 8475.38879
74.520542 8479.2926
62.105564 8483.19641
82.818163 8487.09839
32.336675 8491.00098
-94.213882 8494.90234
81.147385 8498.8031
-9.03274 8502.70325
28.224678 8506.60339
63.769512 8510.50171
-4.066096 8514.40125
-49.56757 8518.29895
-0.757219 8522.19604
-22.260748 8526.09314
55.519713 8529.98901
9.995643 8533.8855
-21.438873 8537.78015
37.297558 8541.6748
7.512018 8545.56885
27.37727 8549.46228
39.788784 8553.35571
19.113434 8557.24731
6.690352 8561.13953
34.005227 8565.03052
117.597488 8568.92151
-0.75729 8572.81067
-38.804098 8576.70105
67.11645 8580.5896
46.439415 8584.47754
67.133406 8588.36609
14.967901 8592.25281
6.692333 8596.13892
-17.306996 8600.02502
5.036881 8603.91052
18.270347 8607.79541
115.865658 8611.67969
80.327339 8615.56335
27.371499 8619.44702
97.704854 8623.32947
21.576839 8627.21069
-52.893811 8631.09253
23.246536 8634.97314
-66.10865 8638.85376
54.690124 8642.73315
72.092092 8646.61255
52.219518 8650.49072
23.230716 8654.3689
-3.239444 8658.24707
14.135523 8662.1228
26.545299 8665.99915
-16.477943 8669.87488
-65.283783 8673.75061
165.752409 8677.62451
62.168581 8681.49841
-6.548314 8685.3717
83.61005 8689.24438
-13.166308 8693.11707
58.798558 8696.98853
-23.0879 8700.85938
-9.864021 8704.72961
-47.910179 8708.59985
39.786968 8712.46887
22.431438 8716.33789
27.371499 8720.20569
-9.85777 8724.07349
115.175598 8727.94067
73.724716 8731.80725
23.240637 8735.67322
9.168914 8739.53796
-62.840544 8743.40332
-47.880219 8747.26624
-68.597485 8751.13037
42.270203 8754.99329
27.369197 8758.85559
131.702194 8762.71729
90.30959 8766.57898
-23.93031 8770.44006
-25.586941 8774.29932
-44.607346 8778.15918
-54.5084 8782.01782
-28.050422 8785.87585
2.552679 8789.73389
-79.340137 8793.5907
-13.994201 8797.44751
-8.203226 8801.3031
-33.033537 8805.1593
-15.654469 8809.01367
15.784051 8812.86804
3.380236 8816.7218
-13.988913 8820.57434
-92.57766 8824.42749
33.181938 8828.27942
-39.649904 8832.13013
73.75297 8835.98145
-1.583798 8839.83154
-59.492497 8843.68042
49.726838 8847.53052
-26.410231 8851.37817
-64.418063 8855.22644
54.692571 8859.07349
82.804329 8862.92053
68.765102 8866.76636
43.126641 8870.61157
84.536558 8874.4574
13.309311 8878.30078
-3.241226 8882.14539
42.273908 8885.98816
52.210673 8889.83093
14.142696 8893.67249
48.886993 8897.51465
33.999612 8901.35498
6.689638 8905.19531
30.691634 8909.03503
19.110321 8912.87415
0.897768 8916.71326
89.474815 8920.55054
-38.791098 8924.38843
82.06096 8928.2251
58.833273 8932.06116
-13.993882 8935.89661
-83.517632 8939.73206
-9.031707 8943.56628
-35.50078 8947.3999
17.451105 8951.23352
-10.690649 8955.06592
57.191049 8958.89832
58.825945 8962.72949
-25.563135 8966.56067
5.035736 8970.39063
21.578653 8974.22058
119.301716 8978.04993
-13.173112 8981.87866
29.039179 8985.70618
4.207287 8989.53369
2.552923 8993.36121
62.160661 8997.18689
-6.549002 9001.01257
48.911814 9004.83704
16.638504 9008.66211
24.90056 9012.48596
2.553681 9016.3092
-4.895653 9020.13184
48.916234 9023.95386
-17.296085 9027.77588
-11.519253 9031.59668
-17.31212 9035.41687
48.901719 9039.23645
58.823324 9043.05603
26.537758 9046.875
-52.860293 9050.69275
-1.584597 9054.5105
46.431252 9058.32642
-18.96208 9062.14294
1.725685 9065.95825
-4.896957 9069.77417
1.7262 9073.58826
-18.133136 9077.40234
28.205669 9081.21582
0.070211 9085.02869
120.1339 9088.84033
-19.788105 9092.65198
-42.131565 9096.46301
41.464043 9100.27344
-20.618351 9104.08325
69.636681 9107.89246
17.451843 9111.70105
-100.033249 9115.50903
29.034266 9119.31641
23.242601 9123.12317
7.516432 9126.92932
16.629146 9130.73547
-19.785603 9134.53979
-84.335198 9138.34473
32.33681 9142.14783
48.086445 9145.95154
23.246536 9149.75464
102.712832 9153.55652
-4.896614 9157.3584
-12.344356 9161.15845
-0.757476 9164.95972
6.692333 9168.75854
47.258989 9172.55859
-6.549276 9176.3562
31.533646 9180.15503
27.391053 9183.95203
-3.239992 9187.74902
0.898148 9191.5448
2.551847 9195.34058
-12.336289 9199.13574
62.942764 9202.92969
97.82116 9206.72363
-23.920086 9210.51636
19.106812 9214.30969
-53.728492 9218.10181
23.243584 9221.89331
-48.73769 9225.6842
129.1884 9229.47388
73.718485 9233.26416
-1.584999 9237.05261
-17.300303 9240.84106
-47.108378 9244.62891
20.764775 9248.41675
24.892012 9252.20337
82.039983 9255.98938
-72.694098 9259.77478
17.448151 9263.55957
62.171226 9267.34436
10.833264 9271.12732
43.933611 9274.91089
-28.063406 9278.69324
99.451004 9282.47559
-11.517297 9286.25671
88.696522 9290.03723
111.804787 9293.81775
-46.272738 9297.59705
46.421541 9301.37634
-5.723565 9305.15381
-61.155443 9308.9325
14.149926 9312.70935
29.031815 9316.4856
-16.483379 9320.26123
-7.376833 9324.03687
5.86072 9327.8125
82.909885 9331.5863
46.427716 9335.36011
11.651659 9339.13208
-24.770489 9342.90527
-37.984638 9346.67664
23.246536 9350.448
5.034749 9354.21814
2.552679 9357.98889
-37.165268 9361.75842
-16.475997 9365.52673
85.367756 9369.29504
-70.244507 9373.06274
-5.725018 9376.83044
-35.512613 9380.5957
-87.610603 9384.36218
-64.507942 9388.12744
40.626056 9391.89148
-28.88855 9395.65613
-90.914333 9399.41956
-61.132583 9403.18237
-33.84573 9406.94458
38.134402 9410.70557
120.113608 9414.46655
-44.637552 9418.22693
19.944848 9421.98669
-9.862217 9425.74646
38.98478 9429.50562
-13.99715 9433.26294
-0.757314 9437.02026
-35.524639 9440.77698
29.046704 9444.53369
41.451739 9448.28918
98.6068 9452.04468
9.177574 9455.79834
-11.519874 9459.55261
34.829912 9463.30627
26.556784 9467.05811
55.529114 9470.81055
39.813809 9474.56177
68.779677 9478.31238
-7.375899 9482.06238
38.981335 9485.81238
31.51082 9489.56116
-23.104443 9493.30933
1.726776 9497.05811
9.999715 9500.80505
-14.82356 9504.55139
5.864182 9508.29773
-30.54131 9512.04346
12.488903 9515.78735
6.691901 9519.53186
-90.97197 9523.27515
-5.72101 9527.01843
22.421898 9530.76172
-13.987156 9534.50195
-78.528854 9538.24341
-87.614422 9541.98486
-18.973335 9545.72449
13.317634 9549.4635
48.086579 9553.20251
-32.188156 9556.94092
51.3748 9560.67871
-34.690803 9564.41589
-4.068672 9568.15125
31.522803 9571.88721
30.689174 9575.62256
34.000914 9579.3573
48.068251 9583.09021
1.725249 9586.82373
42.282712 9590.55664
62.160527 9594.28955
-43.813257 9598.02063
-86.81226 9601.7511
-4.893307 9605.48157
25.73016 9609.21143
12.48612 9612.94128
67.136396 9616.66809
-32.205923 9620.39612
-37.17915 9624.12415
3.379515 9627.85095
-59.51508 9631.57715
20.762882 9635.30151
-35.518619 9639.02649
-36.341972 9642.75146
-33.871473 9646.47522
50.556152 9650.19714
-18.126898 9653.92029
38.954828 9657.6416
8.353431 9661.36292
-30.555367 9665.08423
-113.268509 9668.80371
67.116586 9672.52319
-25.569563 9676.24207
33.194633 9679.96094
-27.251583 9683.67737
-42.124461 9687.39441
-4.895164 9691.11084
9.997323 9694.82666
10.828215 9698.54248
-53.732912 9702.25586
34.85508 9705.96985
-4.894617 9709.68323
24.076191 9713.39661
48.897311 9717.10754
-104.974949 9720.81909
0.070053 9724.53064
-33.037731 9728.24097
-23.094691 9731.94946
-13.172001 9735.65918
-36.328188 9739.36768
29.854102 9743.07556
67.94664 9746.78284
11.653756 9750.48828
-57.067415 9754.19495
36.487547 9757.90039
-10.688705 9761.60522
-9.862217 9765.30884
-22.282231 9769.01245
-66.117134 9772.71606
-66.128151 9776.41846
-98.368866 9780.12024
-119.898696 9783.82019
-34.674708 9787.52136
-13.178574 9791.22131
-20.626217 9794.92065
29.851589 9798.61877
0.070222 9802.31689
0.897502 9806.0144
-30.555367 9809.71191
0.070233 9813.4082
-39.661648 9817.10266
4.211396 9820.79773
27.382921 9824.4928
-67.761211 9828.18604
31.535119 9831.87866
-47.922154 9835.57129
-76.908802 9839.26331
-32.241462 9842.95471
19.932015 9846.64612
-6.551626 9850.33569
-12.356842 9854.02527
-57.009612 9857.71362
79.527452 9861.40259
-34.693603 9865.08911
-1.585873 9868.77625
1.727242 9872.46277
0.897728 9876.14929
-3.239714 9879.83459
-9.031081 9883.51807
1.726112 9887.20215
24.915375 9890.88623
-31.384697 9894.56909
59.724136 9898.25012
64.629377 9901.93115
41.481838 9905.61279
62.176389 9909.29321
56.387688 9912.97302
-71.912067 9916.651
-4.068367 9920.3302
-86.804939 9924.00818
0.070182 9927.68494
3.380226 9931.36047
35.639163 9935.03723
-19.789075 9938.71277
-28.05382 9942.3877
-11.512435 9946.0614
38.963042 9949.7345
-32.20035 9953.40759
4.205301 9957.08008
-103.397721 9960.75195
-51.229199 9964.422
-56.219757 9968.09265
-61.18143 9971.7627
-39.636677 9975.43152
-23.933216 9979.10095
-30.569656 9982.76733
-54.535877 9986.43494
18.279335 9990.10193
25.718205 9993.76831
-1.584863 9997.43286
42.281057 10001.09802
-21.443252 10004.76257
-33.848576 10008.42651
84.486332 10012.08923
17.45406 10015.75134
55.540768 10019.41284
31.525475 10023.07434
-4.898834 10026.73523
-37.163434 10030.39429
-48.727591 10034.05334
49.749906 10037.71179
-47.940529 10041.37024
-38.015443 10045.02808
-92.562249 10048.68408
24.904783 10052.34009
-4.894132 10055.99609
-82.661613 10059.65149
-102.491501 10063.30444
-46.278605 10066.95862
-21.445968 10070.61218
5.862582 10074.26453
33.170841 10077.91626
-25.578434 10081.56677
-13.989497 10085.21729
0.070244 10088.8678
53.913288 10092.51709
63.788333 10096.16577
15.792019 10099.81384
-18.153168 10103.4613
51.407207 10107.10754
-4.896202 10110.75439
13.319039 10114.39941
-49.577882 10118.04443
21.586839 10121.68884
9.180314 10125.33325
-0.75774 10128.97522
-48.73769 10132.6178
-9.03146 10136.26038
-49.579839 10139.90112
-42.129655 10143.54187
62.950855 10147.1814
20.768303 10150.82153
30.686313 10154.46045
38.987969 10158.09937
-14.004997 10161.73523
61.317561 10165.3717
-51.235551 10169.00879
89.505394 10172.64404
16.630558 10176.27991
-47.110374 10179.91333
-73.552365 10183.54675
62.982796 10187.18018
9.175105 10190.81299
12.48612 10194.44397
34.018357 10198.07495
22.405801 10201.70593
0.898048 10205.33691
-91.765457 10208.96606
72.095159 10212.5946
-18.960613 10216.22253
-68.603539 10219.85046
46.431252 10223.47778
-16.479334 10227.10327
0.070107 10230.72876
-15.648524 10234.35364
18.285676 10237.97852
1.725601 10241.60278
79.520725 10245.22461
38.161762 10248.84766
63.812769 10252.46948
7.512827 10256.09131
36.475355 10259.71069
-8.205785 10263.3313
5.865177 10266.94946
-57.84679 10270.56885
-60.337901 10274.18823
46.421541 10277.80396
54.687676 10281.4209
-26.403552 10285.03784
80.378486 10288.65479
-11.514511 10292.26807
6.691199 10295.88135
-57.866476 10299.49707
-31.359558 10303.10913
-61.150429 10306.72241
58.825945 10310.33325
0.070217 10313.94531
-48.719426 10317.55493
-14.003078 10321.16577
7.51743 10324.77417
-17.304806 10328.38257
22.419044 10331.99097
-147.100308 10335.59937
-34.692269 10339.20654
-54.49915 10342.81128
-70.244507 10346.41724
-36.348122 10350.02197
34.008246 10353.62671
-17.314922 10357.229
-1.585873 10360.83252
-4.067676 10364.43481
-33.037865 10368.03711
29.034266 10371.6394
3.381523 10375.23804
-14.815463 10378.83789
-56.222275 10382.43774
-108.286465 10386.03638
6.692753 10389.63257
-22.274811 10393.2312
-10.692463 10396.82861
