2730.0 0.0
2735.0 0.0
2740.0 0.0
2745.0 0.0
2750.0 0.0
2755.0 0.0
2760.0 0.0
2765.0 0.0
2770.0 0.0
2775.0 0.0
2780.0 0.0
2785.0 0.0
2790.0 0.0
2795.0 0.0
2800.0 0.0
2805.0 0.0
2810.0 0.0
2815.0 0.0
2820.0 0.0
2825.0 0.0
2830.0 0.0
2835.0 0.0
2840.0 0.0
2845.0 0.0
2850.0 0.0
2855.0 0.0
2860.0 0.0
2865.0 0.0
2870.0 0.0
2875.0 0.0
2880.0 0.0
2885.0 0.0
2890.0 0.0
2895.0 0.0
2900.0 0.0
2905.0 0.0
2910.0 0.0
2915.0 0.0
2920.0 0.0
2925.0 0.0
2930.0 0.0
2935.0 0.0
2940.0 0.0
2945.0 0.0
2950.0 0.0
2955.0 0.0
2960.0 0.0
2965.0 0.0
2970.0 0.0
2975.0 0.0
2980.0 0.0
2985.0 0.0
2990.0 0.0
2995.0 0.0
3000.0 0.0
3005.0 0.0
3010.0 0.0
3015.0 0.0
3020.0 0.0
3025.0 0.0
3030.0 0.0
3035.0 0.0
3040.0 0.0
3045.0 0.0
3050.0 0.0
3055.0 0.0
3060.0 0.0
3065.0 0.0
3070.0 0.0
3075.0 0.0
3080.0 0.0
3085.0 0.0
3090.0 0.0
3095.0 0.0
3100.0 0.0
3105.0 0.0
3110.0 0.0
3115.0 0.0
3120.0 0.0
3125.0 0.0
3130.0 0.0
3135.0 0.0
3140.0 0.0
3145.0 0.0
3150.0 0.0
3155.0 0.0
3160.0 0.0
3165.0 0.0
3170.0 0.0
3175.0 0.0
3180.0 0.0
3185.0 0.0
3190.0 0.0
3195.0 0.0
3200.0 0.0
3205.0 0.0
3210.0 0.0
3215.0 0.0
3220.0 0.0
3225.0 0.0
3230.0 0.0
3235.0 0.0
3240.0 0.0
3245.0 0.0
3250.0 0.0
3255.0 0.0
3260.0 0.0
3265.0 0.0
3270.0 0.0
3275.0 0.0
3280.0 0.0
3285.0 0.0
3290.0 0.0
3295.0 0.0
3300.0 0.0
3305.0 0.0
3310.0 0.0
3315.0 0.0
3320.0 0.0
3325.0 0.0
3330.0 0.0
3335.0 0.0
3340.0 0.0
3345.0 0.0
3350.0 0.0
3355.0 0.0
3360.0 0.0
3365.0 0.0
3370.0 0.0
3375.0 0.0
3380.0 0.0
3385.0 0.0
3390.0 0.0
3395.0 0.0
3400.0 0.0
3405.0 0.0
3410.0 0.0
3415.0 0.0
3420.0 0.0
3425.0 0.0
3430.0 0.0
3435.0 0.0
3440.0 0.0
3445.0 0.0
3450.0 0.0
3455.0 0.0
3460.0 0.0
3465.0 0.0
3470.0 0.0
3475.0 0.0
3480.0 0.0
3485.0 0.0
3490.0 0.0
3495.0 0.0
3500.0 0.0
3505.0 0.0
3510.0 0.0
3515.0 0.0
3520.0 0.0
3525.0 0.0
3530.0 0.0
3535.0 0.0
3540.0 0.0
3545.0 0.0
3550.0 0.0
3555.0 0.0
3560.0 0.0
3565.0 0.0
3570.0 0.0
3575.0 0.0
3580.0 0.0
3585.0 0.0
3590.0 0.0
3595.0 0.0
3600.0 0.0
3605.0 0.0
3610.0 0.0
3615.0 0.0
3620.0 0.0
3625.0 0.0
3630.0 0.0
3635.0 0.0
3640.0 0.0
3645.0 0.0
3650.0 0.0
3655.0 0.0
3660.0 0.0
3665.0 0.0
3670.0 0.0
3675.0 0.0
3680.0 0.0
3685.0 0.0
3690.0 0.0
3695.0 0.0
3700.0 0.0
3705.0 0.0
3710.0 0.0
3715.0 0.0
3720.0 0.0
3725.0 0.0
3730.0 0.0
3735.0 0.0
3740.0 0.0
3745.0 0.0
3750.0 0.0
3755.0 0.0
3760.0 0.0
3765.0 0.0
3770.0 0.0
3775.0 0.0
3780.0 0.0
3785.0 0.0
3790.0 0.0
3795.0 0.0
3800.0 0.0
3805.0 0.0
3810.0 0.0
3815.0 0.0
3820.0 0.0
3825.0 0.0
3830.0 0.0
3835.0 0.0
3840.0 0.0
3845.0 0.0
3850.0 0.0
3855.0 0.0
3860.0 0.0
3865.0 0.0
3870.0 0.0
3875.0 0.0
3880.0 0.0
3885.0 0.0
3890.0 0.0
3895.0 0.0
3900.0 0.0
3905.0 0.0
3910.0 0.0
3915.0 0.0
3920.0 0.0
3925.0 0.0
3930.0 0.0
3935.0 0.0
3940.0 0.0
3945.0 0.0
3950.0 0.0
3955.0 0.0
3960.0 0.0
3965.0 0.0
3970.0 0.0
3975.0 0.0
3980.0 0.0
3985.0 0.0
3990.0 0.0
3995.0 0.0
4000.0 0.0
4005.0 0.0
4010.0 0.0
4015.0 0.0
4020.0 0.0
4025.0 0.0
4030.0 0.0
4035.0 0.0
4040.0 0.0
4045.0 0.0
4050.0 0.0
4055.0 0.0
4060.0 0.0
4065.0 0.0
4070.0 0.0
4075.0 0.0
4080.0 0.0
4085.0 0.0
4090.0 0.0
4095.0 0.0
4100.0 0.0
4105.0 0.0
4110.0 0.0
4115.0 0.0
4120.0 0.0
4125.0 0.0
4130.0 0.0
4135.0 0.0
4140.0 0.0
4145.0 0.0
4150.0 0.0
4155.0 0.0
4160.0 0.0
4165.0 0.0
4170.0 0.0
4175.0 0.0
4180.0 0.0
4185.0 0.0
4190.0 0.0
4195.0 0.0
4200.0 0.0
4205.0 0.0
4210.0 0.0
4215.0 0.0
4220.0 0.0
4225.0 0.0
4230.0 0.0
4235.0 0.0
4240.0 0.0
4245.0 0.0
4250.0 0.0
4255.0 0.0
4260.0 0.0
4265.0 0.0
4270.0 0.0
4275.0 0.0
4280.0 0.0
4285.0 0.0
4290.0 0.0
4295.0 0.0
4300.0 0.0
4305.0 7.0444e-07
4310.0 1.9786e-05
4315.0 2.1707e-05
4320.0 3.1379e-05
4325.0 7.3193e-06
4330.0 4.992e-07
4335.0 6.9339e-06
4340.0 7.8515e-07
4345.0 0.0
4350.0 0.0
4355.0 0.0
4360.0 2.6369e-05
4365.0 0.00014825
4370.0 0.00024997
4375.0 0.00030478
4380.0 0.0003141
4385.0 0.00034759
4390.0 0.00033694
4395.0 0.00031574
4400.0 0.00029848
4405.0 0.0003331
4410.0 0.00046978
4415.0 0.00060475
4420.0 0.0006624
4425.0 0.00066649
4430.0 0.00060875
4435.0 0.00055996
4440.0 0.00053349
4445.0 0.00054571
4450.0 0.00059231
4455.0 0.00063057
4460.0 0.00063717
4465.0 0.00067229
4470.0 0.00069756
4475.0 0.00073373
4480.0 0.00076192
4485.0 0.00070414
4490.0 0.00060771
4495.0 0.00054945
4500.0 0.0005331
4505.0 0.00056002
4510.0 0.00057866
4515.0 0.00055071
4520.0 0.00054182
4525.0 0.00051677
4530.0 0.00050658
4535.0 0.00046854
4540.0 0.00046687
4545.0 0.00043555
4550.0 0.00037313
4555.0 0.00031666
4560.0 0.00031695
4565.0 0.00035985
4570.0 0.00044504
4575.0 0.00051512
4580.0 0.00052162
4585.0 0.00047873
4590.0 0.00041133
4595.0 0.00038746
4600.0 0.00038191
4605.0 0.00035783
4610.0 0.0002704
4615.0 0.0002194
4620.0 0.00022008
4625.0 0.00026465
4630.0 0.00028749
4635.0 0.00028185
4640.0 0.00029618
4645.0 0.00032728
4650.0 0.00033213
4655.0 0.00027029
4660.0 0.00020537
4665.0 0.00018151
4670.0 0.00016666
4675.0 0.00012614
4680.0 0.00011657
4685.0 0.00015658
4690.0 0.00021434
4695.0 0.00024091
4700.0 0.00020802
4705.0 0.0001604
4710.0 0.00012792
4715.0 0.00011225
4720.0 0.00012334
4725.0 0.00012631
4730.0 0.00012246
4735.0 0.000118
4740.0 9.4205e-05
4745.0 0.00011175
4750.0 0.00013387
4755.0 0.00016005
4760.0 0.00018676
4765.0 0.00019116
4770.0 0.00015847
4775.0 0.00012702
4780.0 0.00010404
4785.0 8.5261e-05
4790.0 7.7271e-05
4795.0 7.4467e-05
4800.0 8.5697e-05
4805.0 0.00010883
4810.0 9.1954e-05
4815.0 8.5778e-05
4820.0 6.6972e-05
4825.0 6.8909e-05
4830.0 5.2271e-05
4835.0 4.0632e-05
4840.0 3.8525e-05
4845.0 5.3826e-05
4850.0 8.1762e-05
4855.0 8.9719e-05
4860.0 5.755e-05
4865.0 4.6956e-05
4870.0 3.3244e-05
4875.0 5.1877e-05
4880.0 7.4285e-05
4885.0 7.1614e-05
4890.0 6.2152e-05
4895.0 4.1543e-05
4900.0 1.5838e-05
4905.0 2.768e-05
4910.0 3.6585e-05
4915.0 4.3063e-05
4920.0 4.7327e-05
4925.0 4.3321e-05
4930.0 5.9022e-05
4935.0 6.6234e-05
4940.0 4.3264e-05
4945.0 1.8598e-05
4950.0 8.2686e-06
4955.0 1.0207e-05
4960.0 3.4482e-05
4965.0 5.6222e-05
4970.0 7.4019e-05
4975.0 5.0202e-05
4980.0 2.3466e-05
4985.0 0.0
4990.0 0.0
4995.0 0.0
5000.0 1.0363e-05
5005.0 4.7308e-05
5010.0 6.5244e-05
5015.0 6.2919e-05
5020.0 5.7029e-05
5025.0 5.5345e-05
5030.0 7.2231e-05
5035.0 8.4257e-05
5040.0 9.0869e-05
5045.0 7.4109e-05
5050.0 4.3364e-05
5055.0 8.9063e-06
5060.0 7.6539e-06
5065.0 4.169e-05
5070.0 8.0739e-05
5075.0 0.00012503
5080.0 0.00013754
5085.0 0.00015717
5090.0 0.00017623
5095.0 0.00019273
5100.0 0.00020038
5105.0 0.00016553
5110.0 0.0001534
5115.0 0.00014469
5120.0 0.00016731
5125.0 0.00019008
5130.0 0.00019754
5135.0 0.0002374
5140.0 0.00026623
5145.0 0.00031746
5150.0 0.00032614
5155.0 0.00033276
5160.0 0.00035622
5165.0 0.00038846
5170.0 0.00042049
5175.0 0.000443
5180.0 0.0004671
5185.0 0.00048822
5190.0 0.00052991
5195.0 0.00057138
5200.0 0.00062733
5205.0 0.00065604
5210.0 0.00067951
5215.0 0.00071541
5220.0 0.00075523
5225.0 0.00081457
5230.0 0.00087168
5235.0 0.00092639
5240.0 0.00098014
5245.0 0.0010276
5250.0 0.0010843
5255.0 0.0011624
5260.0 0.0012368
5265.0 0.0013321
5270.0 0.0014024
5275.0 0.0014948
5280.0 0.0015439
5285.0 0.0016003
5290.0 0.0016672
5295.0 0.0017975
5300.0 0.0019416
5305.0 0.0020667
5310.0 0.0021717
5315.0 0.0022602
5320.0 0.0023689
5325.0 0.0024856
5330.0 0.0026061
5335.0 0.0027313
5340.0 0.0028668
5345.0 0.003009
5350.0 0.0031751
5355.0 0.0033589
5360.0 0.003543
5365.0 0.0037103
5370.0 0.0038979
5375.0 0.0040774
5380.0 0.0042667
5385.0 0.0044473
5390.0 0.0046923
5395.0 0.0049537
5400.0 0.0052438
5405.0 0.0054906
5410.0 0.0057518
5415.0 0.006023
5420.0 0.006282
5425.0 0.0065512
5430.0 0.0068419
5435.0 0.007163
5440.0 0.0074937
5445.0 0.0077972
5450.0 0.0081259
5455.0 0.0084707
5460.0 0.0088219
5465.0 0.0092022
5470.0 0.009545
5475.0 0.0099328
5480.0 0.010346
5485.0 0.010811
5490.0 0.011268
5495.0 0.011706
5500.0 0.012115
5505.0 0.012512
5510.0 0.01297
5515.0 0.013459
5520.0 0.014017
5525.0 0.014551
5530.0 0.015042
5535.0 0.015508
5540.0 0.016028
5545.0 0.016575
5550.0 0.017155
5555.0 0.017713
5560.0 0.018273
5565.0 0.018828
5570.0 0.01937
5575.0 0.019983
5580.0 0.020597
5585.0 0.021216
5590.0 0.021809
5595.0 0.022377
5600.0 0.022982
5605.0 0.023624
5610.0 0.024236
5615.0 0.024814
5620.0 0.025389
5625.0 0.026014
5630.0 0.026631
5635.0 0.027211
5640.0 0.027781
5645.0 0.0284
5650.0 0.029061
5655.0 0.029649
5660.0 0.030179
5665.0 0.030672
5670.0 0.031176
5675.0 0.031872
5680.0 0.032586
5685.0 0.033279
5690.0 0.03382
5695.0 0.034372
5700.0 0.034928
5705.0 0.035522
5710.0 0.036064
5715.0 0.036587
5720.0 0.0371
5725.0 0.037605
5730.0 0.038095
5735.0 0.038553
5740.0 0.038972
5745.0 0.039368
5750.0 0.039822
5755.0 0.040299
5760.0 0.040789
5765.0 0.0413
5770.0 0.041747
5775.0 0.042171
5780.0 0.042567
5785.0 0.042931
5790.0 0.043309
5795.0 0.043645
5800.0 0.044016
5805.0 0.044442
5810.0 0.044819
5815.0 0.045155
5820.0 0.045355
5825.0 0.045576
5830.0 0.045824
5835.0 0.046136
5840.0 0.046369
5845.0 0.046573
5850.0 0.046768
5855.0 0.046963
5860.0 0.047181
5865.0 0.047315
5870.0 0.047465
5875.0 0.047576
5880.0 0.047747
5885.0 0.047897
5890.0 0.048042
5895.0 0.048068
5900.0 0.048115
5905.0 0.048158
5910.0 0.048222
5915.0 0.048358
5920.0 0.048421
5925.0 0.048399
5930.0 0.048386
5935.0 0.048282
5940.0 0.048325
5945.0 0.048257
5950.0 0.048178
5955.0 0.04806
5960.0 0.047931
5965.0 0.047926
5970.0 0.047878
5975.0 0.047848
5980.0 0.047732
5985.0 0.047612
5990.0 0.047462
5995.0 0.047259
6000.0 0.047076
6005.0 0.046964
6010.0 0.04689
6015.0 0.046759
6020.0 0.046552
6025.0 0.046331
6030.0 0.046085
6035.0 0.045833
6040.0 0.045574
6045.0 0.045333
6050.0 0.045083
6055.0 0.044836
6060.0 0.044524
6065.0 0.044283
6070.0 0.043952
6075.0 0.04372
6080.0 0.043458
6085.0 0.043232
6090.0 0.042955
6095.0 0.042639
6100.0 0.042309
6105.0 0.041954
6110.0 0.0416
6115.0 0.041149
6120.0 0.040801
6125.0 0.040522
6130.0 0.04038
6135.0 0.04017
6140.0 0.039894
6145.0 0.039591
6150.0 0.039304
6155.0 0.038864
6160.0 0.03833
6165.0 0.037848
6170.0 0.037515
6175.0 0.037216
6180.0 0.036813
6185.0 0.036496
6190.0 0.036142
6195.0 0.03583
6200.0 0.035472
6205.0 0.035224
6210.0 0.034911
6215.0 0.034532
6220.0 0.034155
6225.0 0.033856
6230.0 0.033554
6235.0 0.033203
6240.0 0.032814
6245.0 0.03242
6250.0 0.032146
6255.0 0.031917
6260.0 0.031588
6265.0 0.031138
6270.0 0.030655
6275.0 0.030344
6280.0 0.030052
6285.0 0.02977
6290.0 0.029418
6295.0 0.029024
6300.0 0.028607
6305.0 0.028292
6310.0 0.028097
6315.0 0.027885
6320.0 0.027541
6325.0 0.027103
6330.0 0.026731
6335.0 0.026495
6340.0 0.026269
6345.0 0.025974
6350.0 0.025601
6355.0 0.025273
6360.0 0.024938
6365.0 0.024652
6370.0 0.024342
6375.0 0.024099
6380.0 0.02377
6385.0 0.023409
6390.0 0.023045
6395.0 0.022686
6400.0 0.022399
6405.0 0.022078
6410.0 0.021847
6415.0 0.021607
6420.0 0.021356
6425.0 0.021061
6430.0 0.020753
6435.0 0.02042
6440.0 0.020148
6445.0 0.019923
6450.0 0.019678
6455.0 0.019445
6460.0 0.019153
6465.0 0.018897
6470.0 0.01861
6475.0 0.01831
6480.0 0.018003
6485.0 0.017735
6490.0 0.017525
6495.0 0.017359
6500.0 0.017143
6505.0 0.016901
6510.0 0.016544
6515.0 0.016257
6520.0 0.015979
6525.0 0.015767
6530.0 0.015584
6535.0 0.015349
6540.0 0.015129
6545.0 0.014897
6550.0 0.014705
6555.0 0.014526
6560.0 0.014303
6565.0 0.014063
6570.0 0.013839
6575.0 0.013568
6580.0 0.013276
6585.0 0.013086
6590.0 0.013007
6595.0 0.012896
6600.0 0.012609
6605.0 0.012284
6610.0 0.012072
6615.0 0.011981
6620.0 0.011869
6625.0 0.011736
6630.0 0.011555
6635.0 0.011316
6640.0 0.011045
6645.0 0.0108
6650.0 0.010593
6655.0 0.010398
6660.0 0.010252
6665.0 0.010201
6670.0 0.01017
6675.0 0.010025
6680.0 0.0097584
6685.0 0.0094578
6690.0 0.0093233
6695.0 0.0092213
6700.0 0.0091451
6705.0 0.0089627
6710.0 0.0088078
6715.0 0.008723
6720.0 0.008586
6725.0 0.0083901
6730.0 0.0081308
6735.0 0.0079565
6740.0 0.0078635
6745.0 0.0077817
6750.0 0.0076623
6755.0 0.0075531
6760.0 0.0074008
6765.0 0.0073323
6770.0 0.0072194
6775.0 0.0071397
6780.0 0.0070602
6785.0 0.0069142
6790.0 0.0067509
6795.0 0.0065218
6800.0 0.0063987
6805.0 0.00629
6810.0 0.0062288
6815.0 0.0060906
6820.0 0.005992
6825.0 0.0058409
6830.0 0.0057334
6835.0 0.0056727
6840.0 0.0056785
6845.0 0.0056669
6850.0 0.0055474
6855.0 0.005422
6860.0 0.0052574
6865.0 0.005154
6870.0 0.0050597
6875.0 0.0049598
6880.0 0.0048969
6885.0 0.0048177
6890.0 0.0047204
6895.0 0.0045743
6900.0 0.0044857
6905.0 0.0044966
6910.0 0.0045086
6915.0 0.0044261
6920.0 0.004337
6925.0 0.0042081
6930.0 0.004154
6935.0 0.0040737
6940.0 0.0040181
6945.0 0.0039622
6950.0 0.0039427
6955.0 0.0039633
6960.0 0.0039129
6965.0 0.0037482
6970.0 0.0035642
6975.0 0.0034354
6980.0 0.003371
6985.0 0.0032336
6990.0 0.003143
6995.0 0.0030784
7000.0 0.00312
7005.0 0.0031444
7010.0 0.0031754
7015.0 0.0031769
7020.0 0.0031159
7025.0 0.0030028
7030.0 0.0029311
7035.0 0.0029305
7040.0 0.0029138
7045.0 0.0027527
7050.0 0.0026126
7055.0 0.00252
7060.0 0.0025167
7065.0 0.0024898
7070.0 0.0024397
7075.0 0.0024087
7080.0 0.0023995
7085.0 0.0024378
7090.0 0.0024537
7095.0 0.0024284
7100.0 0.0023782
7105.0 0.0023329
7110.0 0.0022808
7115.0 0.0021176
7120.0 0.0019718
7125.0 0.0018897
7130.0 0.0018924
7135.0 0.00183
7140.0 0.0017725
7145.0 0.0017869
7150.0 0.0017732
7155.0 0.0017733
7160.0 0.0017768
7165.0 0.0017275
7170.0 0.0016448
7175.0 0.0015897
7180.0 0.0015335
7185.0 0.0015004
7190.0 0.0014968
7195.0 0.0015171
7200.0 0.0014455
7205.0 0.0013369
7210.0 0.0013411
7215.0 0.0012736
7220.0 0.0012908
7225.0 0.0012287
7230.0 0.0012758
7235.0 0.001295
7240.0 0.0013093
7245.0 0.0012287
7250.0 0.0011218
7255.0 0.0010572
7260.0 0.0010406
7265.0 0.0010313
7270.0 0.0010235
7275.0 0.0011146
7280.0 0.0011842
7285.0 0.0011845
7290.0 0.0010409
7295.0 0.00084975
7300.0 0.00076035
7305.0 0.00071638
7310.0 0.00071517
7315.0 0.00068724
7320.0 0.00069675
7325.0 0.00068086
7330.0 0.00055865
7335.0 0.00056653
7340.0 0.0005851
7345.0 0.00061752
7350.0 0.00061413
7355.0 0.0006355
7360.0 0.00067795
7365.0 0.00064363
7370.0 0.00066004
7375.0 0.00053324
7380.0 0.00046996
7385.0 0.00049226
7390.0 0.00060825
7395.0 0.00061236
7400.0 0.00059064
7405.0 0.00057587
7410.0 0.0006231
7415.0 0.00059146
7420.0 0.00053891
7425.0 0.00043426
7430.0 0.00043357
7435.0 0.0005095
7440.0 0.00050652
7445.0 0.00048291
7450.0 0.0005297
7455.0 0.00056591
7460.0 0.00061302
7465.0 0.0005277
7470.0 0.00050791
7475.0 0.00041839
7480.0 0.00037472
7485.0 0.00030074
7490.0 0.00026959
7495.0 0.00025255
7500.0 0.00031315
7505.0 0.00041344
7510.0 0.00037556
7515.0 0.00036604
7520.0 0.00019024
7525.0 0.00010186
7530.0 5.7536e-05
7535.0 8.9536e-05
7540.0 7.1933e-05
7545.0 5.0909e-06
7550.0 2.2163e-05
7555.0 4.2064e-05
7560.0 6.3209e-05
7565.0 5.759e-05
7570.0 6.3449e-05
7575.0 5.2842e-05
7580.0 1.0288e-05
7585.0 2.13e-06
7590.0 4.3863e-05
7595.0 2.9272e-07
7600.0 9.6463e-08
7605.0 0.0
7610.0 0.0
7615.0 0.0
7620.0 0.0
7625.0 1.2392e-05
7630.0 9.4093e-05
7635.0 0.00012074
7640.0 0.00011645
7645.0 0.00010337
7650.0 2.2553e-05
7655.0 0.0
7660.0 0.0
7665.0 0.0
7670.0 0.0
7675.0 0.0
7680.0 0.0
7685.0 0.0
7690.0 5.0521e-05
7695.0 0.00018958
7700.0 2.6222e-05
7705.0 0.0
7710.0 0.0
7715.0 0.0
7720.0 0.0
7725.0 0.0
7730.0 0.0
7735.0 0.0
7740.0 0.0
7745.0 0.0
7750.0 0.0
7755.0 0.0
7760.0 0.0
7765.0 0.0
7770.0 0.0
7775.0 0.0
7780.0 0.0
7785.0 0.0
7790.0 0.0
7795.0 0.0
7800.0 0.0
7805.0 0.0
7810.0 0.0
7815.0 0.0
7820.0 0.0
7825.0 0.0
7830.0 0.0
7835.0 0.0
7840.0 0.0
7845.0 0.0
7850.0 0.0
7855.0 0.0
7860.0 0.0
7865.0 0.0
7870.0 0.0
7875.0 0.0
7880.0 0.0
7885.0 0.0
7890.0 0.0
7895.0 0.0
7900.0 0.0
7905.0 0.0
7910.0 0.0
7915.0 0.0
7920.0 0.0
7925.0 0.0
7930.0 0.0
7935.0 0.0
7940.0 0.0
7945.0 0.0
7950.0 0.0
7955.0 0.0
7960.0 0.0
7965.0 0.0
7970.0 0.0
7975.0 0.0
7980.0 0.0
7985.0 0.0
7990.0 0.0
7995.0 0.0
8000.0 0.0
8005.0 0.0
8010.0 0.0
8015.0 0.0
8020.0 0.0
8025.0 0.0
8030.0 0.0
8035.0 0.0
8040.0 0.0
8045.0 0.0
8050.0 0.0
8055.0 0.0
8060.0 0.0
8065.0 0.0
8070.0 0.0
8075.0 0.0
8080.0 0.0
8085.0 0.0
8090.0 0.0
8095.0 0.0
8100.0 0.0
8105.0 0.0
8110.0 0.0
8115.0 0.0
8120.0 0.0
8125.0 0.0
8130.0 0.0
8135.0 0.0
8140.0 0.0
8145.0 0.0
8150.0 0.0
8155.0 0.0
8160.0 0.0
8165.0 0.0
8170.0 0.0
8175.0 0.0
8180.0 0.0
8185.0 0.0
8190.0 0.0
8195.0 0.0
8200.0 0.0
8205.0 0.0
8210.0 0.0
8215.0 0.0
8220.0 0.0
8225.0 0.0
8230.0 0.0
8235.0 0.0
8240.0 0.0
8245.0 0.0
8250.0 0.0
8255.0 0.0
8260.0 0.0
8265.0 0.0
8270.0 0.0
8275.0 0.0
8280.0 0.0
8285.0 0.0
8290.0 0.0
8295.0 0.0
8300.0 0.0
8305.0 0.0
8310.0 0.0
8315.0 0.0
8320.0 0.0
8325.0 0.0
8330.0 0.0
8335.0 0.0
8340.0 0.0
8345.0 0.0
8350.0 0.0
8355.0 0.0
8360.0 0.0
8365.0 0.0
8370.0 0.0
8375.0 0.0
8380.0 0.0
8385.0 0.0
8390.0 0.0
8395.0 0.0
8400.0 0.0
8405.0 0.0
8410.0 0.0
8415.0 0.0
8420.0 0.0
8425.0 0.0
8430.0 0.0
8435.0 0.0
8440.0 0.0
8445.0 0.0
8450.0 0.0
8455.0 0.0
8460.0 0.0
8465.0 0.0
8470.0 0.0
8475.0 0.0
8480.0 0.0
8485.0 0.0
8490.0 0.0
8495.0 0.0
8500.0 0.0
8505.0 0.0
8510.0 0.0
8515.0 0.0
8520.0 0.0
8525.0 0.0
8530.0 0.0
8535.0 0.0
8540.0 0.0
8545.0 0.0
8550.0 0.0
8555.0 0.0
8560.0 0.0
8565.0 0.0
8570.0 0.0
8575.0 0.0
8580.0 0.0
8585.0 0.0
8590.0 0.0
8595.0 0.0
8600.0 0.0
8605.0 0.0
8610.0 0.0
8615.0 0.0
8620.0 0.0
8625.0 0.0
8630.0 0.0
8635.0 0.0
8640.0 0.0
8645.0 0.0
8650.0 0.0
8655.0 0.0
8660.0 0.0
8665.0 0.0
8670.0 0.0
8675.0 0.0
8680.0 0.0
8685.0 0.0
8690.0 0.0
8695.0 0.0
8700.0 0.0
8705.0 0.0
8710.0 0.0
8715.0 0.0
8720.0 0.0
8725.0 0.0
8730.0 0.0
8735.0 0.0
8740.0 0.0
8745.0 0.0
8750.0 0.0
8755.0 0.0
8760.0 0.0
8765.0 0.0
8770.0 0.0
8775.0 0.0
8780.0 0.0
8785.0 0.0
8790.0 0.0
8795.0 0.0
8800.0 0.0
8805.0 0.0
8810.0 0.0
8815.0 0.0
8820.0 0.0
8825.0 0.0
8830.0 0.0
8835.0 0.0
8840.0 0.0
8845.0 0.0
8850.0 0.0
8855.0 0.0
8860.0 0.0
8865.0 0.0
8870.0 0.0
8875.0 0.0
8880.0 0.0
8885.0 0.0
8890.0 0.0
8895.0 0.0
8900.0 0.0
8905.0 0.0
8910.0 0.0
8915.0 0.0
8920.0 0.0
8925.0 0.0
8930.0 0.0
8935.0 0.0
8940.0 0.0
8945.0 0.0
8950.0 0.0
8955.0 0.0
8960.0 0.0
8965.0 0.0
8970.0 0.0
8975.0 0.0
8980.0 0.0
8985.0 0.0
8990.0 0.0
8995.0 0.0
9000.0 0.0
9005.0 0.0
9010.0 0.0
9015.0 0.0
9020.0 0.0
9025.0 0.0
9030.0 0.0
9035.0 0.0
9040.0 0.0
9045.0 0.0
9050.0 0.0
9055.0 0.0
9060.0 0.0
9065.0 0.0
9070.0 0.0
9075.0 0.0
9080.0 0.0
9085.0 0.0
9090.0 0.0
9095.0 0.0
9100.0 0.0
9105.0 0.0
9110.0 0.0
9115.0 0.0
9120.0 0.0
9125.0 0.0
9130.0 0.0
9135.0 0.0
9140.0 0.0
9145.0 0.0
9150.0 0.0
9155.0 0.0
9160.0 0.0
9165.0 0.0
9170.0 0.0
9175.0 0.0
9180.0 0.0
9185.0 0.0
9190.0 0.0
9195.0 0.0
9200.0 0.0
9205.0 0.0
9210.0 0.0
9215.0 0.0
9220.0 0.0
9225.0 0.0
9230.0 0.0
9235.0 0.0
9240.0 0.0
9245.0 0.0
9250.0 0.0
9255.0 0.0
9260.0 0.0
9265.0 0.0
9270.0 0.0
9275.0 0.0
9280.0 0.0
9285.0 0.0
9290.0 0.0
9295.0 0.0
9300.0 0.0
9305.0 0.0
9310.0 0.0
9315.0 0.0
9320.0 0.0
9325.0 0.0
9330.0 0.0
9335.0 0.0
9340.0 0.0
9345.0 0.0
9350.0 0.0
9355.0 0.0
9360.0 0.0
9365.0 0.0
9370.0 0.0
9375.0 0.0
9380.0 0.0
9385.0 0.0
9390.0 0.0
9395.0 0.0
9400.0 0.0
9405.0 0.0
9410.0 0.0
9415.0 0.0
9420.0 0.0
9425.0 0.0
9430.0 0.0
9435.0 0.0
9440.0 0.0
9445.0 0.0
9450.0 0.0
9455.0 0.0
9460.0 0.0
9465.0 0.0
9470.0 0.0
9475.0 0.0
9480.0 0.0
9485.0 0.0
9490.0 0.0
9495.0 0.0
9500.0 0.0
9505.0 0.0
9510.0 0.0
9515.0 0.0
9520.0 0.0
9525.0 0.0
9530.0 0.0
9535.0 0.0
9540.0 0.0
9545.0 0.0
9550.0 0.0
9555.0 0.0
9560.0 0.0
9565.0 0.0
9570.0 0.0
9575.0 0.0
9580.0 0.0
9585.0 0.0
9590.0 0.0
9595.0 0.0
9600.0 0.0
9605.0 0.0
9610.0 0.0
9615.0 0.0
9620.0 0.0
9625.0 0.0
9630.0 0.0
9635.0 0.0
9640.0 0.0
9645.0 0.0
9650.0 0.0
9655.0 0.0
9660.0 0.0
9665.0 0.0
9670.0 0.0
9675.0 0.0
9680.0 0.0
9685.0 0.0
9690.0 0.0
9695.0 0.0
9700.0 0.0
9705.0 0.0
9710.0 0.0
9715.0 0.0
9720.0 0.0
9725.0 0.0
9730.0 0.0
9735.0 0.0
9740.0 0.0
9745.0 0.0
9750.0 0.0
9755.0 0.0
9760.0 0.0
9765.0 0.0
9770.0 0.0
9775.0 0.0
9780.0 0.0
9785.0 0.0
9790.0 0.0
9795.0 0.0
9800.0 0.0
9805.0 0.0
9810.0 0.0
9815.0 0.0
9820.0 0.0
9825.0 0.0
9830.0 0.0
9835.0 0.0
9840.0 0.0
9845.0 0.0
9850.0 0.0
9855.0 0.0
9860.0 0.0
9865.0 0.0
9870.0 0.0
9875.0 0.0
9880.0 0.0
9885.0 0.0
9890.0 0.0
9895.0 0.0
9900.0 0.0
9905.0 0.0
9910.0 0.0
9915.0 0.0
9920.0 0.0
9925.0 0.0
9930.0 0.0
9935.0 0.0
9940.0 0.0
9945.0 0.0
9950.0 0.0
9955.0 0.0
9960.0 0.0
9965.0 0.0
9970.0 0.0
9975.0 0.0
9980.0 0.0
9985.0 0.0
9990.0 0.0
9995.0 0.0
10045.0 0.0
10095.1428571 0.0
10145.2857143 0.0
10195.4285714 0.0
10245.5714286 0.0
10295.7142857 0.0
10345.8571429 0.0
10396.0 0.0
