0.0 1883.01102
0.0 1887.64923
41.083599 1892.28699
36.104843 1896.92459
-35.905201 1901.56158
-11.074894 1906.19812
18.724976 1910.83435
88.165573 1915.47043
31.138431 1920.1059
130.407452 1924.74091
1.339047 1929.37561
-11.07724 1934.01001
-11.060505 1938.6441
46.008671 1943.27759
26.125854 1947.91077
53.452524 1952.54349
18.706029 1957.17575
103.063217 1961.80786
-53.255692 1966.43951
16.230011 1971.07071
43.506128 1975.70145
11.254559 1980.33203
-3.624254 1984.96216
85.697308 1989.59167
13.745637 1994.22089
-23.484821 1998.84979
13.742179 2003.47855
-18.493645 2008.10654
-33.38778 2012.73422
140.329979 2017.3616
-3.624101 2021.98853
-65.651028 2026.61514
83.284679 2031.2413
-63.173867 2035.867
53.466026 2040.4924
60.9372 2045.11734
13.756664 2049.74197
-63.256763 2054.36615
-35.876353 2058.99002
-13.561535 2063.61343
-58.263016 2068.23654
-13.55981 2072.85919
1.339047 2077.48123
-35.927964 2082.10327
-16.043423 2086.72485
18.71877 2091.34583
-8.595585 2095.96649
63.440674 2100.5867
21.207271 2105.20676
-68.222946 2109.82635
120.612023 2114.44534
58.45268 2119.06403
70.834257 2123.6824
90.724623 2128.30048
-40.876146 2132.91779
18.73135 2137.53494
-23.489786 2142.15179
105.604313 2146.76819
-60.719394 2151.38412
145.232914 2155.9996
31.130392 2160.61493
53.502264 2165.22949
11.266461 2169.84406
73.361097 2174.45801
63.405713 2179.07166
36.097204 2183.68484
-58.248212 2188.29773
-28.437718 2192.91031
-40.85887 2197.52228
-117.830983 2202.13379
31.118723 2206.745
-18.514495 2211.35574
75.807884 2215.96634
-30.949672 2220.57648
43.587135 2225.186
-6.105739 2229.79553
118.049397 2234.4043
125.506954 2239.01276
-55.761821 2243.62076
45.981702 2248.22845
103.167621 2252.83569
43.568546 2257.44278
-18.527141 2262.0491
41.034926 2266.65512
88.280986 2271.26114
48.54274 2275.86639
36.06536 2280.47119
-60.745081 2285.07568
78.331503 2289.67972
127.993069 2294.28345
43.562987 2298.88687
-8.586878 2303.48984
8.785341 2308.09219
-16.028421 2312.6944
31.126586 2317.29614
23.679235 2321.89758
197.462112 2326.49841
65.804253 2331.09894
63.365702 2335.69901
6.307171 2340.29892
53.49331 2344.89822
85.715435 2349.49707
31.134476 2354.09561
-43.377121 2358.69385
98.129913 2363.29163
-23.484821 2367.88895
-11.071622 2372.48581
-33.429846 2377.08237
28.655765 2381.67847
-152.589222 2386.27441
-1.143894 2390.8696
75.881916 2395.46463
-40.876146 2400.0592
11.269177 2404.65332
23.693268 2409.24698
-3.628701 2413.84033
-16.039892 2418.43338
70.906341 2423.02597
-25.94601 2427.6181
-8.592535 2432.20993
8.787332 2436.80115
1.339047 2441.39221
-13.567176 2445.98282
-78.117281 2450.57297
-35.874848 2455.16266
65.870352 2459.75189
73.31165 2464.34082
16.224695 2468.92944
73.355005 2473.51761
-11.080536 2478.10516
140.430937 2482.69272
23.670273 2487.27951
75.760132 2491.866
33.62228 2496.45218
-3.624405 2501.0379
55.980274 2505.62317
70.873175 2510.20813
65.895379 2514.79279
18.71877 2519.37668
-1.142832 2523.96057
-25.985283 2528.54385
-1.144181 2533.12683
-50.768627 2537.7092
-8.585796 2542.29126
-93.019519 2546.87302
-1.144768 2551.45432
28.642445 2556.035
68.365343 2560.61584
-30.947048 2565.19592
68.440808 2569.7757
-30.932505 2574.35455
18.723388 2578.93372
-1.143791 2583.51196
6.302111 2588.0899
21.214481 2592.66754
83.327034 2597.24487
36.104843 2601.8219
-16.037861 2606.39832
8.788447 2610.97443
33.611044 2615.54993
-40.86577 2620.12512
36.069884 2624.69971
-20.989593 2629.27429
-28.418575 2633.84827
70.840229 2638.42194
28.65226 2642.9953
105.730191 2647.56805
118.034399 2652.1405
93.20957 2656.71234
21.202778 2661.28387
73.317823 2665.8551
58.41815 2670.42572
-75.66472 2674.99573
68.302123 2679.56604
21.197405 2684.13574
125.506954 2688.70483
-68.113634 2693.27362
43.511587 2697.8418
98.212965 2702.40936
16.236313 2706.97693
90.674911 2711.54419
150.35333 2716.11053
-33.411603 2720.67688
33.635281 2725.24292
23.675244 2729.80835
112.973591 2734.37347
-63.211119 2738.93799
48.526233 2743.5025
31.123962 2748.0661
-13.543848 2752.62939
48.485279 2757.19238
-48.318967 2761.75507
26.179664 2766.31714
41.055771 2770.87891
-13.560958 2775.44067
26.168694 2780.00122
58.45268 2784.56177
-16.037318 2789.12201
117.989448 2793.68164
11.261733 2798.24097
6.301183 2802.79968
-80.63986 2807.3584
70.891239 2811.9162
11.271559 2816.474
18.713894 2821.03149
88.228603 2825.58838
165.191937 2830.14465
16.236313 2834.70062
28.670395 2839.25629
135.440283 2843.81134
-38.392141 2848.36639
-58.270437 2852.92053
-100.445549 2857.47467
-11.057293 2862.0282
21.200088 2866.58142
48.477148 2871.13434
-92.964581 2875.68634
18.725773 2880.23804
3.824048 2884.78973
73.370576 2889.34113
6.307976 2893.8913
-21.000174 2898.44208
75.814145 2902.99164
137.967648 2907.54089
-26.008805 2912.08984
-13.555224 2916.63879
41.067916 2921.18683
-23.471986 2925.73456
-53.278132 2930.28198
108.227173 2934.82849
38.574254 2939.37561
23.678237 2943.92151
21.196512 2948.46741
21.204574 2953.01239
100.613762 2957.55737
78.242541 2962.10175
11.266801 2966.64581
-1.143169 2971.18958
-16.050243 2975.73242
-16.053666 2980.27557
8.79129 2984.81812
-48.306722 2989.35974
38.582403 2993.90137
21.219006 2998.44238
98.208795 3002.9834
1.339466 3007.5235
21.19027 3012.0636
103.145745 3016.60278
78.341492 3021.14197
1.339786 3025.68054
60.914152 3030.21881
16.24168 3034.75677
-50.773026 3039.29413
78.374916 3043.83118
23.676241 3048.36761
-30.927424 3052.90375
1.33924 3057.43958
-18.532646 3061.9751
48.503648 3066.5097
-6.108961 3071.04431
-48.266212 3075.578
21.175217 3080.11169
-53.291525 3084.64508
-18.526221 3089.17755
-18.530151 3093.71063
28.671612 3098.24219
11.269177 3102.77374
43.598213 3107.30499
-13.552938 3111.83563
98.146443 3116.36597
43.524357 3120.89569
-35.854046 3125.42511
70.81653 3129.95422
16.236313 3134.48273
83.284679 3139.01093
-35.900648 3143.53882
48.536407 3148.0658
-6.106644 3152.59308
70.843214 3157.11975
-8.597279 3161.64581
113.011364 3166.17126
-58.28519 3170.69672
-18.540566 3175.22156
50.987107 3179.74579
38.559644 3184.27002
21.194724 3188.79333
21.185825 3193.31665
11.268227 3197.83936
-73.132728 3202.36176
-50.790128 3206.88354
-40.891922 3211.40503
65.903754 3215.92651
63.403038 3220.44647
38.58077 3224.96704
-3.626085 3229.48639
-11.069294 3234.00604
28.659412 3238.52509
-16.046146 3243.04352
130.517986 3247.56165
-55.806839 3252.07916
-33.405841 3256.59668
68.382689 3261.11328
43.542693 3265.62988
3.824048 3270.14557
6.302377 3274.66156
100.643461 3279.17664
-11.068363 3283.6911
65.862038 3288.20557
113.011364 3292.71942
65.91774 3297.23297
18.720215 3301.74561
53.479574 3306.25854
23.676241 3310.77026
95.613922 3315.28229
23.665313 3319.7937
70.825318 3324.3045
73.271703 3328.815
83.263541 3333.32489
83.284679 3337.83478
63.424505 3342.34406
13.744348 3346.85303
3.825027 3351.36078
8.787937 3355.86914
28.642445 3360.37659
-43.340234 3364.88342
6.29737 3369.39026
-63.171219 3373.89648
11.26775 3378.4024
16.236313 3382.90771
38.564372 3387.41272
58.435383 3391.91681
-6.111157 3396.4212
55.980274 3400.92468
23.674114 3405.42816
-30.94442 3409.93103
16.243885 3414.43329
-43.384392 3418.93555
36.081992 3423.43689
18.712315 3427.93793
-18.521653 3432.43866
88.26972 3436.93878
-6.10793 3441.4389
177.392983 3445.93842
38.561264 3450.43732
90.686348 3454.93591
-6.113761 3459.43359
75.833382 3463.93158
103.145745 3468.42896
-83.023922 3472.92542
1.338485 3477.42218
95.678427 3481.91803
50.95484 3486.41357
-13.558659 3490.90881
142.75491 3495.40314
123.073259 3499.89777
13.756664 3504.39148
-45.838919 3508.88489
33.616725 3513.37799
13.757244 3517.87048
-48.290463 3522.36267
41.060968 3526.85425
41.04009 3531.34552
18.71877 3535.83649
-21.011722 3540.32684
132.897865 3544.81659
-8.588908 3549.30634
50.999903 3553.79517
23.68223 3558.2843
68.414641 3562.77222
-23.457298 3567.26013
41.057366 3571.74774
38.605343 3576.23444
41.060968 3580.72113
80.789481 3585.20721
55.918924 3589.69299
36.071394 3594.17786
120.463959 3598.66302
8.787567 3603.14697
6.303836 3607.63123
108.125755 3612.11456
80.782647 3616.5976
48.511842 3621.08032
70.849192 3625.56244
31.14769 3630.04456
13.747946 3634.52576
38.579138 3639.00696
145.312424 3643.48663
31.11219 3647.96722
100.643461 3652.4469
75.814145 3656.92596
31.121207 3661.40472
-8.592171 3665.88287
31.138431 3670.36102
73.382934 3674.83826
23.664186 3679.31549
-1.14341 3683.79181
-20.993109 3688.26843
95.558091 3692.74384
-70.6488 3697.21924
13.754196 3701.69403
-25.968764 3706.16821
28.624418 3710.6427
11.26775 3715.11566
18.729893 3719.58923
31.121207 3724.06158
88.184048 3728.53424
-18.510744 3733.00568
36.074417 3737.47711
60.916587 3741.94794
26.173128 3746.41846
63.424505 3750.88898
18.728962 3755.35828
26.177571 3759.82758
8.782387 3764.29596
-3.628242 3768.76465
-28.459179 3773.23242
23.695144 3777.69989
70.795763 3782.16675
113.164787 3786.6333
73.330052 3791.09985
-3.627162 3795.56519
210.039932 3800.03052
16.225921 3804.49524
-6.107157 3808.95996
65.914803 3813.42377
41.041948 3817.88727
-63.158129 3822.35046
113.049446 3826.81274
-3.626545 3831.27533
155.163414 3835.73669
157.581795 3840.19836
43.55915 3844.65912
18.711528 3849.11957
65.884242 3853.57971
65.848082 3858.03925
105.537724 3862.49847
60.870691 3866.95679
83.21451 3871.41541
53.445788 3875.87311
16.219946 3880.33051
-1.14288 3884.78729
3.818889 3889.24408
78.265511 3893.69995
16.219271 3898.15552
100.588536 3902.61078
26.15312 3907.06543
122.835149 3911.52008
100.613762 3915.97351
122.855608 3920.42725
83.183199 3924.87976
160.065254 3929.33289
155.208885 3933.78479
41.009384 3938.23639
103.063217 3942.68768
58.376592 3947.13837
216.933037 3951.58905
169.865771 3956.03851
155.130821 3960.48798
154.925255 3964.93683
288.78217 3969.38568
189.583656 3973.83392
217.004814 3978.28156
152.564579 3982.72888
192.167423 3987.1756
231.773277 3991.62201
263.871612 3996.06781
369.694115 4000.51361
345.318529 4004.95819
320.492841 4009.40308
387.539955 4013.84705
310.596153 4018.29102
426.345589 4022.73438
540.257725 4027.17682
599.523159 4031.61926
564.823494 4036.0611
608.711551 4040.50293
576.576805 4044.94385
788.285602 4049.38446
768.277998 4053.82477
852.738602 4058.26447
1004.732994 4062.70386
916.027816 4067.14233
1019.098153 4071.58081
1002.971327 4076.01868
1130.648448 4080.45624
1171.201492 4084.89319
1485.136559 4089.33014
1446.651544 4093.76617
1603.046425 4098.2019
1702.068784 4102.63702
1772.028983 4107.07184
1861.183672 4111.50635
1914.201586 4115.94025
2058.626531 4120.37384
2317.579174 4124.80682
2414.117637 4129.23981
2602.585998 4133.67126
2810.838104 4138.10333
2996.326641 4142.53479
3018.978332 4146.96533
3233.359793 4151.39587
3538.852012 4155.82581
3607.313927 4160.25543
3747.34284 4164.68414
4106.050133 4169.11285
4257.306944 4173.54065
4734.217434 4177.96875
4983.551084 4182.39594
5243.044828 4186.82281
5487.010149 4191.24908
5886.715213 4195.67505
6264.508695 4200.10071
6380.992002 4204.52545
6581.604393 4208.9502
7357.496597 4213.37372
7634.756981 4217.79785
8026.129055 4222.22107
8317.714577 4226.64368
9031.451538 4231.06628
9009.614434 4235.48798
9542.850891 4239.90967
9820.106831 4244.33044
10300.396685 4248.75092
10866.204496 4253.17078
11533.059399 4257.59064
12013.411422 4262.00989
12204.336317 4266.42853
12842.374815 4270.84686
13410.274636 4275.26459
13737.698627 4279.68201
14407.087013 4284.09912
15070.614811 4288.51563
15206.003517 4292.93121
15969.288503 4297.34711
16100.883003 4301.76239
16594.311466 4306.17706
17471.634224 4310.59113
18031.933693 4315.00488
18424.682351 4319.41833
19416.550972 4323.83087
19654.189774 4328.24341
20861.158791 4332.65533
21081.352913 4337.06726
21825.151903 4341.47827
22549.459272 4345.88867
23069.852066 4350.29877
23839.952566 4354.70825
24473.813305 4359.11804
25320.589285 4363.52661
25480.08683 4367.93518
26164.38458 4372.34283
27273.550341 4376.75049
27695.758095 4381.15723
28182.225762 4385.56396
29152.0397 4389.9704
29402.376442 4394.37561
30890.953407 4398.78113
31058.872539 4403.18573
31422.590708 4407.59033
32394.087136 4411.99341
32335.035157 4416.39709
33224.723191 4420.79956
33983.697514 4425.20264
34750.899636 4429.6051
35263.938894 4434.00604
35217.765913 4438.40759
36463.019993 4442.80762
37195.002793 4447.20825
37555.383274 4451.60767
38042.606361 4456.00739
38643.218327 4460.40558
37914.96536 4464.80438
39228.342384 4469.20258
39148.678289 4473.59955
40773.637558 4477.99713
39799.262638 4482.39319
40762.874084 4486.78955
41787.786518 4491.185
41508.860737 4495.58014
42005.414927 4499.97498
42230.021752 4504.36951
42707.795792 4508.76343
43011.225647 4513.15674
42676.696373 4517.54974
43504.060814 4521.94183
43656.087091 4526.33392
43780.137108 4530.7251
43844.020684 4535.11688
43656.19757 4539.50684
43723.238571 4543.8974
43844.119445 4548.28735
43989.353517 4552.67639
43221.014226 4557.06543
43713.201476 4561.45325
43323.465481 4565.84137
43027.750919 4570.22858
43024.674172 4574.61578
42869.245201 4579.00208
42102.091289 4583.38867
42035.150894 4587.77405
41568.809399 4592.15912
41867.867475 4596.54388
41264.274357 4600.92773
40814.016497 4605.31189
40368.614434 4609.69513
39913.159971 4614.07806
40440.15664 4618.46008
39158.149292 4622.84241
38548.43779 4627.22351
37957.301064 4631.60461
38306.904488 4635.98541
38149.813419 4640.3653
37161.613716 4644.74518
37530.457951 4649.12384
36629.251648 4653.50281
35919.980046 4657.88086
35394.793114 4662.25891
35399.181133 4666.63605
34993.707924 4671.01318
33893.689454 4675.39001
34354.677152 4679.76563
33477.632049 4684.14124
32888.490789 4688.51593
32916.837299 4692.89063
32553.303539 4697.2644
31663.319721 4701.63849
31721.458986 4706.01135
31520.416405 4710.38422
30758.203126 4714.75677
30552.88446 4719.12811
30702.316994 4723.50006
30283.228905 4727.87048
29323.072586 4732.24121
28814.057102 4736.61072
28641.699203 4740.98053
28401.333799 4745.34943
28171.363585 4749.71802
28416.5497 4754.0863
27518.090904 4758.45367
27546.721568 4762.82104
27405.551674 4767.1875
27359.944641 4771.55426
26904.918175 4775.91949
26544.320457 4780.28503
26606.070867 4784.64966
25816.102402 4789.01428
26070.907676 4793.3786
25855.637612 4797.7417
25046.901028 4802.1051
25408.542377 4806.46698
24821.578628 4810.82947
24866.972847 4815.19073
24109.482634 4819.552
24053.716566 4823.91266
23960.478798 4828.27301
23639.80756 4832.63306
23548.569081 4836.99188
23377.481622 4841.35101
22883.048156 4845.70923
23042.985281 4850.06744
22406.38691 4854.42413
22413.407403 4858.78174
22341.784264 4863.13782
22110.249694 4867.4939
21815.813946 4871.84998
21575.20009 4876.20453
21302.506752 4880.55939
21026.849579 4884.91333
21089.707951 4889.26727
20670.544363 4893.6203
20602.205633 4897.97302
20573.426842 4902.32513
20502.614811 4906.67755
20611.688537 4911.02905
20511.666283 4915.37964
20111.428795 4919.73022
20113.193627 4924.0799
20656.090763 4928.42957
20428.002872 4932.77832
20135.0562 4937.12738
20133.610737 4941.47491
20256.826606 4945.82275
19868.633013 4950.17029
20249.794395 4954.5166
20144.260826 4958.86292
20002.849897 4963.20831
20345.832314 4967.55402
20184.093519 4971.8985
20350.776785 4976.24298
20435.182278 4980.58655
20485.534574 4984.93042
20725.455269 4989.27368
20630.264133 4993.61572
20863.350197 4997.95807
20594.605773 5002.29919
21065.46795 5006.64063
21147.45595 5010.98083
21535.34597 5015.32104
21645.532311 5019.66064
21388.359642 5023.99994
21817.226331 5028.33893
21574.911669 5032.677
21876.323627 5037.01477
21986.033404 5041.35193
22428.254341 5045.68909
22528.312059 5050.02502
22546.472857 5054.36127
22838.984836 5058.69629
22848.946466 5063.03162
23298.65049 5067.36603
23769.375191 5071.69983
23727.238716 5076.03363
24224.553757 5080.36621
23954.997002 5084.6994
24376.785691 5089.03107
24405.079519 5093.36304
24907.288029 5097.69379
25083.849002 5102.02484
24767.289617 5106.35529
25965.30418 5110.68481
25746.996483 5115.01434
26124.936893 5119.34265
26645.217003 5123.67126
26313.055367 5127.99927
25953.27755 5132.32605
26447.85653 5136.65344
27178.545123 5140.97961
27082.511278 5145.30579
27387.6443 5149.63135
27560.940262 5153.95691
27897.278874 5158.28064
28171.809792 5162.60498
28490.316221 5166.92871
28424.094555 5171.25183
28629.90654 5175.57373
28789.126037 5179.89624
29133.718242 5184.21753
29295.079727 5188.53943
29322.797066 5192.86072
29479.624245 5197.18018
29478.175199 5201.50024
29961.006294 5205.81909
29724.037747 5210.13855
30320.879813 5214.45679
30001.398252 5218.77502
30374.983293 5223.09204
30157.376722 5227.40906
30264.038877 5231.72546
30647.196758 5236.04187
30741.136994 5240.35767
30933.567246 5244.67224
30645.400535 5248.98682
31119.865614 5253.30078
31063.641662 5257.61475
31236.065346 5261.92749
31235.985436 5266.24023
31263.560039 5270.55237
31355.54929 5274.86389
31488.389477 5279.17542
32091.682547 5283.48572
31687.782612 5287.79663
31535.467434 5292.10571
31621.840649 5296.41541
31783.818128 5300.72388
31898.627235 5305.03235
31905.040261 5309.34082
31899.147072 5313.64746
32005.497154 5317.95532
31419.851418 5322.26135
32049.295189 5326.56738
31843.158493 5330.8728
32061.712875 5335.17822
31772.863836 5339.48242
31693.12006 5343.78662
31866.868107 5348.09082
31679.30055 5352.39319
32166.022194 5356.69617
32124.36018 5360.99792
32188.427719 5365.29968
32386.518972 5369.60083
32293.028236 5373.90137
32124.36018 5378.2019
32070.893972 5382.50183
32059.893383 5386.80115
32333.21843 5391.09985
31915.009534 5395.39795
32011.490738 5399.69543
32445.358506 5403.99292
32014.802935 5408.28979
32476.586144 5412.58606
32162.55756 5416.88171
31886.329571 5421.17737
31634.925972 5425.47302
32146.321205 5429.76685
31966.633732 5434.06128
31751.86747 5438.35388
32085.322782 5442.64771
31403.672429 5446.9397
32173.26643 5451.2323
32027.363585 5455.52307
31633.480736 5459.81506
31963.35862 5464.10583
32009.995033 5468.39539
31590.81342 5472.68555
31705.12161 5476.97449
31905.158593 5481.26282
31555.861707 5485.55054
31511.260227 5489.83887
31779.317817 5494.12598
31222.801653 5498.41309
31622.326384 5502.69958
31402.823913 5506.98486
31473.044891 5511.27075
31730.667461 5515.55481
31176.948071 5519.83948
31598.386925 5524.12292
30800.138081 5528.40698
30937.676298 5532.6886
31062.910836 5536.97205
31414.468565 5541.25366
30627.32893 5545.53467
30950.420841 5549.81628
31372.306625 5554.09607
31301.233314 5558.37646
31190.460022 5562.65564
31443.198637 5566.93481
31712.737221 5571.21338
31344.685936 5575.49133
31429.168273 5579.76929
31421.244125 5584.04602
31455.859679 5588.32275
31449.703997 5592.59888
31530.760685 5596.87439
31942.302704 5601.14929
31774.101845 5605.42419
31593.280922 5609.69788
31250.731106 5613.97156
31028.912392 5618.24524
31189.105751 5622.5177
31199.360412 5626.79016
30897.474999 5631.0614
30726.027723 5635.33264
30080.941696 5639.60327
30289.131779 5643.87329
30318.139709 5648.14331
30136.946373 5652.41272
30150.361916 5656.68213
29492.814915 5660.94971
29750.591766 5665.2179
29475.082938 5669.48425
29249.187484 5673.75183
28825.337136 5678.01819
28344.273015 5682.28394
28448.123048 5686.54846
28411.680552 5690.81421
28227.837705 5695.07874
27580.574653 5699.34265
27967.650205 5703.60596
27099.75808 5707.86865
27664.119408 5712.13074
27314.457924 5716.39282
27113.228977 5720.6543
26925.261883 5724.91516
26833.875206 5729.17603
26522.528497 5733.43567
26115.967689 5737.69531
26514.591206 5741.95435
26077.955539 5746.21277
25930.274357 5750.47119
25730.415508 5754.72839
25407.254677 5758.9856
25357.293251 5763.24158
25319.881149 5767.49817
25262.500201 5771.75293
24799.246361 5776.0083
24785.132797 5780.26306
24427.409649 5784.51721
24544.772404 5788.77136
24073.870486 5793.02429
24184.037831 5797.27661
23987.260227 5801.52832
24182.291821 5805.78064
23586.178933 5810.03113
23378.934181 5814.28223
23519.694786 5818.53271
23106.524591 5822.78198
23134.06856 5827.03125
23016.613548 5831.2793
23012.615738 5835.52795
22665.914597 5839.77539
22767.092636 5844.02283
22699.7897 5848.26965
23039.313781 5852.51587
22612.271156 5856.76208
21887.207232 5861.00647
22226.567559 5865.25208
21732.467716 5869.49524
21876.427208 5873.73962
21762.9151 5877.98218
21452.218168 5882.22534
21604.940133 5886.46729
21045.4123 5890.70984
20760.365822 5894.95117
21063.82058 5899.19128
20540.297513 5903.43201
20781.551243 5907.67151
20434.721007 5911.91101
20366.84528 5916.1499
20066.758329 5920.38818
20385.244423 5924.62524
20078.438372 5928.86292
19607.98134 5933.10059
19636.394993 5937.33582
19419.868059 5941.57227
19449.952702 5945.8075
19449.064268 5950.04272
19258.377052 5954.27673
19233.331524 5958.51074
18993.701633 5962.74353
18882.599083 5966.97632
18690.808578 5971.20911
18658.642137 5975.44067
18424.515831 5979.67224
18289.873329 5983.9032
18362.467009 5988.13354
17947.461372 5992.36328
18130.492577 5996.59241
18059.048813 6000.82153
17765.61261 6005.05005
17404.155495 6009.27795
17586.329406 6013.50525
17342.115914 6017.73254
17025.7372 6021.95862
16967.261488 6026.18408
16817.418861 6030.40955
16649.69368 6034.6344
16955.668606 6038.85925
16739.856814 6043.0835
16453.339692 6047.30652
16349.087807 6051.52893
16036.636246 6055.75195
16222.685032 6059.97375
16133.887756 6064.19495
15679.642051 6068.41553
15823.465111 6072.63672
15942.993582 6076.85608
15692.061184 6081.07605
15442.987674 6085.2948
15502.39572 6089.51294
15242.923172 6093.73108
15281.222149 6097.948
15228.713444 6102.16553
15104.708562 6106.38123
15195.78278 6110.59753
15391.0839 6114.81262
14661.551586 6119.02832
14869.060769 6123.24219
14802.72596 6127.45605
14676.946118 6131.66931
14454.368533 6135.88196
14580.522404 6140.0946
14381.147922 6144.30664
14269.470096 6148.51807
14361.977957 6152.72827
13770.552063 6156.93909
13936.486649 6161.14929
13762.254494 6165.35889
13723.078186 6169.56787
13503.632286 6173.77563
13535.373481 6177.9834
13254.690258 6182.19055
13254.690258 6186.39832
12962.856377 6190.60364
12932.538475 6194.81018
12705.029066 6199.01611
12622.969495 6203.22083
12702.531685 6207.42493
12184.614464 6211.62842
12207.902138 6215.83191
12066.475808 6220.03418
11935.055594 6224.23706
11684.225787 6228.43872
11727.343811 6232.64038
11524.82736 6236.84143
11127.301064 6241.04126
11259.766305 6245.2417
10892.445244 6249.44031
10896.847059 6253.64014
10531.88106 6257.83752
10562.135053 6262.03552
10346.928589 6266.2323
10121.646629 6270.42969
10139.615944 6274.62585
10030.453519 6278.82141
10001.950485 6283.01697
9822.589659 6287.2113
9762.809055 6291.40625
9456.253891 6295.59998
9515.674721 6299.79309
9361.255268 6303.9856
9250.618107 6308.1781
9027.97882 6312.37
9151.952091 6316.56067
9011.388954 6320.75195
8823.867002 6324.94202
8707.490318 6329.13208
8576.732689 6333.32092
8600.333872 6337.50977
8494.483215 6341.69739
8432.297714 6345.88562
8330.586205 6350.07263
7993.783868 6354.25964
8003.319872 6358.44543
7783.677437 6362.63123
7746.255252 6366.81641
7875.504784 6371.00037
7855.406179 6375.18494
7539.342346 6379.36829
7482.104942 6383.55164
7271.924149 6387.73438
7396.75071 6391.9165
7303.809231 6396.09863
7179.639825 6400.27893
7131.001549 6404.45984
7111.726356 6408.63953
6986.600633 6412.81921
6844.516563 6416.99829
6778.666807 6421.17676
6704.776182 6425.35461
6558.228615 6429.53247
6619.285948 6433.70972
6717.143471 6437.88635
6513.539446 6442.06177
6317.46299 6446.23718
6491.282593 6450.4126
6380.853001 6454.58618
6198.714241 6458.76099
5972.500462 6462.93396
5914.572197 6467.10693
5911.691336 6471.27991
5886.715213 6475.45166
5804.877329 6479.62341
5822.257591 6483.79333
5643.020555 6487.96448
5560.194988 6492.13379
5555.430122 6496.3031
5487.226524 6500.4718
5439.062388 6504.63989
5541.769926 6508.80859
5357.653217 6512.97546
5262.891906 6517.14233
5131.482975 6521.30859
5178.681945 6525.47485
5046.788877 6529.63928
5139.36473 6533.80432
5019.312515 6537.96814
5080.631548 6542.13196
4930.348366 6546.29578
4878.220769 6550.45837
4795.427664 6554.62036
4897.663368 6558.78174
4553.499413 6562.94312
4558.582416 6567.10327
4697.26461 6571.26404
4494.543919 6575.42358
4461.611759 6579.58252
4307.190983 6583.74084
4441.84745 6587.89917
4316.83476 6592.05688
4315.58284 6596.21338
4201.072331 6600.37048
4182.072582 6604.52637
4150.779673 6608.68164
4021.615788 6612.83691
4064.387429 6616.99158
3935.467751 6621.14502
3935.797984 6625.29846
3916.159611 6629.45129
3856.227605 6633.60413
3760.090589 6637.75635
3873.679837 6641.90674
3588.001356 6646.05835
3700.974539 6650.20813
3628.33966 6654.35791
3606.689537 6658.50769
3638.393837 6662.65625
3467.272896 6666.8042
3417.419096 6670.95215
3427.284256 6675.09949
3413.999459 6679.24622
3413.616167 6683.39233
3365.693096 6687.53784
3132.544899 6691.68335
3128.841938 6695.82825
3173.419446 6699.97192
3136.004612 6704.1156
3005.956831 6708.25867
2976.076988 6712.40173
2882.278033 6716.54358
2884.760023 6720.68481
2873.462055 6724.82605
2665.049002 6728.96667
2843.03373 6733.10669
2678.717101 6737.24609
2637.576173 6741.38489
2733.588911 6745.52307
2621.41176 6749.66064
2582.039589 6753.79822
2598.994413 6757.93579
2757.818794 6762.07153
2444.687641 6766.20789
2543.497093 6770.34241
2357.241402 6774.47754
2439.640799 6778.61206
2217.352211 6782.74597
2298.80825 6786.87866
2437.810856 6791.01135
2371.587104 6795.14404
2380.397987 6799.27551
2400.594154 6803.40698
2309.689187 6807.53723
2272.963569 6811.66748
2137.855686 6815.79712
2001.098436 6819.92615
2128.581947 6824.05457
2184.999131 6828.18298
2011.846367 6832.31018
2163.769997 6836.43738
2045.856789 6840.56335
1892.846863 6844.68994
1882.209867 6848.81531
1840.012266 6852.93945
2055.863865 6857.06482
1855.042091 6861.18774
1807.871141 6865.31128
1755.026676 6869.43481
1736.218529 6873.55713
1749.198255 6877.67883
1864.911808 6881.79932
1741.24752 6885.92041
1648.587046 6890.04089
1609.339647 6894.16016
1629.196421 6898.27881
1727.459725 6902.39868
1514.197767 6906.51611
1561.292246 6910.63354
1603.859833 6914.75098
1578.501534 6918.86719
1636.703194 6922.9834
1589.125313 6927.099
1454.519737 6931.2146
1343.440407 6935.32837
1483.93964 6939.44214
1459.219303 6943.55652
1372.121403 6947.66846
1392.660378 6951.78101
1362.591392 6955.89294
1317.468656 6960.00366
1258.64954 6964.11438
1296.336356 6968.2251
1365.936241 6972.33459
1312.940728 6976.44409
1223.631004 6980.55298
1251.900392 6984.66064
1306.266905 6988.76831
1208.373064 6992.87537
1188.74273 6996.98181
1215.457889 7001.08826
1134.975896 7005.19348
1140.923446 7009.2981
1117.651945 7013.40271
1154.785479 7017.50732
1001.554787 7021.61011
1003.617361 7025.7135
939.28696 7029.81567
993.199476 7033.91724
956.942095 7038.0188
993.311857 7042.11914
1136.775337 7046.21948
1020.918831 7050.31921
950.004891 7054.41895
1025.612051 7058.51746
922.487859 7062.61536
917.946228 7066.71265
1089.403019 7070.81055
849.036317 7074.90662
949.714346 7079.0033
871.470585 7083.09814
806.267357 7087.19299
896.715889 7091.28784
847.306679 7095.38147
881.912621 7099.4751
832.63456 7103.5675
947.886394 7107.66052
806.013802 7111.75171
862.108375 7115.8429
835.020775 7119.93347
877.663681 7124.02405
692.669689 7128.11401
660.502615 7132.20276
781.540596 7136.2915
906.973343 7140.37964
758.82473 7144.46777
613.385349 7148.55408
640.348595 7152.64099
669.803002 7156.72668
645.916767 7160.81177
692.39784 7164.89746
702.852401 7168.98132
667.896789 7173.06519
685.599766 7177.14844
648.759667 7181.23108
566.789747 7185.31372
576.98682 7189.39514
537.645743 7193.47595
626.754402 7197.55676
690.760315 7201.63696
638.975654 7205.71716
636.59272 7209.79614
520.541454 7213.87451
577.147534 7217.95227
601.339175 7222.02942
569.835 7226.10718
606.806435 7230.18311
520.645988 7234.25903
441.330605 7238.33374
527.632934 7242.40906
517.872297 7246.48376
404.517961 7250.55725
572.639679 7254.63013
503.486027 7258.703
448.917615 7262.77466
493.71025 7266.84631
473.590515 7270.91797
520.312823 7274.98779
533.626717 7279.05823
491.027733 7283.12805
510.918003 7287.19666
404.339246 7291.26526
335.310789 7295.33264
582.627296 7299.40063
409.448839 7303.4668
431.632707 7307.53357
399.474305 7311.59851
369.887147 7315.66406
421.961281 7319.729
395.088295 7323.79272
347.984337 7327.85645
399.715843 7331.91895
402.329277 7335.98206
419.529301 7340.04333
498.337919 7344.10522
350.339316 7348.16528
382.324663 7352.22656
318.322674 7356.28662
493.910515 7360.34546
471.526382 7364.4043
498.639053 7368.46252
248.87866 7372.52014
427.432602 7376.57715
343.613174 7380.63354
414.714672 7384.68933
372.883339 7388.74512
283.628256 7392.80029
509.095901 7396.85486
360.52018 7400.90881
296.100682 7404.96216
291.122709 7409.0155
343.18676 7413.06702
273.801323 7417.11914
390.311379 7421.17004
278.870117 7425.22095
464.073605 7429.27124
226.57642 7433.32031
333.236526 7437.37
293.425703 7441.41785
325.732311 7445.46631
303.625546 7449.51355
325.692402 7453.56079
266.299547 7457.6062
390.391678 7461.65283
323.528412 7465.69824
256.446615 7469.74243
276.092252 7473.78723
274.072769 7477.8302
194.521589 7481.87378
278.755436 7485.91614
298.57169 7489.9585
187.056862 7493.99963
206.986265 7498.04077
207.140514 7502.0813
251.679348 7506.12122
172.234436 7510.16052
308.632241 7514.19922
197.173016 7518.23792
226.817484 7522.27478
194.649832 7526.31226
145.118116 7530.34851
211.872165 7534.38477
164.902239 7538.42102
164.847878 7542.45544
175.048607 7546.48987
202.206631 7550.52368
249.371589 7554.5575
286.715561 7558.59009
164.915865 7562.62268
261.648339 7566.65405
145.064103 7570.68542
189.677419 7574.7168
229.366387 7578.74634
162.555473 7582.77588
177.452152 7586.8042
194.65774 7590.83374
122.860733 7594.86084
137.62693 7598.88916
36.057836 7602.91504
214.521355 7606.94214
167.425589 7610.96802
137.609923 7614.99268
266.62883 7619.01733
174.866051 7623.04199
145.239003 7627.06543
229.442615 7631.08826
214.592655 7635.11108
112.837502 7639.13208
41.064306 7643.15369
184.78965 7647.17529
110.58811 7651.19568
-25.943706 7655.21545
73.280895 7659.23462
162.481089 7663.25317
192.215141 7667.27112
165.018593 7671.28845
23.669279 7675.30518
132.842121 7679.32251
112.949852 7683.33862
-43.302238 7687.35413
110.384824 7691.36841
73.262529 7695.38269
112.954571 7699.39636
214.521355 7703.41003
63.389668 7707.42249
70.7838 7711.43433
88.158194 7715.44617
125.359142 7719.4574
117.881002 7723.46802
160.179291 7727.47803
80.691232 7731.48682
256.679199 7735.49622
83.224987 7739.50439
130.309082 7743.51196
204.699364 7747.51892
18.695099 7751.52588
100.487969 7755.53162
36.097204 7759.53735
135.337578 7763.54309
75.747332 7767.54639
140.24173 7771.5509
73.305485 7775.5542
93.100004 7779.5575
117.999527 7783.55896
132.830986 7787.56104
45.987462 7791.56189
167.537129 7795.56274
13.737019 7799.56299
-38.390514 7803.56201
90.640574 7807.56165
110.522869 7811.56006
-1.142443 7815.55786
75.804685 7819.55505
58.403572 7823.55225
31.129214 7827.54761
65.823432 7831.54358
197.545616 7835.53894
63.371018 7839.53369
157.720611 7843.52783
125.448597 7847.52075
28.654548 7851.51367
28.664284 7855.50598
50.957109 7859.49768
80.775826 7863.48877
55.949485 7867.47986
157.542454 7871.47034
103.067536 7875.45959
-3.620331 7879.44885
108.039097 7883.4375
3.818088 7887.42493
127.928009 7891.41235
-25.934132 7895.39917
-8.590493 7899.38538
36.092769 7903.37158
13.751426 7907.35718
18.68811 7911.34094
95.674253 7915.32532
-1.142544 7919.30847
63.333936 7923.29224
-33.418658 7927.27417
93.158477 7931.2561
33.57723 7935.23682
45.974035 7939.21753
100.563259 7943.19824
-63.25407 7947.17773
53.452524 7951.15723
127.906471 7955.1355
-35.891425 7959.11377
58.427987 7963.09082
6.297497 7967.06787
60.890953 7971.0437
43.504176 7975.01953
75.810946 7978.99536
16.250122 7982.96936
-18.518393 7986.94397
-33.422897 7990.91736
123.0523 7994.89014
48.489355 7998.8623
70.804518 8002.83447
83.302206 8006.80542
21.199194 8010.77637
68.353811 8014.7467
28.619638 8018.71643
41.069516 8022.68555
50.978375 8026.65405
78.298344 8030.62256
65.828928 8034.58923
36.103451 8038.55652
58.38891 8042.52258
3.820626 8046.48804
26.164133 8050.4541
-40.826455 8054.41833
58.403572 8058.38257
41.033342 8062.34619
95.625946 8066.30859
-16.034615 8070.271
125.469773 8074.23279
-18.516831 8078.19458
-13.546679 8082.15515
55.984901 8086.11572
23.676241 8090.07507
21.182279 8094.03381
-25.944925 8097.99194
-3.622889 8101.95068
8.788683 8105.90759
93.213378 8109.8645
-1.1434 8113.8208
53.439203 8117.77649
75.855912 8121.73157
98.051897 8125.68665
6.298416 8129.6405
78.338161 8133.59375
142.701359 8137.54639
41.045266 8141.49841
8.783862 8145.45105
-6.109219 8149.40186
55.944634 8153.35266
23.69817 8157.30347
83.207539 8161.25244
13.741032 8165.20203
21.178747 8169.14978
-83.09751 8173.09753
36.091107 8177.04468
11.265379 8180.99182
46.00287 8184.93774
-85.517788 8188.88367
-30.919621 8192.82898
120.438522 8196.77307
31.113495 8200.71716
13.767807 8204.66003
127.976659 8208.60291
93.205483 8212.54517
63.424505 8216.48743
55.918924 8220.42786
-33.432819 8224.3689
-95.376291 8228.30872
120.535053 8232.24792
46.018357 8236.18774
-16.038672 8240.12512
-80.540941 8244.06311
33.591261 8247.99988
31.122651 8251.93665
-3.625322 8255.8728
13.741603 8259.80835
93.158477 8263.74329
75.83673 8267.67761
36.130985 8271.61194
103.13702 8275.54443
55.980274 8279.47754
68.382689 8283.40942
-45.808006 8287.34131
125.401134 8291.27136
13.754912 8295.20264
26.17855 8299.13208
18.720215 8303.06152
58.415828 8306.99097
-50.777157 8310.91797
43.55915 8314.84619
105.599858 8318.77319
-48.286411 8322.7002
-117.692657 8326.62537
53.486502 8330.55054
48.513895 8334.4751
8.783259 8338.39966
85.704636 8342.32361
55.904897 8346.24634
36.083512 8350.16907
-18.514495 8354.09058
28.641239 8358.01208
43.533378 8361.93298
83.152059 8365.85327
13.75375 8369.77295
68.356693 8373.69202
65.914803 8377.61047
80.799732 8381.52832
-25.983207 8385.44617
53.459269 8389.36218
16.245965 8393.27942
16.24168 8397.19421
-3.629792 8401.11023
28.64728 8405.0238
98.150585 8408.9386
53.45702 8412.85217
3.824535 8416.76453
-3.626238 8420.67749
-65.784981 8424.58862
98.212965 8428.49976
-28.450754 8432.41028
93.174015 8436.32019
31.143715 8440.22949
38.559644 8444.13879
43.509631 8448.04749
41.048853 8451.95496
130.407452 8455.86182
-28.47979 8459.76807
-43.349383 8463.67432
-105.432915 8467.57996
1.339218 8471.48499
8.775055 8475.38879
73.324001 8479.2926
75.782364 8483.19641
11.26775 8487.09839
-48.333305 8491.00098
-105.441848 8494.90234
-33.417242 8498.8031
-1.143791 8502.70325
1.340034 8506.60339
65.870352 8510.50171
46.063266 8514.40125
-97.965013 8518.29895
-16.044105 8522.19604
-21.004605 8526.09314
73.373696 8529.98901
1.341041 8533.8855
63.376337 8537.78015
46.031961 8541.6748
3.822103 8545.56885
8.791665 8549.46228
-30.928727 8553.35571
68.382689 8557.24731
-112.822632 8561.13953
63.408394 8565.03052
110.508957 8568.92151
-16.044647 8572.81067
68.385584 8576.70105
-43.345857 8580.5896
95.739185 8584.47754
21.205473 8588.36609
65.842697 8592.25281
23.69112 8596.13892
16.225921 8600.02502
1.338878 8603.91052
21.201882 8607.79541
78.245684 8611.67969
-25.953471 8615.56335
75.763304 8619.44702
-21.001945 8623.32947
-80.588423 8627.21069
-75.610251 8631.09253
48.509795 8634.97314
26.168694 8638.85376
58.462731 8642.73315
18.717839 8646.61255
-60.747796 8650.49072
-63.221815 8654.3689
-50.800718 8658.24707
-83.065863 8662.1228
-45.836977 8665.99915
48.511842 8669.87488
-16.04942 8673.75061
3.823234 8677.62451
38.562886 8681.49841
-53.314174 8685.3717
-68.211324 8689.24438
-38.353363 8693.11707
-43.329291 8696.98853
-45.858387 8700.85938
-68.142164 8704.72961
-23.48667 8708.59985
58.427987 8712.46887
51.006386 8716.33789
6.301847 8720.20569
-6.111157 8724.07349
75.852825 8727.94067
6.3053 8731.80725
68.382689 8735.67322
8.788683 8739.53796
-85.421366 8743.40332
-65.642781 8747.26624
8.791665 8751.13037
51.006386 8754.99329
-18.510744 8758.85559
90.778591 8762.71729
36.048836 8766.57898
-21.00638 8770.44006
-16.03111 8774.29932
-78.143937 8778.15918
46.061299 8782.01782
53.479574 8785.87585
53.479574 8789.73389
-11.071622 8793.5907
-18.515273 8797.44751
110.569279 8801.3031
8.787937 8805.1593
46.045624 8809.01367
-30.93003 8812.86804
80.775826 8816.7218
-35.929493 8820.57434
-50.803003 8824.42749
110.574093 8828.27942
28.675289 8832.13013
93.225361 8835.98145
31.135796 8839.83154
6.299734 8843.68042
53.532089 8847.53052
33.618012 8851.37817
6.302642 8855.22644
-58.280357 8859.07349
-55.74536 8862.92053
58.442784 8866.76636
-35.876353 8870.61157
-13.552938 8874.4574
26.163031 8878.30078
-43.342062 8882.14539
-63.187138 8885.98816
-11.072089 8889.83093
23.690252 8893.67249
16.250817 8897.51465
-90.461979 8901.35498
53.472797 8905.19531
-35.898993 8909.03503
26.16096 8912.87415
31.148872 8916.71326
-65.67033 8920.55054
6.304238 8924.38843
-18.504414 8928.2251
-1.144043 8932.06116
-3.628853 8935.89661
43.557438 8939.73206
-1.143993 8943.56628
-3.628086 8947.3999
-1.143554 8951.23352
46.008671 8955.06592
-142.700562 8958.89832
-23.489786 8962.72949
130.451512 8966.56067
-13.555796 8970.39063
31.146366 8974.22058
-1.142689 8978.04993
-40.872818 8981.87866
-145.150242 8985.70618
26.167451 8989.53369
-16.032592 8993.36121
103.123937 8997.18689
68.405903 9001.01257
63.435283 9004.83704
36.114178 9008.66211
-73.14818 9012.48596
33.62799 9016.3092
21.19294 9020.13184
48.513895 9023.95386
13.747946 9027.77588
-11.068828 9031.59668
93.265018 9035.41687
130.451512 9039.23645
31.135796 9043.05603
50.961242 9046.875
-11.065254 9050.69275
-16.034615 9054.5105
-95.524847 9058.32642
68.322109 9062.14294
-28.458108 9065.95825
-38.413376 9069.77417
46.039895 9073.58826
-13.548952 9077.40234
43.544534 9081.21582
36.100261 9085.02869
80.769014 9088.84033
-45.800455 9092.65198
23.667159 9096.46301
-48.266212 9100.27344
85.831822 9104.08325
-1.143703 9107.89246
58.425528 9111.70105
26.171882 9115.50903
-55.759466 9119.31641
41.04699 9123.12317
-102.951968 9126.92932
31.120031 9130.73547
65.842697 9134.53979
-97.989894 9138.34473
-50.777157 9142.14783
23.67113 9145.95154
13.768989 9149.75464
-11.075363 9153.55652
-45.872082 9157.3584
-33.424177 9161.15845
-73.145089 9164.95972
-45.813914 9168.75854
58.415828 9172.55859
38.58077 9176.3562
-112.803806 9180.15503
-16.035154 9183.95203
-107.863525 9187.74902
-30.913143 9191.5448
-90.450615 9195.34058
-16.050243 9199.13574
-3.62578 9202.92969
-21.000174 9206.72363
-16.044105 9210.51636
-130.286059 9214.30969
-73.145089 9218.10181
83.298804 9221.89331
-35.879496 9225.6842
46.061299 9229.47388
18.72816 9233.26416
-8.589406 9237.05261
-48.298582 9240.84106
1.34026 9244.62891
-25.950214 9248.41675
33.64389 9252.20337
-93.043066 9255.98938
-6.109343 9259.77478
75.859276 9263.55957
36.117111 9267.34436
100.647848 9271.12732
16.225921 9274.91089
36.103451 9278.69324
-73.089703 9282.47559
-8.592535 9286.25671
-18.523084 9290.03723
100.601074 9293.81775
-83.090461 9297.59705
-90.545936 9301.37634
-45.86425 9305.15381
90.728469 9308.9325
122.88638 9312.70935
-68.196703 9316.4856
-53.248847 9320.26123
-45.829228 9324.03687
-38.385642 9327.8125
73.30843 9331.5863
73.345691 9335.36011
-40.862451 9339.13208
-21.011722 9342.90527
140.300468 9346.67664
50.978375 9350.448
-50.790128 9354.21814
-25.988606 9357.98889
95.650192 9361.75842
11.269789 9365.52673
23.685235 9369.29504
-16.038672 9373.06274
110.625637 9376.83044
41.05058 9380.5957
-140.202191 9384.36218
-55.757112 9388.12744
56.006511 9391.89148
-6.106766 9395.65613
23.680233 9399.41956
36.088202 9403.18237
-53.26676 9406.94458
23.681097 9410.70557
26.189709 9414.46655
-6.112335 9418.22693
16.238371 9421.98669
-16.024532 9425.74646
26.163031 9429.50562
13.741603 9433.26294
-48.337282 9437.02026
-70.672697 9440.77698
-43.32747 9444.53369
41.054036 9448.28918
-3.625015 9452.04468
48.51581 9455.79834
100.664885 9459.55261
-16.033131 9463.30627
38.574254 9467.05811
-55.771257 9470.81055
-11.082428 9474.56177
-33.442788 9478.31238
33.625269 9482.06238
-85.514191 9485.81238
-130.208962 9489.56116
-35.891425 9493.30933
-13.566731 9497.05811
-147.723981 9500.80505
-60.719394 9504.55139
-25.99527 9508.29773
-83.090461 9512.04346
-33.429846 9515.78735
195.216152 9519.53186
-13.562687 9523.27515
-8.594723 9527.01843
31.137111 9530.76172
48.511842 9534.50195
-6.116257 9538.24341
-16.040704 9541.98486
125.496183 9545.72449
46.026259 9549.4635
63.365702 9553.20251
23.667159 9556.94092
33.632278 9560.67871
26.155318 9564.41589
-105.410622 9568.15125
-75.587979 9571.88721
60.911446 9575.62256
-3.626545 9579.3573
33.623707 9583.09021
-11.063402 9586.82373
-55.733647 9590.55664
-13.560387 9594.28955
73.401855 9598.02063
83.21451 9601.7511
33.609622 9605.48157
-127.665081 9609.21143
-95.549244 9612.94128
51.023861 9616.66809
55.935352 9620.39612
43.548078 9624.12415
118.029408 9627.85095
11.271559 9631.57715
-100.420143 9635.30151
-16.046692 9639.02649
13.757244 9642.75146
100.720536 9646.47522
-25.996383 9650.19714
26.192093 9653.92029
-8.590855 9657.6416
-43.358555 9661.36292
-53.302833 9665.08423
-68.231682 9668.80371
110.677376 9672.52319
1.339786 9676.24207
-50.753743 9679.96094
-65.703596 9683.67737
26.164133 9687.39441
-3.628701 9691.11084
16.242367 9694.82666
38.574254 9698.54248
93.201544 9702.25586
-16.044105 9705.96985
16.228781 9709.68323
-78.074585 9713.39661
58.465221 9717.10754
-3.627144 9720.81909
3.820972 9724.53064
75.820686 9728.24097
78.275242 9731.94946
-23.476777 9735.65918
38.588936 9739.36768
-53.284754 9743.07556
38.575881 9746.78284
-23.484821 9750.48828
18.713239 9754.19495
-23.511795 9757.90039
28.677749 9761.60522
-43.345857 9765.30884
33.618012 9769.01245
-58.243155 9772.71606
6.303438 9776.41846
-11.075831 9780.12024
58.445392 9783.82019
13.757831 9787.52136
-13.554652 9791.22131
-90.569018 9794.92065
58.440452 9798.61877
21.199194 9802.31689
-18.530941 9806.0144
70.837377 9809.71191
-78.13053 9813.4082
-35.931164 9817.10266
-35.929493 9820.79773
6.311203 9824.4928
31.159641 9828.18604
-3.627777 9831.87866
-85.615593 9835.57129
33.633705 9839.26331
3.821134 9842.95471
-6.108961 9846.64612
43.537183 9850.33569
33.623707 9854.02527
31.133159 9857.71362
-35.895963 9861.40259
-73.14818 9865.08911
-18.509833 9868.77625
23.695144 9872.46277
50.987107 9876.14929
-48.335362 9879.83459
-8.594128 9883.51807
80.799732 9887.20215
-18.533303 9890.88623
18.709955 9894.56909
-1.143554 9898.25012
75.83673 9901.93115
-1.14341 9905.61279
-13.551797 9909.29321
26.173128 9912.97302
-107.845527 9916.651
33.589717 9920.3302
-1.14226 9924.00818
60.929591 9927.68494
132.892399 9931.36047
-58.292786 9935.03723
-43.340234 9938.71277
18.710875 9942.3877
93.241064 9946.0614
115.627592 9949.7345
-33.454086 9953.40759
-18.528575 9957.08008
-18.527794 9960.75195
55.973155 9964.422
3.820652 9968.09265
128.014678 9971.7627
70.852184 9975.43152
-11.069294 9979.10095
117.890819 9982.76733
-33.417242 9986.43494
128.020123 9990.10193
1.338992 9993.76831
-28.434007 9997.43286
-8.588321 10001.09802
28.653339 10004.76257
-33.432819 10008.42651
-63.208447 10012.08923
-11.075831 10015.75134
16.243885 10019.41284
-11.062808 10023.07434
-20.984329 10026.73523
-30.954811 10030.39429
-8.587464 10034.05334
-30.928727 10037.71179
21.213582 10041.37024
-23.473954 10045.02808
-150.128678 10048.68408
-65.748329 10052.34009
60.919155 10055.99609
-53.284754 10059.65149
68.394285 10063.30444
28.646067 10066.95862
13.746214 10070.61218
-8.603554 10074.26453
-73.145089 10077.91626
-16.041382 10081.56677
43.587135 10085.21729
-63.25407 10088.8678
33.642315 10092.51709
-13.552366 10096.16577
-16.035154 10099.81384
-58.206546 10103.4613
53.49331 10107.10754
60.929591 10110.75439
70.834257 10114.39941
16.228781 10118.04443
-11.081478 10121.68884
46.018357 10125.33325
-21.022461 10128.97522
-28.45677 10132.6178
21.216297 10136.26038
1.338901 10139.90112
83.228344 10143.54187
31.127897 10147.1814
3.823883 10150.82153
46.035858 10154.46045
48.462962 10158.09937
18.695874 10161.73523
16.241127 10165.3717
13.761345 10169.00879
46.024178 10172.64404
-11.082901 10176.27991
-97.931988 10179.91333
-6.116257 10183.54675
-8.593627 10187.18018
1.340206 10190.81299
-43.334759 10194.44397
33.630986 10198.07495
83.228344 10201.70593
13.752587 10205.33691
-40.905888 10208.96606
6.303705 10212.5946
-16.050243 10216.22253
-25.990963 10219.85046
-45.846822 10223.47778
26.159722 10227.10327
8.793911 10230.72876
23.695144 10234.35364
110.616108 10237.97852
23.6973 10241.60278
-13.556368 10245.22461
-38.363005 10248.84766
-55.747707 10252.46948
21.186713 10256.09131
110.458019 10259.71069
-48.370453 10263.3313
-40.86418 10266.94946
-1.144584 10270.56885
23.685235 10274.18823
-40.852122 10277.80396
16.240436 10281.4209
33.633705 10285.03784
-85.539387 10288.65479
-13.554652 10292.26807
-117.791233 10295.88135
-75.604016 10299.49707
-30.907971 10303.10913
-58.302624 10306.72241
-23.499748 10310.33325
-6.113761 10313.94531
-60.732217 10317.55493
-63.243294 10321.16577
28.65226 10324.77417
-30.926122 10328.38257
48.52417 10331.99097
16.242367 10335.59937
-48.34977 10339.20654
-48.347709 10342.81128
-33.462707 10346.41724
-122.858881 10350.02197
-20.997522 10353.62671
-63.181826 10357.229
-28.476139 10360.83252
53.461522 10364.43481
-165.027282 10368.03711
-38.4183 10371.6394
33.615301 10375.23804
38.569376 10378.83789
23.68811 10382.43774
-11.073959 10386.03638
68.37098 10389.63257
38.577509 10393.2312
1.339638 10396.82861
