0.0 1883.01102
0.0 1887.64923
17.989513 1892.28699
-52.058558 1896.92459
16.992266 1901.56158
-7.835646 1906.19812
-22.724865 1910.83435
0.10871 1915.47043
54.237731 1920.1059
-15.768039 1924.74091
-10.807926 1929.37561
10.533421 1934.01001
-4.357766 1938.6441
14.000669 1943.27759
-30.651427 1947.91077
37.305889 1952.54349
-50.994593 1957.17575
-38.593759 1961.80786
2.09361 1966.43951
-31.647887 1971.07071
10.53107 1975.70145
-44.566922 1980.33203
1.101 1984.96216
46.255169 1989.59167
-7.833533 1994.22089
0.604896 1998.84979
31.877174 2003.47855
10.03329 2008.10654
-10.810875 2012.73422
-23.720249 2017.3616
-41.595202 2021.98853
24.433099 2026.61514
-10.81603 2031.2413
45.77738 2035.867
0.108452 2040.4924
-23.241707 2045.11734
-27.694313 2049.74197
1.101485 2054.36615
37.853576 2058.99002
9.542505 2063.61343
19.975357 2068.23654
19.974134 2072.85919
21.961641 2077.48123
35.859568 2082.10327
26.432486 2086.72485
-6.846615 2091.34583
39.34371 2095.96649
6.566094 2100.5867
-8.830259 2105.20676
-26.208236 2109.82635
38.361256 2114.44534
3.088291 2119.06403
8.053651 2123.6824
-35.631473 2128.30048
41.325538 2132.91779
19.478951 2137.53494
14.013677 2142.15179
8.549532 2146.76819
11.533165 2151.38412
17.487993 2155.9996
-27.696518 2160.61493
19.47134 2165.22949
11.037445 2169.84406
38.837114 2174.45801
-27.701471 2179.07166
-4.857117 2183.68484
-26.215025 2188.29773
-32.666343 2192.91031
55.234493 2197.52228
13.517404 2202.13379
-27.703451 2206.745
-37.130539 2211.35574
-11.311524 2215.96634
-2.871472 2220.57648
-10.318655 2225.186
-8.335617 2229.79553
-22.741009 2234.4043
10.533466 2239.01276
-26.213607 2243.62076
12.526051 2248.22845
-22.24464 2252.83569
8.055149 2257.44278
-19.254717 2262.0491
-13.304978 2266.65512
6.564114 2271.26114
-17.275217 2275.86639
-16.273522 2280.47119
12.02585 2285.07568
49.281702 2289.67972
-2.870596 2294.28345
34.874815 2298.88687
6.562622 2303.48984
-9.327658 2308.09219
20.468245 2312.6944
11.527175 2317.29614
8.05372 2321.89758
-1.878048 2326.49841
-3.865047 2331.09894
-14.794392 2335.69901
25.936288 2340.29892
-41.617311 2344.89822
26.927435 2349.49707
12.02412 2354.09561
44.791654 2358.69385
-24.722595 2363.29163
-9.327116 2367.88895
43.81899 2372.48581
17.985973 2377.08237
13.518549 2381.67847
11.531018 2386.27441
-7.340809 2390.8696
4.575538 2395.46463
32.384199 2400.0592
-10.319956 2404.65332
-38.115868 2409.24698
3.089032 2413.84033
-31.171368 2418.43338
40.341411 2423.02597
18.487015 2427.6181
30.911774 2432.20993
29.918671 2436.80115
20.473103 2441.39221
-23.240844 2445.98282
20.973614 2450.57297
11.530721 2455.16266
16.497587 2459.75189
-27.694448 2464.34082
13.01926 2468.92944
-26.701622 2473.51761
-18.761761 2478.10516
-17.269517 2482.69272
-1.381703 2487.27951
54.734733 2491.866
-7.341007 2496.45218
7.060175 2501.0379
-10.315775 2505.62317
-44.57734 2510.20813
-20.749771 2514.79279
68.619928 2519.37668
17.490832 2523.96057
23.945963 2528.54385
29.407858 2533.12683
23.943531 2537.7092
25.938137 2542.29126
22.946183 2546.87302
14.016426 2551.45432
15.004093 2556.035
10.042488 2560.61584
-0.388348 2565.19592
17.48477 2569.7757
-35.651322 2574.35455
-10.814338 2578.93372
-48.548016 2583.51196
36.350448 2588.0899
4.578457 2592.66754
35.863849 2597.24487
-0.38831 2601.8219
12.526428 2606.39832
0.605068 2610.97443
-19.265267 2615.54993
-14.791251 2620.12512
-6.346529 2624.69971
43.805995 2629.27429
-11.313532 2633.84827
-31.181524 2638.42194
24.450332 2642.9953
9.04545 2647.56805
39.834432 2652.1405
-5.353907 2656.71234
-21.742844 2661.28387
-14.789119 2665.8551
-0.884592 2670.42572
13.523564 2674.99573
-5.849088 2679.56604
-0.388149 2684.13574
-18.269981 2688.70483
-41.603148 2693.27362
8.549317 2697.8418
24.942106 2702.40936
18.48214 2706.97693
44.31061 2711.54419
6.562622 2716.11053
15.994943 2720.67688
-2.374966 2725.24292
38.849935 2729.80835
48.771867 2734.37347
22.452888 2738.93799
15.500143 2743.5025
-23.234146 2748.0661
-9.32707 2752.62939
-1.877206 2757.19238
-4.361702 2761.75507
-25.710516 2766.31714
20.468844 2770.87891
13.0205 2775.44067
-21.745056 2780.00122
-40.100732 2784.56177
40.827194 2789.12201
-22.729215 2793.68164
36.844738 2798.24097
20.470846 2802.79968
15.008667 2807.3584
-11.809973 2811.9162
24.450199 2816.474
12.523607 2821.03149
-10.821408 2825.58838
-10.321005 2830.14465
-5.35577 2834.70062
-52.539784 2839.25629
5.074514 2843.81134
-39.619431 2848.36639
50.257896 2852.92053
7.556867 2857.47467
3.088642 2862.0282
21.962118 2866.58142
13.019531 2871.13434
9.048282 2875.68634
32.385843 2880.23804
16.499123 2884.78973
-14.288756 2889.34113
-2.870547 2893.8913
10.039425 2898.44208
-16.283016 2902.99164
54.244353 2907.54089
12.02544 2912.08984
7.062569 2916.63879
26.915014 2921.18683
-4.361112 2925.73456
15.008272 2930.28198
-10.318171 2934.82849
-14.790373 2939.37561
-22.734533 2943.92151
-33.150041 2948.46741
-7.838493 2953.01239
25.436493 2957.55737
45.314016 2962.10175
40.331842 2966.64581
-11.315068 2971.18958
-54.029403 2975.73242
-2.374382 2980.27557
27.924286 2984.81812
12.02826 2989.35974
21.961319 2993.90137
35.366812 2998.44238
-9.322898 3002.9834
-37.645109 3007.5235
18.483904 3012.0636
-27.209946 3016.60278
-26.208236 3021.14197
-63.45906 3025.68054
2.591816 3030.21881
-5.851826 3034.75677
-33.665199 3039.29413
12.523077 3043.83118
7.557011 3048.36761
3.088996 3052.90375
-53.007401 3057.43958
24.932898 3061.9751
16.990549 3066.5097
-6.347605 3071.04431
-13.797245 3075.578
5.072791 3080.11169
11.530931 3084.64508
-5.851094 3089.17755
23.953144 3093.71063
-5.352596 3098.24219
-39.122021 3102.77374
74.102176 3107.30499
5.571918 3111.83563
-25.215616 3116.36597
-2.374897 3120.89569
16.491723 3125.42511
14.505324 3129.95422
6.067741 3134.48273
-24.718144 3139.01093
20.466342 3143.53882
-11.811346 3148.0658
23.935719 3152.59308
22.957042 3157.11975
-1.87781 3161.64581
-11.314148 3166.17126
16.495213 3170.69672
-29.188138 3175.22156
19.975118 3179.74579
-3.366795 3184.27002
11.029834 3188.79333
-17.774498 3193.31665
14.509847 3197.83936
-37.638028 3202.36176
-4.857388 3206.88354
87.526421 3211.40503
4.577566 3215.92651
-9.822586 3220.44647
-10.323727 3224.96704
35.850253 3229.48639
14.008485 3234.00604
-9.819627 3238.52509
35.373575 3243.04352
31.390473 3247.56165
-24.719188 3252.07916
37.856417 3256.59668
2.094919 3261.11328
14.016426 3265.62988
11.033831 3270.14557
-11.312152 3274.66156
15.50329 3279.17664
-7.341359 3283.6911
-9.328991 3288.20557
-30.667892 3292.71942
-25.716011 3297.23297
11.030528 3301.74561
8.551415 3306.25854
-28.200535 3310.77026
-48.539009 3315.28229
3.088562 3319.7937
18.973405 3324.3045
-9.821925 3328.815
13.018541 3333.32489
23.444512 3337.83478
3.087275 3342.34406
54.238834 3346.85303
27.926728 3351.36078
5.074894 3355.86914
13.019152 3360.37659
-15.284317 3364.88342
31.388346 3369.39026
7.058311 3373.89648
-4.359256 3378.4024
56.219624 3382.90771
50.259459 3387.41272
26.434556 3391.91681
39.334054 3396.4212
13.023567 3400.92468
8.05372 3405.42816
3.087459 3409.93103
8.05134 3414.43329
50.243906 3418.93555
62.682087 3423.43689
19.960523 3427.93793
39.827232 3432.43866
27.914419 3436.93878
61.686802 3441.4389
40.801271 3445.93842
57.693063 3450.43732
70.599424 3454.93591
39.328877 3459.43359
86.949122 3463.93158
60.160135 3468.42896
76.533144 3472.92542
40.308857 3477.42218
42.79116 3481.91803
65.62235 3486.41357
45.27713 3490.90881
56.203495 3495.40314
36.836944 3499.89777
66.137439 3504.39148
28.41205 3508.88489
7.555399 3513.37799
88.478453 3517.87048
69.088892 3522.36267
76.541225 3526.85425
69.08238 3531.34552
122.200951 3535.83649
99.844719 3540.32684
110.768307 3544.81659
121.173801 3549.30634
119.660694 3553.79517
215.757431 3558.2843
208.713245 3562.77222
385.013221 3567.26013
405.331088 3571.74774
428.433274 3576.23444
446.072718 3580.72113
462.180313 3585.20721
448.479335 3589.69299
350.146631 3594.17786
305.22929 3598.66302
306.660917 3603.14697
373.562126 3607.63123
451.90551 3612.11456
499.204998 3616.5976
463.550702 3621.08032
515.734999 3625.56244
644.066756 3630.04456
749.965885 3634.52576
1160.084985 3639.00696
1747.960636 3643.48663
2312.960199 3647.96722
2526.222517 3652.4469
2485.189793 3656.92596
2134.543335 3661.40472
1684.5191 3665.88287
1201.983563 3670.36102
882.986214 3674.83826
645.498742 3679.31549
542.580643 3683.79181
378.15865 3688.26843
427.223865 3692.74384
454.414612 3697.21924
391.480179 3701.69403
437.665592 3706.16821
454.573387 3710.6427
466.24403 3715.11566
480.264327 3719.58923
504.926477 3724.06158
480.849509 3728.53424
467.064129 3733.00568
501.639984 3737.47711
485.194055 3741.94794
507.164966 3746.41846
474.841536 3750.88898
551.038955 3755.35828
494.190295 3759.82758
528.480202 3764.29596
540.750003 3768.76465
475.125485 3773.23242
555.407879 3777.69989
546.432014 3782.16675
568.431034 3786.6333
640.941387 3791.09985
720.824264 3795.56519
677.753643 3800.03052
668.402351 3804.49524
739.992655 3808.95996
726.432201 3813.42377
731.861622 3817.88727
783.362533 3822.35046
898.985077 3826.81274
940.900579 3831.27533
963.741049 3835.73669
994.631576 3840.19836
942.742447 3844.65912
852.744173 3849.11957
832.156956 3853.57971
858.263039 3858.03925
829.171429 3862.49847
922.735924 3866.95679
973.545029 3871.41541
1113.015697 3875.87311
1082.162634 3880.33051
1106.127762 3884.78729
1046.321008 3889.24408
1165.016953 3893.69995
1459.550915 3898.15552
2270.230703 3902.61078
3410.830412 3907.06543
4105.785119 3911.52008
4131.851231 3915.97351
3558.730958 3920.42725
3098.106427 3924.87976
2790.150656 3929.33289
2473.04065 3933.78479
2181.970391 3938.23639
2092.717689 3942.68768
1917.46166 3947.13837
1811.640614 3951.58905
1813.131902 3956.03851
1829.996549 3960.48798
1877.332084 3964.93683
1764.112656 3969.38568
1585.688484 3973.83392
1412.914493 3978.28156
1393.655697 3982.72888
1469.932751 3987.1756
1767.954861 3991.62201
1951.619979 3996.06781
2141.486881 4000.51361
2074.801544 4004.95819
2288.138229 4009.40308
3079.814808 4013.84705
4493.576922 4018.29102
5688.747113 4022.73438
6083.611805 4027.17682
5558.647363 4031.61926
5323.733242 4036.0611
5943.236567 4040.50293
6912.736103 4044.94385
7434.32946 4049.38446
6770.471123 4053.82477
5569.36681 4058.26447
4651.431773 4062.70386
3724.408495 4067.14233
3266.098772 4071.58081
3438.660279 4076.01868
3979.626783 4080.45624
4209.150805 4084.89319
3874.668398 4089.33014
3365.492718 4093.76617
2897.6634 4098.2019
2470.226544 4102.63702
2186.083084 4107.07184
1959.25584 4111.50635
1781.884262 4115.94025
1730.221134 4120.37384
1847.510195 4124.80682
2236.91893 4129.23981
2669.640713 4133.67126
3190.276596 4138.10333
3241.255112 4142.53479
3244.901348 4146.96533
3512.294438 4151.39587
3640.674431 4155.82581
3752.315761 4160.25543
3896.477047 4164.68414
3673.773502 4169.11285
3231.102119 4173.54065
2771.656357 4177.96875
2484.198555 4182.39594
2246.424526 4186.82281
2036.462917 4191.24908
1961.947865 4195.67505
2010.938 4200.10071
2136.060173 4204.52545
2297.074975 4208.9502
2494.72087 4213.37372
2611.093148 4217.79785
2863.763767 4222.22107
3129.21681 4226.64368
3565.574314 4231.06628
3974.638839 4235.48798
4738.321114 4239.90967
5585.018238 4244.33044
5760.579676 4248.75092
5348.036352 4253.17078
4480.941808 4257.59064
3877.137562 4262.00989
3356.624382 4266.42853
2917.983486 4270.84686
2778.338364 4275.26459
2682.144454 4279.68201
2735.888761 4284.09912
2799.923515 4288.51563
2788.075255 4292.93121
2959.312431 4297.34711
3018.674206 4301.76239
3353.629321 4306.17706
4195.687935 4310.59113
5071.593166 4315.00488
5782.6099 4319.41833
5582.676264 4323.83087
5100.948842 4328.24341
4451.403067 4332.65533
3922.071045 4337.06726
3827.945663 4341.47827
4146.878344 4345.88867
6054.005461 4350.29877
9925.268494 4354.70825
12663.769886 4359.11804
12905.866578 4363.52661
10660.550386 4367.93518
9229.485342 4372.34283
8587.209465 4376.75049
7241.634262 4381.15723
5529.450158 4385.56396
4798.144402 4389.9704
4552.599743 4394.37561
4556.754437 4398.78113
4412.315356 4403.18573
4377.204521 4407.59033
4436.726104 4411.99341
4449.435633 4416.39709
4383.253941 4420.79956
4079.482947 4425.20264
3897.363436 4429.6051
3685.543923 4434.00604
3641.449414 4438.40759
3537.993818 4442.80762
3401.049045 4447.20825
3334.196376 4451.60767
3154.708596 4456.00739
2932.548452 4460.40558
2726.582204 4464.80438
2646.276371 4469.20258
2674.727136 4473.59955
2867.179154 4477.99713
2891.372437 4482.39319
3006.046941 4486.78955
3019.5266 4491.185
2928.451416 4495.58014
2873.596352 4499.97498
2725.015488 4504.36951
2655.067173 4508.76343
2661.425182 4513.15674
2763.737282 4517.54974
2931.246898 4521.94183
3039.111649 4526.33392
2980.402169 4530.7251
3007.328251 4535.11688
2968.195842 4539.50684
3061.33326 4543.8974
3108.518669 4548.28735
3144.296535 4552.67639
3155.014639 4557.06543
3287.467213 4561.45325
3213.719133 4565.84137
3318.48806 4570.22858
3335.055837 4574.61578
3133.152367 4579.00208
2680.751995 4583.38867
2438.457022 4587.77405
2468.321118 4592.15912
2767.159466 4596.54388
3098.563757 4600.92773
3184.396554 4605.31189
3059.972565 4609.69513
2529.937201 4614.07806
2307.5174 4618.46008
1943.810925 4622.84241
1674.894159 4627.22351
1585.928035 4631.60461
1494.224429 4635.98541
1426.348752 4640.3653
1437.747399 4644.74518
1472.515155 4649.12384
1447.361869 4653.50281
1537.696197 4657.88086
1767.024626 4662.25891
2199.071785 4666.63605
2419.776165 4671.01318
2575.017338 4675.39001
2505.338642 4679.76563
2398.463937 4684.14124
2429.478994 4688.51593
2519.428265 4692.89063
2656.628544 4697.2644
2957.882021 4701.63849
3849.16633 4706.01135
4454.356482 4710.38422
4633.670389 4714.75677
4735.409591 4719.12811
6050.952228 4723.50006
8568.534218 4727.87048
12045.183437 4732.24121
15834.908459 4736.61072
18384.081695 4740.98053
18078.837025 4745.34943
15573.807846 4749.71802
12735.995909 4754.0863
10671.032669 4758.45367
8582.617118 4762.82104
6554.085378 4767.1875
5337.934188 4771.55426
5045.008388 4775.91949
5035.077435 4780.28503
4833.46282 4784.64966
4233.511844 4789.01428
4017.151993 4793.3786
3847.879406 4797.7417
3594.862412 4802.1051
3606.30575 4806.46698
3592.069639 4810.82947
3512.96061 4815.19073
3569.055981 4819.552
3818.232685 4823.91266
4427.114113 4828.27301
5016.64755 4832.63306
5593.572803 4836.99188
5957.785599 4841.35101
5883.767651 4845.70923
5417.994789 4850.06744
5048.305558 4854.42413
4551.866699 4858.78174
4139.080057 4863.13782
3724.432777 4867.4939
3522.556496 4871.84998
3547.677231 4876.20453
3494.416739 4880.55939
3297.75748 4884.91333
3174.159838 4889.26727
3010.30448 4893.6203
2984.106223 4897.97302
3113.321465 4902.32513
3367.520742 4906.67755
3712.199036 4911.02905
3794.865176 4915.37964
3833.535912 4919.73022
3842.997917 4924.0799
3761.53038 4928.42957
3763.032739 4932.77832
3967.311385 4937.12738
4019.143082 4941.47491
3978.727201 4945.82275
4222.934548 4950.17029
4362.23097 4954.5166
4231.549916 4958.86292
3609.703503 4963.20831
3692.471053 4967.55402
4490.851822 4971.8985
5559.937207 4976.24298
6208.043618 4980.58655
6466.297847 4984.93042
6484.078594 4989.27368
6233.997566 4993.61572
5674.55266 4997.95807
4846.596096 5002.29919
4287.473412 5006.64063
4137.902015 5010.98083
4675.545941 5015.32104
5155.214844 5019.66064
5590.600681 5023.99994
5704.428692 5028.33893
5767.377079 5032.677
5528.610992 5037.01477
4819.688023 5041.35193
4494.725024 5045.68909
4221.938906 5050.02502
4249.831135 5054.36127
5078.076134 5058.69629
7423.292313 5063.03162
10666.388597 5067.36603
13585.507576 5071.69983
18746.930679 5076.03363
28694.694867 5080.36621
37326.014183 5084.6994
38376.738783 5089.03107
32650.19437 5093.36304
27138.707117 5097.69379
25293.060589 5102.02484
22029.979025 5106.35529
17813.369381 5110.68481
14189.758824 5115.01434
11079.695714 5119.34265
8346.373026 5123.67126
6084.07486 5127.99927
4815.675907 5132.32605
4006.034008 5136.65344
3582.394067 5140.97961
3207.643436 5145.30579
3043.494915 5149.63135
3094.062144 5153.95691
3173.979678 5158.28064
2928.556875 5162.60498
2696.025234 5166.92871
2447.139718 5171.25183
2451.051132 5175.57373
2410.254688 5179.89624
2261.800409 5184.21753
2192.915859 5188.53943
2290.294422 5192.86072
2440.02198 5197.18018
2804.599003 5201.50024
3672.321071 5205.81909
4614.377658 5210.13855
5725.224766 5214.45679
5541.576134 5218.77502
5163.464466 5223.09204
4490.73048 5227.40906
3982.213242 5231.72546
4024.730793 5236.04187
3796.489479 5240.35767
3299.906357 5244.67224
2952.242656 5248.98682
3420.499119 5253.30078
3877.915577 5257.61475
4157.720665 5261.92749
3465.15745 5266.24023
2772.585514 5270.55237
2638.946215 5274.86389
2991.157757 5279.17542
3670.540283 5283.48572
3832.496318 5287.79663
3533.50943 5292.10571
3025.198678 5296.41541
2919.921188 5300.72388
3016.359707 5305.03235
2908.820191 5309.34082
2739.292761 5313.64746
2811.132236 5317.95532
2765.100987 5322.26135
2784.997437 5326.56738
3190.233628 5330.8728
4041.482103 5335.17822
5499.447551 5339.48242
7896.663697 5343.78662
10398.180759 5348.09082
12754.009745 5352.39319
12890.151355 5356.69617
11191.650951 5360.99792
8554.176684 5365.29968
7797.093003 5369.60083
8020.518641 5373.90137
7772.096117 5378.2019
6643.965905 5382.50183
6160.899781 5386.80115
6701.819133 5391.09985
7165.501491 5395.39795
6066.335879 5399.69543
4597.228836 5403.99292
3988.30224 5408.28979
3930.968935 5412.58606
3944.477448 5416.88171
3853.611343 5421.17737
3804.269109 5425.47302
4081.723744 5429.76685
4420.132618 5434.06128
5080.906765 5438.35388
6348.028624 5442.64771
7655.981274 5446.9397
10475.719371 5451.2323
21485.945379 5455.52307
34035.249263 5459.81506
40849.499554 5464.10583
34720.652275 5468.39539
24359.29111 5472.68555
23020.723251 5476.97449
25290.67412 5481.26282
25771.743199 5485.55054
21200.454262 5489.83887
14124.260822 5494.12598
9766.367752 5498.41309
7996.423406 5502.69958
7955.734642 5506.98486
9338.423603 5511.27075
11774.935526 5515.55481
13205.006436 5519.83948
12852.926883 5524.12292
10779.703903 5528.40698
8895.181727 5532.6886
7565.876617 5536.97205
7081.962719 5541.25366
6684.572971 5545.53467
5754.186875 5549.81628
4869.865983 5554.09607
4339.710937 5558.37646
3966.523468 5562.65564
3811.520859 5566.93481
3621.888092 5571.21338
3320.636172 5575.49133
3212.995404 5579.76929
3394.16113 5584.04602
3839.979496 5588.32275
4104.543213 5592.59888
3917.650561 5596.87439
3258.80348 5601.14929
3027.234142 5605.42419
3044.770943 5609.69788
2951.28709 5613.97156
2787.740747 5618.24524
2626.284153 5622.5177
2532.720411 5626.79016
2535.850083 5631.0614
2521.666382 5635.33264
2675.130652 5639.60327
3049.950592 5643.87329
3363.073219 5648.14331
3706.194706 5652.41272
3870.191664 5656.68213
4410.139175 5660.94971
7107.332344 5665.2179
11395.462826 5669.48425
14202.472591 5673.75183
14202.969101 5678.01819
14785.119103 5682.28394
17343.043541 5686.54846
19122.088963 5690.81421
18820.841507 5695.07874
17991.996445 5699.34265
18878.555466 5703.60596
19381.816727 5707.86865
19635.835713 5712.13074
19085.252924 5716.39282
16225.60458 5720.6543
13353.539383 5724.91516
11012.294912 5729.17603
8685.493152 5733.43567
7151.770152 5737.69531
6055.186676 5741.95435
5086.619145 5746.21277
4310.687168 5750.47119
4055.174204 5754.72839
5132.141861 5758.9856
8496.600666 5763.24158
12354.901859 5767.49817
14213.350652 5771.75293
12742.473331 5776.0083
10560.601078 5780.26306
12034.593679 5784.51721
15056.199326 5788.77136
16516.595348 5793.02429
14608.267595 5797.27661
10833.521475 5801.52832
8658.654129 5805.78064
7368.009358 5810.03113
6509.98225 5814.28223
5550.896128 5818.53271
4470.546185 5822.78198
3504.369103 5827.03125
2859.98534 5831.2793
2392.490957 5835.52795
2180.781406 5839.77539
2071.564432 5844.02283
2065.608807 5848.26965
2090.745403 5852.51587
2193.00642 5856.76208
2324.685952 5861.00647
2617.996899 5865.25208
3000.261324 5869.49524
4136.930738 5873.73962
7140.17373 5877.98218
12909.969653 5882.22534
19566.530688 5886.46729
25514.468326 5890.70984
29772.700186 5894.95117
33792.979874 5899.19128
35886.523213 5903.43201
35235.343414 5907.67151
32295.161663 5911.91101
29420.478745 5916.1499
26469.915165 5920.38818
23561.039677 5924.62524
21119.919035 5928.86292
18317.510158 5933.10059
16055.216812 5937.33582
13981.008347 5941.57227
12262.843681 5945.8075
10854.592926 5950.04272
9908.322888 5954.27673
9177.05687 5958.51074
8605.92462 5962.74353
8157.583763 5966.97632
7852.04271 5971.20911
7316.766695 5975.44067
6753.857163 5979.67224
6449.512624 5983.9032
6384.324272 5988.13354
6156.155918 5992.36328
5750.589676 5996.59241
5239.17876 6000.82153
4837.162196 6005.05005
4538.273211 6009.27795
4384.704387 6013.50525
4272.789682 6017.73254
4222.360802 6021.95862
4201.129809 6026.18408
3988.014985 6030.40955
3752.53815 6034.6344
3609.152674 6038.85925
3479.842596 6043.0835
3305.244182 6047.30652
3133.568253 6051.52893
3036.152567 6055.75195
2877.096032 6059.97375
2884.444245 6064.19495
2613.661755 6068.41553
2612.975988 6072.63672
2570.22341 6076.85608
2507.34503 6081.07605
2541.042403 6085.2948
2691.39731 6089.51294
3599.612519 6093.73108
8324.31449 6097.948
13981.613188 6102.16553
17368.705692 6106.38123
14885.98695 6110.59753
10110.107292 6114.81262
7811.999645 6119.02832
7311.433573 6123.24219
7083.877205 6127.45605
6441.038067 6131.66931
5312.15667 6135.88196
4181.107418 6140.0946
3436.895885 6144.30664
3147.847488 6148.51807
2943.208425 6152.72827
2820.664703 6156.93909
2695.121846 6161.14929
2646.823632 6165.35889
2490.898971 6169.56787
2362.343771 6173.77563
2378.603912 6177.9834
2418.682617 6182.19055
2517.766939 6186.39832
2649.139694 6190.60364
2757.390127 6194.81018
2876.163309 6199.01611
3604.783787 6203.22083
4923.245381 6207.42493
5933.910282 6211.62842
5853.067944 6215.83191
4389.694504 6220.03418
3610.921318 6224.23706
3396.272613 6228.43872
4154.545261 6232.64038
5605.335278 6236.84143
6537.433523 6241.04126
6376.214318 6245.2417
5109.615532 6249.44031
5216.911972 6253.64014
5832.608483 6257.83752
6230.266434 6262.03552
5600.734138 6266.2323
4573.439194 6270.42969
4173.915793 6274.62585
4122.36646 6278.82141
3943.217911 6283.01697
3545.968723 6287.2113
3055.130689 6291.40625
2945.42602 6295.59998
4199.836361 6299.79309
5896.080562 6303.9856
6929.730331 6308.1781
5944.717762 6312.37
4284.309212 6316.56067
3473.862591 6320.75195
3264.963205 6324.94202
3195.641922 6329.13208
2981.547081 6333.32092
2648.583581 6337.50977
2330.851669 6341.69739
2069.978939 6345.88562
1790.686402 6350.07263
1540.481564 6354.25964
1453.173126 6358.44543
1381.165943 6362.63123
1368.952763 6366.81641
1564.541249 6371.00037
1818.110156 6375.18494
2164.413669 6379.36829
2119.791201 6383.55164
1772.367924 6387.73438
1471.057255 6391.9165
1421.637074 6396.09863
1486.322777 6400.27893
1480.526478 6404.45984
1876.655586 6408.63953
2204.399704 6412.81921
2274.339005 6416.99829
1851.352316 6421.17676
1551.359234 6425.35461
1519.300453 6429.53247
1477.311689 6433.70972
1612.090914 6437.88635
1654.980209 6442.06177
1625.72703 6446.23718
1656.605023 6450.4126
1681.869352 6454.58618
1649.175312 6458.76099
1648.89147 6462.93396
1576.360897 6467.10693
1385.190464 6471.27991
1317.625922 6475.45166
1270.567441 6479.62341
1257.923106 6483.79333
1264.189539 6487.96448
1236.837424 6492.13379
1192.552224 6496.3031
1119.201549 6500.4718
1098.007934 6504.63989
1027.003277 6508.80859
1032.032104 6512.97546
1016.963543 6517.14233
1017.824722 6521.30859
1136.530834 6525.47485
1125.932641 6529.63928
1144.373509 6533.80432
1124.599629 6537.96814
1018.56208 6542.13196
977.2966 6546.29578
1002.317238 6550.45837
987.868796 6554.62036
1045.228138 6558.78174
978.043058 6562.94312
930.32016 6567.10327
907.079214 6571.26404
969.744694 6575.42358
1006.649033 6579.58252
1191.13361 6583.74084
1257.471874 6587.89917
1255.000743 6592.05688
1223.769579 6596.21338
1213.850052 6600.37048
1132.943341 6604.52637
1052.985147 6608.68164
1111.289589 6612.83691
998.320652 6616.99158
979.977013 6621.14502
964.562599 6625.29846
854.479624 6629.45129
855.862514 6633.60413
851.142989 6637.75635
848.10775 6641.90674
911.423801 6646.05835
885.319255 6650.20813
862.185795 6654.35791
958.010657 6658.50769
982.959088 6662.65625
1103.484375 6666.8042
1042.9193 6670.95215
1084.814384 6675.09949
1236.636585 6679.24622
1459.257851 6683.39233
1794.42812 6687.53784
2548.901554 6691.68335
4636.498886 6695.82825
8896.725935 6699.97192
14723.131815 6704.1156
19986.835328 6708.25867
21573.917989 6712.40173
19890.839489 6716.54358
16730.094311 6720.68481
13968.020937 6724.82605
12692.847549 6728.96667
11637.959606 6733.10669
10495.318023 6737.24609
9075.14222 6741.38489
7365.488549 6745.52307
5738.325836 6749.66064
4430.008365 6753.79822
3630.510296 6757.93579
3096.194676 6762.07153
2688.61204 6766.20789
2406.092667 6770.34241
2141.963756 6774.47754
1957.592198 6778.61206
1845.430763 6782.74597
1733.110382 6786.87866
1642.636612 6791.01135
1591.568661 6795.14404
1544.186527 6799.27551
1454.518142 6803.40698
1327.895733 6807.53723
1401.794009 6811.66748
1445.152895 6815.79712
1494.644869 6819.92615
1597.620777 6824.05457
1600.543682 6828.18298
1582.789017 6832.31018
1567.902456 6836.43738
1471.466293 6840.56335
1303.983633 6844.68994
1236.609013 6848.81531
1173.356132 6852.93945
1148.260506 6857.06482
1113.377236 6861.18774
1035.264431 6865.31128
984.107368 6869.43481
967.371475 6873.55713
1031.914017 6877.67883
1009.351717 6881.79932
1000.949097 6885.92041
978.323133 6890.04089
933.703598 6894.16016
871.77572 6898.27881
883.719619 6902.39868
897.156428 6906.51611
1007.670742 6910.63354
985.160682 6914.75098
934.171711 6918.86719
872.627663 6922.9834
811.852427 6927.099
810.244579 6931.2146
859.982761 6935.32837
866.501785 6939.44214
868.098438 6943.55652
829.081641 6947.66846
862.185795 6951.78101
783.873714 6955.89294
814.675892 6960.00366
798.978218 6964.11438
785.00676 6968.2251
778.758865 6972.33459
787.771465 6976.44409
792.04418 6980.55298
851.744814 6984.66064
931.586441 6988.76831
902.419785 6992.87537
919.557236 6996.98181
929.455631 7001.08826
904.931286 7005.19348
931.155994 7009.2981
929.098229 7013.40271
846.243819 7017.50732
831.557062 7021.61011
762.032402 7025.7135
777.1129 7029.81567
706.851178 7033.91724
676.829624 7038.0188
594.694767 7042.11914
614.286791 7046.21948
584.827393 7050.31921
562.567232 7054.41895
568.917549 7058.51746
558.719974 7062.61536
606.630909 7066.71265
584.944043 7070.81055
561.140406 7074.90662
563.767132 7079.0033
547.268292 7083.09814
614.817367 7087.19299
578.477066 7091.28784
573.133191 7095.38147
527.25996 7099.4751
512.333236 7103.5675
482.343275 7107.66052
552.054558 7111.75171
500.57811 7115.8429
511.623539 7119.93347
525.736729 7124.02405
533.631931 7128.11401
517.348379 7132.20276
437.407594 7136.2915
484.290766 7140.37964
469.592201 7144.46777
469.48638 7148.55408
424.127212 7152.64099
480.256738 7156.72668
494.703171 7160.81177
522.256267 7164.89746
540.291333 7168.98132
594.685532 7173.06519
498.227574 7177.14844
410.789199 7181.23108
451.890758 7185.31372
463.808918 7189.39514
456.36877 7193.47595
439.496139 7197.55676
455.761159 7201.63696
472.614227 7205.71716
435.746067 7209.79614
437.882791 7213.87451
447.391556 7217.95227
417.709995 7222.02942
409.972118 7226.10718
355.586069 7230.18311
406.167183 7234.25903
445.603855 7238.33374
379.780378 7242.40906
354.139191 7246.48376
377.766167 7250.55725
368.039963 7254.63013
381.788071 7258.703
351.08815 7262.77466
370.117893 7266.84631
391.80756 7270.91797
359.619728 7274.98779
330.738572 7279.05823
315.362925 7283.12805
339.33168 7287.19666
377.94495 7291.26526
329.056904 7295.33264
365.083561 7299.40063
269.118894 7303.4668
362.614994 7307.53357
298.680966 7311.59851
310.640966 7315.66406
322.030871 7319.729
369.015179 7323.79272
364.47111 7327.85645
335.794812 7331.91895
271.045087 7335.98206
325.987936 7340.04333
360.034075 7344.10522
333.470261 7348.16528
311.10191 7352.22656
321.503327 7356.28662
331.120025 7360.34546
331.923416 7364.4043
317.692005 7368.46252
355.158875 7372.52014
348.804974 7376.57715
351.108532 7380.63354
334.963131 7384.68933
347.539934 7388.74512
334.444492 7392.80029
348.205798 7396.85486
338.263867 7400.90881
393.79158 7404.96216
322.538162 7409.0155
346.341469 7413.06702
369.045429 7417.11914
331.240233 7421.17004
340.649105 7425.22095
258.532387 7429.27124
350.155314 7433.32031
353.758186 7437.37
373.019932 7441.41785
322.118221 7445.46631
316.113461 7449.51355
313.684639 7453.56079
364.101772 7457.6062
289.831923 7461.65283
317.018692 7465.69824
348.305527 7469.74243
314.531289 7473.78723
287.787612 7477.8302
316.111282 7481.87378
367.378927 7485.91614
327.437582 7489.9585
347.337532 7493.99963
305.640756 7498.04077
308.319939 7502.0813
296.785232 7506.12122
283.940056 7510.16052
333.470532 7514.19922
350.292336 7518.23792
325.451876 7522.27478
344.760769 7526.31226
293.249414 7530.34851
326.479174 7534.38477
283.436588 7538.42102
343.529961 7542.45544
366.197143 7546.48987
310.600515 7550.52368
324.017361 7554.5575
365.589222 7558.59009
352.655447 7562.62268
298.296725 7566.65405
304.667801 7570.68542
345.223706 7574.7168
302.706607 7578.74634
353.218079 7582.77588
332.982303 7586.8042
353.752281 7590.83374
283.025769 7594.86084
319.083057 7598.88916
290.008122 7602.91504
287.999703 7606.94214
289.948475 7610.96802
253.780789 7614.99268
256.313644 7619.01733
264.789665 7623.04199
234.052841 7627.06543
247.865906 7631.08826
297.861374 7635.11108
294.90551 7639.13208
269.70443 7643.15369
280.955984 7647.17529
290.853344 7651.19568
261.6714 7655.21545
373.815658 7659.23462
494.28225 7663.25317
539.359213 7667.27112
529.718186 7671.28845
441.010907 7675.30518
385.302036 7679.32251
339.367344 7683.33862
379.950161 7687.35413
419.801365 7691.36841
442.415298 7695.38269
535.229248 7699.39636
517.815933 7703.41003
406.35375 7707.42249
386.348942 7711.43433
345.226122 7715.44617
308.256847 7719.4574
301.785122 7723.46802
299.28764 7727.47803
369.114983 7731.48682
392.801163 7735.49622
367.540405 7739.50439
364.41484 7743.51196
356.448719 7747.51892
346.369438 7751.52588
263.618604 7755.53162
275.037121 7759.53735
299.710229 7763.54309
281.04852 7767.54639
257.808152 7771.5509
242.940195 7775.5542
244.010342 7779.5575
248.431275 7783.55896
257.882557 7787.56104
317.574814 7791.56189
274.017083 7795.56274
305.382206 7799.56299
341.022545 7803.56201
275.63113 7807.56165
225.597664 7811.56006
260.749209 7815.55786
257.308998 7819.55505
283.060582 7823.55225
216.127285 7827.54761
227.01045 7831.54358
247.367222 7835.53894
258.32597 7839.53369
316.207356 7843.52783
266.170229 7847.52075
307.782799 7851.51367
274.050762 7855.50598
320.233918 7859.49768
291.992745 7863.48877
295.324895 7867.47986
294.94191 7871.47034
287.467689 7875.45959
268.666824 7879.44885
222.54916 7883.4375
279.540104 7887.42493
299.912392 7891.41235
254.339813 7895.39917
260.807114 7899.38538
224.729225 7903.37158
205.789903 7907.35718
206.313223 7911.34094
242.007271 7915.32532
197.885708 7919.30847
225.231342 7923.29224
220.767857 7927.27417
179.07156 7931.2561
214.778144 7935.23682
189.500351 7939.21753
220.773507 7943.19824
209.841553 7947.17773
215.76981 7951.15723
169.176328 7955.1355
177.636944 7959.11377
194.89544 7963.09082
145.869101 7967.06787
170.168178 7971.0437
242.59256 7975.01953
196.425503 7978.99536
186.533413 7982.96936
157.209574 7986.94397
204.332094 7990.91736
176.590852 7994.89014
199.448036 7998.8623
168.710516 8002.83447
166.194586 8006.80542
188.577599 8010.77637
151.378802 8014.7467
203.933506 8018.71643
193.566788 8022.68555
201.40152 8026.65405
164.683158 8030.62256
202.444919 8034.58923
175.123129 8038.55652
200.39472 8042.52258
256.407104 8046.48804
182.059649 8050.4541
177.112391 8054.41833
203.898189 8058.38257
226.678879 8062.34619
202.827317 8066.30859
221.700733 8070.271
239.496067 8074.23279
266.31324 8078.19458
239.607013 8082.15515
181.084763 8086.11572
232.564849 8090.07507
218.717213 8094.03381
198.013752 8097.99194
137.437028 8101.95068
167.234714 8105.90759
206.909386 8109.8645
208.357906 8113.8208
289.872213 8117.77649
493.43972 8121.73157
652.982921 8125.68665
813.530979 8129.6405
786.870227 8133.59375
659.013537 8137.54639
520.770615 8141.49841
421.716205 8145.45105
417.868809 8149.40186
343.714205 8153.35266
383.859173 8157.30347
336.489192 8161.25244
257.765688 8165.20203
262.312512 8169.14978
338.843395 8173.09753
664.628926 8177.04468
1092.302383 8180.99182
1627.67361 8184.93774
2312.780766 8188.88367
2616.148533 8192.82898
2902.374548 8196.77307
2695.836351 8200.71716
2350.321937 8204.66003
1813.766719 8208.60291
1546.479816 8212.54517
1331.982021 8216.48743
1120.868484 8220.42786
919.819802 8224.3689
672.712896 8228.30872
572.503704 8232.24792
431.186924 8236.18774
342.221905 8240.12512
241.945341 8244.06311
210.26484 8247.99988
240.489285 8251.93665
157.296776 8255.8728
169.716515 8259.80835
141.90321 8263.74329
158.860539 8267.67761
222.284061 8271.61194
161.825962 8275.54443
174.200806 8279.47754
137.469973 8283.40942
143.477059 8287.34131
125.642998 8291.27136
112.727819 8295.20264
156.879734 8299.13208
119.642862 8303.06152
150.852246 8306.99097
123.622282 8310.91797
132.076321 8314.84619
84.424069 8318.77319
115.716198 8322.7002
139.978023 8326.62537
136.502077 8330.55054
156.772963 8334.4751
162.330826 8338.39966
133.049627 8342.32361
129.107257 8346.24634
115.189711 8350.16907
116.694003 8354.09058
133.569523 8358.01208
118.691139 8361.93298
140.029213 8365.85327
135.046028 8369.77295
137.073212 8373.69202
90.399055 8377.61047
101.270137 8381.52832
109.70922 8385.44617
110.75943 8389.36218
102.804463 8393.27942
145.003624 8397.19421
140.49712 8401.11023
126.624867 8405.0238
127.120464 8408.9386
103.790594 8412.85217
153.868458 8416.76453
186.618523 8420.67749
164.803795 8424.58862
66.618446 8428.49976
107.762136 8432.41028
111.190817 8436.32019
147.438221 8440.22949
146.476475 8444.13879
122.683338 8448.04749
91.404993 8451.95496
126.117534 8455.86182
94.379057 8459.76807
124.626686 8463.67432
108.762617 8467.57996
136.513584 8471.48499
126.625789 8475.38879
91.861504 8479.2926
132.519906 8483.19641
101.80913 8487.09839
166.266159 8491.00098
84.461891 8494.90234
132.529838 8498.8031
71.557344 8502.70325
102.845974 8506.60339
128.564427 8510.50171
122.113959 8514.40125
116.216999 8518.29895
126.114506 8522.19604
131.56963 8526.09314
56.159689 8529.98901
109.796292 8533.8855
134.059612 8537.78015
105.289196 8541.6748
94.364578 8545.56885
94.893753 8549.46228
134.556411 8553.35571
121.681545 8557.24731
91.408951 8561.13953
45.748968 8565.03052
148.950493 8568.92151
147.431801 8572.81067
99.813692 8576.70105
161.422699 8580.5896
132.584065 8584.47754
123.121365 8588.36609
155.904488 8592.25281
112.712754 8596.13892
94.371819 8600.02502
110.306049 8603.91052
126.652317 8607.79541
149.446129 8611.67969
109.219987 8615.56335
150.42593 8619.44702
145.481613 8623.32947
126.621551 8627.21069
108.241501 8631.09253
86.443121 8634.97314
145.96777 8638.85376
122.166996 8642.73315
122.179279 8646.61255
100.345386 8650.49072
146.519745 8654.3689
137.469973 8658.24707
132.076321 8662.1228
114.236957 8665.99915
112.743992 8669.87488
128.101997 8673.75061
77.007128 8677.62451
137.044235 8681.49841
132.592953 8685.3717
127.124713 8689.24438
98.338194 8693.11707
92.832812 8696.98853
116.201309 8700.85938
81.479622 8704.72961
110.693411 8708.59985
171.246357 8712.46887
120.595694 8716.33789
98.367298 8720.20569
116.6455 8724.07349
131.030413 8727.94067
142.949385 8731.80725
124.087537 8735.67322
156.819558 8739.53796
115.176542 8743.40332
100.842148 8747.26624
116.129576 8751.13037
139.004616 8754.99329
153.384628 8758.85559
183.214531 8762.71729
121.66143 8766.57898
132.014666 8770.44006
147.431934 8774.29932
103.283606 8778.15918
107.281757 8782.01782
141.548081 8785.87585
141.514862 8789.73389
166.807808 8793.5907
102.255369 8797.44751
172.161038 8801.3031
161.830296 8805.1593
100.31879 8809.01367
119.68671 8812.86804
123.639297 8816.7218
136.51104 8820.57434
123.120483 8824.42749
174.164837 8828.27942
129.560372 8832.13013
146.967354 8835.98145
184.140842 8839.83154
125.602053 8843.68042
62.128567 8847.53052
133.538277 8851.37817
93.861071 8855.22644
124.106403 8859.07349
164.751604 8862.92053
114.224525 8866.76636
117.183996 8870.61157
150.963222 8874.4574
130.535872 8878.30078
125.60414 8882.14539
121.124231 8885.98816
138.969863 8889.83093
163.792675 8893.67249
143.951962 8897.51465
136.489437 8901.35498
123.065069 8905.19531
193.620064 8909.03503
182.130901 8912.87415
130.493886 8916.71326
148.846596 8920.55054
191.569599 8924.38843
135.033894 8928.2251
159.79793 8932.06116
146.902384 8935.89661
119.17609 8939.73206
150.364641 8943.56628
141.423001 8947.3999
184.573078 8951.23352
202.970284 8955.06592
174.23014 8958.89832
183.572354 8962.72949
203.411377 8966.56067
153.852941 8970.39063
168.754204 8974.22058
208.363087 8978.04993
216.363693 8981.87866
182.548605 8985.70618
186.050602 8989.53369
163.24967 8993.36121
184.531599 8997.18689
160.322297 9001.01257
174.654177 9004.83704
178.715111 9008.66211
193.036152 9012.48596
172.179766 9016.3092
165.271717 9020.13184
203.849057 9023.95386
147.866082 9027.77588
180.145549 9031.59668
147.895571 9035.41687
163.689335 9039.23645
159.75943 9043.05603
190.542542 9046.875
190.466927 9050.69275
172.083121 9054.5105
231.529522 9058.32642
268.719803 9062.14294
200.889501 9065.95825
259.244559 9069.77417
212.735405 9073.58826
167.189031 9077.40234
241.628563 9081.21582
154.794919 9085.02869
198.515271 9088.84033
114.16356 9092.65198
147.443424 9096.46301
160.290783 9100.27344
189.003925 9104.08325
176.693615 9107.89246
222.694413 9111.70105
241.985004 9115.50903
227.604355 9119.31641
256.294918 9123.12317
267.211841 9126.92932
271.109442 9130.73547
270.789688 9134.53979
251.372635 9138.34473
215.136269 9142.14783
227.561193 9145.95154
279.533224 9149.75464
313.826455 9153.55652
290.98991 9157.3584
298.446689 9161.15845
259.327881 9164.95972
300.856312 9168.75854
222.114813 9172.55859
289.00288 9176.3562
275.163826 9180.15503
269.216221 9183.95203
207.821597 9187.74902
255.912018 9191.5448
272.268624 9195.34058
209.76474 9199.13574
252.380436 9202.92969
197.970749 9206.72363
167.636796 9210.51636
206.326877 9214.30969
176.154045 9218.10181
220.716865 9221.89331
169.201477 9225.6842
175.140562 9229.47388
176.669773 9233.26416
88.404984 9237.05261
95.856657 9240.84106
130.547008 9244.62891
114.74794 9248.41675
99.845417 9252.20337
117.196189 9255.98938
114.225342 9259.77478
116.199366 9263.55957
103.315097 9267.34436
79.507419 9271.12732
90.459156 9274.91089
65.119078 9278.69324
88.461174 9282.47559
105.821373 9286.25671
84.978527 9290.03723
52.707388 9293.81775
84.991394 9297.59705
54.705183 9301.37634
62.143018 9305.15381
55.227347 9308.9325
68.591915 9312.70935
53.708172 9316.4856
91.450306 9320.26123
74.571718 9324.03687
57.176576 9327.8125
70.567856 9331.5863
59.156526 9335.36011
50.729266 9339.13208
81.026411 9342.90527
63.637954 9346.67664
83.480163 9350.448
56.690243 9354.21814
37.826071 9357.98889
75.530018 9361.75842
138.592895 9365.52673
66.129635 9369.29504
60.67518 9373.06274
87.951885 9376.83044
68.119177 9380.5957
79.000269 9384.36218
75.557659 9388.12744
87.00713 9391.89148
24.919134 9395.65613
65.102982 9399.41956
55.675067 9403.18237
78.555681 9406.94458
76.105798 9410.70557
28.40773 9414.46655
-22.230662 9418.22693
-8.831053 9421.98669
94.455185 9425.74646
56.225809 9429.50562
13.511518 9433.26294
30.387316 9437.02026
49.259466 9440.77698
24.942106 9444.53369
28.911425 9448.28918
66.143152 9452.04468
29.885545 9455.79834
-13.798546 9459.55261
9.050354 9463.30627
20.953232 9467.05811
82.030304 9470.81055
43.308669 9474.56177
-14.287898 9478.31238
48.746381 9482.06238
-9.822889 9485.81238
45.794777 9489.56116
52.24805 9493.30933
22.450452 9497.05811
44.788873 9500.80505
-23.719848 9504.55139
24.931787 9508.29773
34.352217 9512.04346
62.676252 9515.78735
37.842368 9519.53186
59.730135 9523.27515
64.638315 9527.01843
57.672697 9530.76172
42.796921 9534.50195
37.339115 9538.24341
63.646252 9541.98486
27.406036 9545.72449
76.064594 9549.4635
33.875369 9553.20251
50.739345 9556.94092
-4.855776 9560.67871
31.385302 9564.41589
30.891986 9568.15125
28.897737 9571.88721
18.974981 9575.62256
32.378593 9579.3573
11.032247 9583.09021
2.094314 9586.82373
41.815 9590.55664
3.087171 9594.28955
-22.226222 9598.02063
9.049069 9601.7511
9.544309 9605.48157
42.810009 9609.21143
26.916193 9612.94128
32.885599 9616.66809
10.53191 9620.39612
29.896849 9624.12415
19.467758 9627.85095
36.351843 9631.57715
-26.20408 9635.30151
20.960603 9639.02649
34.350334 9642.75146
45.290355 9646.47522
62.180351 9650.19714
50.247868 9653.92029
62.138732 9657.6416
7.555082 9661.36292
63.664511 9665.08423
-14.795513 9668.80371
32.379959 9672.52319
47.781876 9676.24207
37.845653 9679.96094
45.292515 9683.67737
14.013843 9687.39441
20.467244 9691.11084
39.333452 9694.82666
48.273075 9698.54248
-24.718771 9702.25586
75.593397 9705.96985
87.009468 9709.68323
2.590571 9713.39661
14.011102 9717.10754
1.101521 9720.81909
21.454753 9724.53064
-21.235389 9728.24097
31.390473 9731.94946
35.357253 9735.65918
50.747765 9739.36768
96.401779 9743.07556
-5.849508 9746.78284
31.875833 9750.48828
15.503687 9754.19495
10.042744 9757.90039
41.808645 9761.60522
41.815704 9765.30884
-3.863124 9769.01245
7.556286 9772.71606
-14.286575 9776.41846
-1.878395 9780.12024
-10.320217 9783.82019
27.413422 9787.52136
29.40065 9791.22131
17.987192 9794.92065
43.315539 9798.61877
0.108426 9802.31689
0.604921 9806.0144
28.90117 9809.71191
32.396412 9813.4082
28.91485 9817.10266
19.481102 9820.79773
50.746481 9824.4928
35.846129 9828.18604
6.563644 9831.87866
42.799578 9835.57129
58.212821 9839.26331
14.014169 9842.95471
15.004711 9846.64612
29.890318 9850.33569
25.930445 9854.02527
25.931101 9857.71362
31.393389 9861.40259
5.071938 9865.08911
4.575905 9868.77625
24.950531 9872.46277
25.433697 9876.14929
13.51439 9879.83459
25.439729 9883.51807
-22.739413 9887.20215
63.153601 9890.88623
28.905044 9894.56909
-0.388153 9898.25012
49.786644 9901.93115
5.075287 9905.61279
19.473345 9909.29321
5.073391 9912.97302
44.312006 9916.651
15.502766 9920.3302
56.206469 9924.00818
32.389818 9927.68494
40.322503 9931.36047
29.414589 9935.03723
11.53043 9938.71277
46.305154 9942.3877
-31.685303 9946.0614
6.066408 9949.7345
22.952448 9953.40759
26.435672 9957.08008
12.520194 9960.75195
-1.381306 9964.422
23.445691 9968.09265
-29.183184 9971.7627
58.699736 9975.43152
-23.235922 9979.10095
56.710655 9982.76733
34.860957 9986.43494
17.97825 9990.10193
39.331456 9993.76831
29.903437 9997.43286
-9.327961 10001.09802
39.328077 10004.76257
62.179167 10008.42651
30.407209 10012.08923
7.061194 10015.75134
-12.303385 10019.41284
66.145254 10023.07434
-15.77878 10026.73523
69.617062 10030.39429
30.393193 10034.05334
20.468111 10037.71179
35.871617 10041.37024
14.511568 10045.02808
11.527274 10048.68408
26.916512 10052.34009
-16.775223 10055.99609
-50.037366 10059.65149
-23.730203 10063.30444
7.557621 10066.95862
-14.793259 10070.61218
34.876137 10074.26453
-7.837702 10077.91626
8.551628 10081.56677
-23.231517 10085.21729
-14.294084 10088.8678
24.435841 10092.51709
-30.672164 10096.16577
-4.858021 10099.81384
19.973089 10103.4613
15.004474 10107.10754
-44.588281 10110.75439
9.047287 10114.39941
5.567132 10118.04443
22.457779 10121.68884
24.930586 10125.33325
-9.324706 10128.97522
-1.381472 10132.6178
24.432823 10136.26038
13.513113 10139.90112
24.932974 10143.54187
31.883087 10147.1814
19.47016 10150.82153
70.12568 10154.46045
17.482092 10158.09937
47.283492 10161.73523
18.476384 10165.3717
5.56877 10169.00879
-10.321094 10172.64404
17.487993 10176.27991
28.90738 10179.91333
-14.787371 10183.54675
78.591888 10187.18018
-0.884796 10190.81299
23.939082 10194.44397
17.985704 10198.07495
-18.76544 10201.70593
34.374552 10205.33691
-2.870766 10208.96606
13.512793 10212.5946
-1.877579 10216.22253
44.821792 10219.85046
12.027952 10223.47778
39.331261 10227.10327
10.536577 10230.72876
29.909517 10234.35364
8.054401 10237.97852
-31.667588 10241.60278
-47.557073 10245.22461
-13.796911 10248.84766
40.82361 10252.46948
2.095131 10256.09131
-1.877964 10259.71069
15.003595 10263.3313
-26.715191 10266.94946
-17.763533 10270.56885
0.604671 10274.18823
-5.353455 10277.80396
-4.86116 10281.4209
-3.36754 10285.03784
11.035244 10288.65479
-23.221516 10292.26807
49.268621 10295.88135
-18.268431 10299.49707
17.97825 10303.10913
-8.333145 10306.72241
38.84527 10310.33325
-2.374041 10313.94531
8.057342 10317.55493
28.414216 10321.16577
45.792704 10324.77417
39.347379 10328.38257
14.508388 10331.99097
61.686668 10335.59937
4.080395 10339.20654
17.988447 10342.81128
5.569757 10346.41724
15.506443 10350.02197
18.480637 10353.62671
37.354213 10357.229
47.771643 10360.83252
-9.328095 10364.43481
-8.332161 10368.03711
14.012388 10371.6394
-0.884922 10375.23804
-18.765283 10378.83789
-35.64833 10382.43774
8.551468 10386.03638
-28.692941 10389.63257
16.000486 10393.2312
36.369874 10396.82861
