0.0 1883.01102
0.0 1887.64923
-0.0 1892.28699
-0.0 1896.92459
-0.0 1901.56158
-0.0 1906.19812
-0.0 1910.83435
-0.0 1915.47043
-0.0 1920.1059
0.0 1924.74091
0.0 1929.37561
-0.0 1934.01001
0.0 1938.6441
0.0 1943.27759
0.0 1947.91077
-0.0 1952.54349
-0.0 1957.17575
-0.0 1961.80786
0.0 1966.43951
0.0 1971.07071
0.0 1975.70145
0.0 1980.33203
0.0 1984.96216
-0.0 1989.59167
-0.0 1994.22089
-0.0 1998.84979
0.0 2003.47855
-0.0 2008.10654
-0.0 2012.73422
-0.0 2017.3616
0.0 2021.98853
-0.0 2026.61514
-0.0 2031.2413
-0.0 2035.867
-0.0 2040.4924
-0.0 2045.11734
-0.0 2049.74197
-0.0 2054.36615
-0.0 2058.99002
-0.0 2063.61343
-0.0 2068.23654
-0.0 2072.85919
-0.0 2077.48123
-0.0 2082.10327
-0.0 2086.72485
-0.0 2091.34583
-0.0 2095.96649
-0.0 2100.5867
-0.0 2105.20676
-0.0 2109.82635
-0.0 2114.44534
-0.0 2119.06403
0.0 2123.6824
-0.0 2128.30048
-0.0 2132.91779
-0.0 2137.53494
-0.0 2142.15179
-0.0 2146.76819
-0.0 2151.38412
-0.0 2155.9996
-0.0 2160.61493
-0.0 2165.22949
-0.0 2169.84406
-0.0 2174.45801
0.0 2179.07166
-0.0 2183.68484
-0.0 2188.29773
-0.0 2192.91031
-0.0 2197.52228
-0.0 2202.13379
-0.0 2206.745
-0.0 2211.35574
-0.0 2215.96634
-0.0 2220.57648
-0.0 2225.186
-0.0 2229.79553
-0.0 2234.4043
-0.0 2239.01276
-0.0 2243.62076
-0.0 2248.22845
-0.0 2252.83569
-0.0 2257.44278
-0.0 2262.0491
-0.0 2266.65512
-0.0 2271.26114
-0.0 2275.86639
-0.0 2280.47119
-0.0 2285.07568
-0.0 2289.67972
-0.0 2294.28345
-0.0 2298.88687
-0.0 2303.48984
-0.0 2308.09219
-0.0 2312.6944
-0.0 2317.29614
-0.0 2321.89758
-0.0 2326.49841
-0.0 2331.09894
-0.0 2335.69901
-0.0 2340.29892
-0.0 2344.89822
-0.0 2349.49707
-0.0 2354.09561
-0.0 2358.69385
-0.0 2363.29163
-0.0 2367.88895
-0.0 2372.48581
-0.0 2377.08237
0.0 2381.67847
-0.0 2386.27441
-0.0 2390.8696
-0.0 2395.46463
-0.0 2400.0592
-0.0 2404.65332
-0.0 2409.24698
-0.0 2413.84033
-0.0 2418.43338
-0.0 2423.02597
-0.0 2427.6181
-0.0 2432.20993
-0.0 2436.80115
-0.0 2441.39221
-0.0 2445.98282
-0.0 2450.57297
-0.0 2455.16266
-0.0 2459.75189
-0.0 2464.34082
-0.0 2468.92944
-0.0 2473.51761
-0.0 2478.10516
-0.0 2482.69272
-0.0 2487.27951
0.0 2491.866
-0.0 2496.45218
-0.0 2501.0379
-0.0 2505.62317
-0.0 2510.20813
-0.0 2514.79279
-0.0 2519.37668
-0.0 2523.96057
-0.0 2528.54385
-0.0 2533.12683
-0.0 2537.7092
-0.0 2542.29126
-0.0 2546.87302
-0.0 2551.45432
-0.0 2556.035
-0.0 2560.61584
-0.0 2565.19592
-0.0 2569.7757
-0.0 2574.35455
-0.0 2578.93372
-0.0 2583.51196
-0.0 2588.0899
-0.0 2592.66754
-0.0 2597.24487
-0.0 2601.8219
-0.0 2606.39832
-0.0 2610.97443
-0.0 2615.54993
-0.0 2620.12512
-0.0 2624.69971
-0.0 2629.27429
-0.0 2633.84827
-0.0 2638.42194
-0.0 2642.9953
-0.0 2647.56805
-0.0 2652.1405
-0.0 2656.71234
-0.0 2661.28387
0.0 2665.8551
-0.0 2670.42572
-0.0 2674.99573
-0.0 2679.56604
-0.0 2684.13574
-0.0 2688.70483
-0.0 2693.27362
-0.0 2697.8418
-0.0 2702.40936
-0.0 2706.97693
-0.0 2711.54419
-0.0 2716.11053
-0.0 2720.67688
-0.0 2725.24292
-0.0 2729.80835
-0.0 2734.37347
-0.0 2738.93799
-0.0 2743.5025
-0.0 2748.0661
-0.0 2752.62939
-0.0 2757.19238
-0.0 2761.75507
-0.0 2766.31714
-0.0 2770.87891
-0.0 2775.44067
-0.0 2780.00122
-0.0 2784.56177
-0.0 2789.12201
-0.0 2793.68164
-0.0 2798.24097
-0.0 2802.79968
-0.0 2807.3584
-0.0 2811.9162
-0.0 2816.474
-0.0 2821.03149
-0.0 2825.58838
-0.0 2830.14465
-0.0 2834.70062
-0.0 2839.25629
-0.0 2843.81134
-0.0 2848.36639
-0.0 2852.92053
-0.0 2857.47467
-0.0 2862.0282
0.0 2866.58142
-0.0 2871.13434
-0.0 2875.68634
-0.0 2880.23804
-0.0 2884.78973
-0.0 2889.34113
-0.0 2893.8913
-0.0 2898.44208
-0.0 2902.99164
-0.0 2907.54089
-0.0 2912.08984
-0.0 2916.63879
-0.0 2921.18683
-0.0 2925.73456
-0.0 2930.28198
-0.0 2934.82849
-0.0 2939.37561
-0.0 2943.92151
-0.0 2948.46741
-0.0 2953.01239
-0.0 2957.55737
0.0 2962.10175
-0.0 2966.64581
-0.0 2971.18958
-0.0 2975.73242
-0.0 2980.27557
-0.0 2984.81812
-0.0 2989.35974
-0.0 2993.90137
-0.0 2998.44238
-0.00352646041618 3002.9834
-0.00145588398079 3007.5235
-0.000435829994529 3012.0636
-0.00502434805712 3016.60278
-0.00235038133498 3021.14197
-0.00420352245591 3025.68054
-0.00478676353627 3030.21881
-0.00526688121444 3034.75677
-0.00290437391618 3039.29413
-0.00479194382339 3043.83118
-0.00355719270251 3048.36761
-0.00247690993503 3052.90375
-0.00271064272799 3057.43958
-0.00161278818149 3061.9751
-0.000942869790098 3066.5097
-0.00243215614585 3071.04431
0.000680485752566 3075.578
-0.00060863761037 3080.11169
-0.00702785359285 3084.64508
-0.00147816242043 3089.17755
-0.00300076285943 3093.71063
-0.00386893013233 3098.24219
-0.00186193111087 3102.77374
-0.00505357786368 3107.30499
-0.00414686377327 3111.83563
-0.00290390883835 3116.36597
-0.00150828682316 3120.89569
-0.00267816703001 3125.42511
-0.00466780381368 3129.95422
-0.00309922784422 3134.48273
-0.00177504711444 3139.01093
-0.00186676000729 3143.53882
-0.00750588618394 3148.0658
-0.00340980853659 3152.59308
-0.00525988863166 3157.11975
-0.00325652592052 3161.64581
-0.00569534270791 3166.17126
-0.00254288264034 3170.69672
-0.00277368386429 3175.22156
-0.00430060308107 3179.74579
-0.000309191742171 3184.27002
-0.00078720857073 3188.79333
-0.0028647726658 3193.31665
0.000561223470947 3197.83936
-0.00645289146362 3202.36176
-0.00373339469 3206.88354
-0.00274281264464 3211.40503
-0.00124169612041 3215.92651
-0.000812976652711 3220.44647
-0.00222433062773 3224.96704
-0.00311998218248 3229.48639
-0.00307294403626 3234.00604
0.000340956217736 3238.52509
-0.00216686111287 3243.04352
-0.00220236150651 3247.56165
-0.00143404716514 3252.07916
-0.000797208271987 3256.59668
-0.00070890079512 3261.11328
-0.000662251226628 3265.62988
-0.000697555293941 3270.14557
-0.00333309279999 3274.66156
-0.00128584022578 3279.17664
-0.00285879624953 3283.6911
-0.00293922240486 3288.20557
-0.00409778198944 3292.71942
-0.000990252399231 3297.23297
-0.00337865185411 3301.74561
-0.00158932720048 3306.25854
-0.000909558265278 3310.77026
-0.00365454321411 3315.28229
-0.00148053120463 3319.7937
-0.00235978583894 3324.3045
-0.00146904380084 3328.815
-0.00127898319783 3333.32489
-0.00175912106571 3337.83478
-0.000982637952347 3342.34406
-0.000647212674032 3346.85303
-0.000704253128983 3351.36078
-0.00291736952253 3355.86914
-3.12180643952e-05 3360.37659
-0.00118283042475 3364.88342
9.27295939902e-05 3369.39026
-0.00146728711051 3373.89648
0.000333126937762 3378.4024
0.000149956314553 3382.90771
-0.00103701729023 3387.41272
-0.00128888480555 3391.91681
-0.000173519118154 3396.4212
-0.00160215979942 3400.92468
-0.000848131203247 3405.42816
0.000726875659808 3409.93103
0.00080189449592 3414.43329
-2.71963684235e-05 3418.93555
0.00203101213046 3423.43689
0.00144821052208 3427.93793
0.000929703096518 3432.43866
0.00504639233669 3436.93878
0.000442838580584 3441.4389
0.000747526827097 3445.93842
0.00135143384194 3450.43732
0.00174006267102 3454.93591
-0.000698315689614 3459.43359
0.00175066650627 3463.93158
0.00153616911494 3468.42896
0.00245951876612 3472.92542
0.00140803623831 3477.42218
0.00217326230425 3481.91803
0.00273748094532 3486.41357
0.00255101061587 3490.90881
0.00448278850201 3495.40314
0.00556317298234 3499.89777
0.0063781002714 3504.39148
0.0100454932535 3508.88489
0.0195585571487 3513.37799
0.0382109532781 3517.87048
0.0545001112988 3522.36267
0.0614301370205 3526.85425
0.0554160148662 3531.34552
0.0438374797778 3535.83649
0.0297285264644 3540.32684
0.0199860916902 3544.81659
0.015463152097 3549.30634
0.0116046946635 3553.79517
0.0098623447248 3558.2843
0.00959809261769 3562.77222
0.00930530258533 3567.26013
0.00857937954632 3571.74774
0.0084056421173 3576.23444
0.00668322349817 3580.72113
0.00692669541419 3585.20721
0.00798514462564 3589.69299
0.00798953122088 3594.17786
0.00806435425157 3598.66302
0.00884127001516 3603.14697
0.00920481948858 3607.63123
0.00893581506854 3612.11456
0.00794791209921 3616.5976
0.00953610038271 3621.08032
0.00855839105268 3625.56244
0.00870735678195 3630.04456
0.00998194112774 3634.52576
0.015009073801 3639.00696
0.0275653076742 3643.48663
0.0562761562214 3647.96722
0.0828110331182 3652.4469
0.0925882924087 3656.92596
0.0775767095719 3661.40472
0.0576307720908 3665.88287
0.0391294316259 3670.36102
0.0229771850617 3674.83826
0.0168220342281 3679.31549
0.0128035049052 3683.79181
0.0128884466798 3688.26843
0.0114844783649 3692.74384
0.0101037267401 3697.21924
0.0105331943331 3701.69403
0.0115655357988 3706.16821
0.0112123615326 3710.6427
0.0104642586154 3715.11566
0.0106064681397 3719.58923
0.0108862595113 3724.06158
0.0099753219969 3728.53424
0.0105725198714 3733.00568
0.0105280321818 3737.47711
0.0110819873956 3741.94794
0.012744561146 3746.41846
0.0134010618353 3750.88898
0.0135535029299 3755.35828
0.0140150182917 3759.82758
0.0179085455646 3764.29596
0.0243230580828 3768.76465
0.0407800108917 3773.23242
0.0623541582518 3777.69989
0.0772908815793 3782.16675
0.0748000742546 3786.6333
0.0650631713698 3791.09985
0.0541446553655 3795.56519
0.0444291863667 3800.03052
0.034870923977 3804.49524
0.0275438862767 3808.95996
0.0233766079219 3813.42377
0.0169893280525 3817.88727
0.015034901952 3822.35046
0.0138835377187 3826.81274
0.0120638458267 3831.27533
0.0130732083594 3835.73669
0.0118285472361 3840.19836
0.0114292445126 3844.65912
0.0115233370902 3849.11957
0.0104767594303 3853.57971
0.011153051809 3858.03925
0.0113897058017 3862.49847
0.0113827409559 3866.95679
0.0113799488138 3871.41541
0.0113145696981 3875.87311
0.0114413921875 3880.33051
0.0114490772126 3884.78729
0.0118118825334 3889.24408
0.0123509718349 3893.69995
0.0118901303632 3898.15552
0.0123966783226 3902.61078
0.0131977583646 3907.06543
0.012784878878 3911.52008
0.0131814970941 3915.97351
0.0120855684507 3920.42725
0.0123212303403 3924.87976
0.0128398413542 3929.33289
0.0123265086286 3933.78479
0.0121618371209 3938.23639
0.0122361738541 3942.68768
0.012028749385 3947.13837
0.0131838727686 3951.58905
0.0137088225236 3956.03851
0.0135950373833 3960.48798
0.0128227776793 3964.93683
0.0126096363196 3969.38568
0.0129531302436 3973.83392
0.0136784248454 3978.28156
0.0137891705501 3982.72888
0.0141641639453 3987.1756
0.0129724215224 3991.62201
0.0131448027205 3996.06781
0.0134546816307 4000.51361
0.0133732658648 4004.95819
0.0136840285434 4009.40308
0.0143529781295 4013.84705
0.0134766858762 4018.29102
0.014125659034 4022.73438
0.0131187078743 4027.17682
0.014050504291 4031.61926
0.0167105061132 4036.0611
0.0237256650124 4040.50293
0.0430456405096 4044.94385
0.0513678818076 4049.38446
0.04848564995 4053.82477
0.0354888041913 4058.26447
0.0262200173926 4062.70386
0.0190532073031 4067.14233
0.0148776263549 4071.58081
0.0166371399588 4076.01868
0.0177746613847 4080.45624
0.0184569770438 4084.89319
0.0176029185795 4089.33014
0.0238435842856 4093.76617
0.0435067360677 4098.2019
0.0730447186523 4102.63702
0.0912300538676 4107.07184
0.0864332481899 4111.50635
0.0726412951811 4115.94025
0.0576103960463 4120.37384
0.0445474211068 4124.80682
0.0368689072691 4129.23981
0.0304686835663 4133.67126
0.0241201025576 4138.10333
0.0198672385737 4142.53479
0.016529833559 4146.96533
0.0142012732711 4151.39587
0.0138734983176 4155.82581
0.0126961421558 4160.25543
0.0129538885297 4164.68414
0.0123840166095 4169.11285
0.0124170585055 4173.54065
0.0111989653712 4177.96875
0.0126377892937 4182.39594
0.012577067184 4186.82281
0.0128528696527 4191.24908
0.0119339612185 4195.67505
0.0123983240663 4200.10071
0.0132727745177 4204.52545
0.0131186015391 4208.9502
0.0132995263532 4213.37372
0.0128414974163 4217.79785
0.0130781411202 4222.22107
0.0127949154225 4226.64368
0.0133581906947 4231.06628
0.01344103668 4235.48798
0.013855755076 4239.90967
0.0141095297325 4244.33044
0.0143953059006 4248.75092
0.0135174014575 4253.17078
0.0135002036405 4257.59064
0.0146042414812 4262.00989
0.0142059324556 4266.42853
0.0149480202721 4270.84686
0.0155375558035 4275.26459
0.0148628380504 4279.68201
0.0154147615033 4284.09912
0.0158012406443 4288.51563
0.0146173399413 4292.93121
0.0161778493623 4297.34711
0.0161070915979 4301.76239
0.0164457295387 4306.17706
0.0164487205346 4310.59113
0.0168979814378 4315.00488
0.0162136140187 4319.41833
0.0175811700802 4323.83087
0.0174441892112 4328.24341
0.0189749223662 4332.65533
0.0206270498276 4337.06726
0.0227975294898 4341.47827
0.0251040446299 4345.88867
0.035199849997 4350.29877
0.0650678518677 4354.70825
0.0950260729734 4359.11804
0.105978757672 4363.52661
0.084432818639 4367.93518
0.0688325009227 4372.34283
0.056236749884 4376.75049
0.0440716594671 4381.15723
0.036398676791 4385.56396
0.0342798479186 4389.9704
0.033193091689 4394.37561
0.0342180740494 4398.78113
0.0350966396532 4403.18573
0.0351506256855 4407.59033
0.0362611045897 4411.99341
0.0363076169992 4416.39709
0.0382059898062 4420.79956
0.0380575723766 4425.20264
0.0389331753034 4429.6051
0.040059257975 4434.00604
0.0398738911766 4438.40759
0.0395477584707 4442.80762
0.0372788836892 4447.20825
0.0355241983451 4451.60767
0.0322010651197 4456.00739
0.0278399369785 4460.40558
0.0235846660015 4464.80438
0.0214415852016 4469.20258
0.0185317570466 4473.59955
0.0165101688268 4477.99713
0.0144765766424 4482.39319
0.0138963886409 4486.78955
0.0144304606117 4491.185
0.013394389452 4495.58014
0.0176793865094 4499.97498
0.0340118200162 4504.36951
0.0827975960593 4508.76343
0.141287761627 4513.15674
0.164559051153 4517.54974
0.150245687844 4521.94183
0.124961751399 4526.33392
0.102283990774 4530.7251
0.0816802604082 4535.11688
0.0646878258318 4539.50684
0.0482400662639 4543.8974
0.0386882410023 4548.28735
0.0299205632315 4552.67639
0.0221993519012 4557.06543
0.0160714244615 4561.45325
0.0125994910693 4565.84137
0.0100004972367 4570.22858
0.00737181058072 4574.61578
0.00656208417209 4579.00208
0.00614086092983 4583.38867
0.00541344393329 4587.77405
0.00517547745312 4592.15912
0.00510428040694 4596.54388
0.00495483811657 4600.92773
0.00505467606084 4605.31189
0.00451662819039 4609.69513
0.00410505908765 4614.07806
0.00429863070292 4618.46008
0.00381381583329 4622.84241
0.00441921311608 4627.22351
0.00410593845588 4631.60461
0.00427018575842 4635.98541
0.00453378095679 4640.3653
0.00405358132412 4644.74518
0.00372848530269 4649.12384
0.00364884522496 4653.50281
0.00391659572901 4657.88086
0.0049880017482 4662.25891
0.00484826645068 4666.63605
0.00430503711745 4671.01318
0.00498790736387 4675.39001
0.00504641433991 4679.76563
0.00468152506914 4684.14124
0.0041434491712 4688.51593
0.00441933907379 4692.89063
0.00451937090381 4697.2644
0.00415683421553 4701.63849
0.00388339225635 4706.01135
0.00370988526381 4710.38422
0.00417091194919 4714.75677
0.00389533588167 4719.12811
0.00424795033559 4723.50006
0.00435035432201 4727.87048
0.00355302359902 4732.24121
0.00371542387799 4736.61072
0.00417750920233 4740.98053
0.00383947301416 4745.34943
0.00383083285646 4749.71802
0.0044795986533 4754.0863
0.00383565522027 4758.45367
0.00400598139859 4762.82104
0.00407353134956 4767.1875
0.00335038869107 4771.55426
0.00359177974708 4775.91949
0.00376002199866 4780.28503
0.00367817313142 4784.64966
0.00350667935089 4789.01428
0.00400850195221 4793.3786
0.00337059530382 4797.7417
0.00322516695405 4802.1051
0.00354432510541 4806.46698
0.00337138726254 4810.82947
0.00349336750408 4815.19073
0.00350022749416 4819.552
0.00372363829038 4823.91266
0.00338711555148 4828.27301
0.00367290351146 4832.63306
0.00395510884762 4836.99188
0.00369175986909 4841.35101
0.00312938403712 4845.70923
0.00376214285678 4850.06744
0.00411429058571 4854.42413
0.00348650406888 4858.78174
0.0039196672235 4863.13782
0.00415335796959 4867.4939
0.00395778846607 4871.84998
0.00366230519088 4876.20453
0.00398466334968 4880.55939
0.00383107107805 4884.91333
0.00368873244119 4889.26727
0.00394301434714 4893.6203
0.0040650568958 4897.97302
0.00407846288802 4902.32513
0.00387208907342 4906.67755
0.00430131646027 4911.02905
0.0046119991421 4915.37964
0.00490813953333 4919.73022
0.00477702466406 4924.0799
0.00464718760137 4928.42957
0.00426873132068 4932.77832
0.00409545317911 4937.12738
0.00418880080305 4941.47491
0.00400482022815 4945.82275
0.00410697558076 4950.17029
0.00397503505396 4954.5166
0.00410661172163 4958.86292
0.00385136957772 4963.20831
0.00408703888578 4967.55402
0.00456169266129 4971.8985
0.0051455700998 4976.24298
0.0061293220755 4980.58655
0.0067482194602 4984.93042
0.00675668228155 4989.27368
0.00600291695272 4993.61572
0.005369702719 4997.95807
0.00541118430611 5002.29919
0.00450405823583 5006.64063
0.00450697082402 5010.98083
0.00428233896609 5015.32104
0.00405819502779 5019.66064
0.00424459962746 5023.99994
0.00382156562758 5028.33893
0.00405142336395 5032.677
0.00416645028401 5037.01477
0.003549035813 5041.35193
0.00393714501167 5045.68909
0.00361482473033 5050.02502
0.00378336528767 5054.36127
0.00412324877221 5058.69629
0.00380287432298 5063.03162
0.00388737024697 5067.36603
0.00380943263971 5071.69983
0.00399944448951 5076.03363
0.00421020421881 5080.36621
0.00391792190806 5084.6994
0.00403963437565 5089.03107
0.0041025537644 5093.36304
0.0040271121885 5097.69379
0.00397568457014 5102.02484
0.00405518585011 5106.35529
0.00446365550468 5110.68481
0.00410243687669 5115.01434
0.00415726355464 5119.34265
0.00435433257191 5123.67126
0.0041188719451 5127.99927
0.00387114205099 5132.32605
0.00410633223877 5136.65344
0.0042733459443 5140.97961
0.00421429391262 5145.30579
0.00456924158828 5149.63135
0.00466663698779 5153.95691
0.00472397864384 5158.28064
0.00472185431849 5162.60498
0.00487254378786 5166.92871
0.00465834714798 5171.25183
0.00439783919544 5175.57373
0.00458429905497 5179.89624
0.00468123208429 5184.21753
0.00478296114017 5188.53943
0.00466750649984 5192.86072
0.00477203979762 5197.18018
0.00474559899162 5201.50024
0.0050055702115 5205.81909
0.00533757425647 5210.13855
0.00525756753549 5214.45679
0.00567903987162 5218.77502
0.00544481895282 5223.09204
0.0053987322716 5227.40906
0.00553366926762 5231.72546
0.0052009225056 5236.04187
0.00503673399308 5240.35767
0.00510542136294 5244.67224
0.00506767437353 5248.98682
0.00484343606196 5253.30078
0.00477364346828 5257.61475
0.00446432883867 5261.92749
0.00456543912103 5266.24023
0.00451852106104 5270.55237
0.00437864940088 5274.86389
0.00459553984447 5279.17542
0.00468747778661 5283.48572
0.0045368286478 5287.79663
0.00468364923387 5292.10571
0.00489048303115 5296.41541
0.00527870859486 5300.72388
0.00525437426546 5305.03235
0.00541166117565 5309.34082
0.00550823059909 5313.64746
0.0059368606402 5317.95532
0.00644285955286 5322.26135
0.00713158025641 5326.56738
0.00788181949594 5330.8728
0.0100619665657 5335.17822
0.0162251595208 5339.48242
0.0500815793006 5343.78662
0.136358251787 5348.09082
0.222201719507 5352.39319
0.252206923893 5356.69617
0.216200300479 5360.99792
0.183878364776 5365.29968
0.159039702318 5369.60083
0.136927603154 5373.90137
0.113637802491 5378.2019
0.0933112971795 5382.50183
0.076979102795 5386.80115
0.0607009014233 5391.09985
0.0502850436225 5395.39795
0.0420986145611 5399.69543
0.03425284565 5403.99292
0.0273978857515 5408.28979
0.0211165997605 5412.58606
0.016638142908 5416.88171
0.0130656281323 5421.17737
0.0108596236024 5425.47302
0.00902033888659 5429.76685
0.00747724880205 5434.06128
0.00696916043871 5438.35388
0.00676565537142 5442.64771
0.00722355903227 5446.9397
0.0109372777417 5451.2323
0.0467878277261 5455.52307
0.0975856858039 5459.81506
0.12424347239 5464.10583
0.099753922851 5468.39539
0.0699121853224 5472.68555
0.0598197876302 5476.97449
0.050412898298 5481.26282
0.0385913156538 5485.55054
0.0266834045597 5489.83887
0.01775439331 5494.12598
0.0121738046185 5498.41309
0.0090985293447 5502.69958
0.00732199576959 5506.98486
0.00647166036452 5511.27075
0.00594314288078 5515.55481
0.00544280597415 5519.83948
0.00538710624981 5524.12292
0.00564857911427 5528.40698
0.00572109422156 5532.6886
0.00575028279374 5536.97205
0.00543503101711 5541.25366
0.00523478336659 5545.53467
0.00495600223525 5549.81628
0.00497323351872 5554.09607
0.00501526106633 5558.37646
0.00498306565282 5562.65564
0.00456275409146 5566.93481
0.00442150975839 5571.21338
0.00442162171623 5575.49133
0.00455859031918 5579.76929
0.00472925069869 5584.04602
0.00416305522903 5588.32275
0.00445394081612 5592.59888
0.00456094710606 5596.87439
0.00459604714685 5601.14929
0.0043121623641 5605.42419
0.00431581671509 5609.69788
0.00404357003596 5613.97156
0.00408493639749 5618.24524
0.00441943929888 5622.5177
0.00422161191067 5626.79016
0.00413275448609 5631.0614
0.003830142539 5635.33264
0.00441872313263 5639.60327
0.00439273669046 5643.87329
0.00425912587199 5648.14331
0.00405962448254 5652.41272
0.00425060337099 5656.68213
0.00454511017684 5660.94971
0.00476199577569 5665.2179
0.00505587337157 5669.48425
0.0054675835731 5673.75183
0.00713758773907 5678.01819
0.0109797063991 5682.28394
0.0158193024187 5686.54846
0.0176437396517 5690.81421
0.0164101054191 5695.07874
0.0138314151013 5699.34265
0.0116296026534 5703.60596
0.0100415787739 5707.86865
0.00857202920412 5712.13074
0.00763502365816 5716.39282
0.00709444803846 5720.6543
0.00602668803632 5724.91516
0.00545647379856 5729.17603
0.00510311473249 5733.43567
0.0052149797463 5737.69531
0.00563078132797 5741.95435
0.00548813211937 5746.21277
0.0059595951556 5750.47119
0.00724567744108 5754.72839
0.0105994571824 5758.9856
0.022508465101 5763.24158
0.0388480256884 5767.49817
0.0480353559406 5771.75293
0.0425685814919 5776.0083
0.0344762838152 5780.26306
0.0407991210479 5784.51721
0.0527518149367 5788.77136
0.0568778426998 5793.02429
0.0469393085895 5797.27661
0.0338981443012 5801.52832
0.0281702956998 5805.78064
0.0238317438418 5810.03113
0.0191113764458 5814.28223
0.015682456157 5818.53271
0.0114955416224 5822.78198
0.00924433635987 5827.03125
0.00784970728235 5831.2793
0.00714822844787 5835.52795
0.00684790721888 5839.77539
0.00681987023469 5844.02283
0.00662495687469 5848.26965
0.00678191038452 5852.51587
0.00680873187825 5856.76208
0.00761800032305 5861.00647
0.00842265836787 5865.25208
0.0106656036324 5869.49524
0.0146232938765 5873.73962
0.0262352569073 5877.98218
0.0618866200877 5882.22534
0.120957620719 5886.46729
0.189462667685 5890.70984
0.233746492397 5894.95117
0.247298192181 5899.19128
0.23226654038 5903.43201
0.203309775316 5907.67151
0.176727992943 5911.91101
0.153403727143 5916.1499
0.12687789353 5920.38818
0.103577280123 5924.62524
0.0821074913731 5928.86292
0.0661623207701 5933.10059
0.053823132811 5937.33582
0.0448819776224 5941.57227
0.0389663668836 5945.8075
0.0349187444124 5950.04272
0.0305984134094 5954.27673
0.0277059906812 5958.51074
0.025821979161 5962.74353
0.023889145511 5966.97632
0.0220020147868 5971.20911
0.021024482965 5975.44067
0.0194787166616 5979.67224
0.0182494710401 5983.9032
0.0177698016366 5988.13354
0.0171022972272 5992.36328
0.0164681274743 5996.59241
0.0153421070662 6000.82153
0.0152183610234 6005.05005
0.0145839687141 6009.27795
0.0134321738533 6013.50525
0.0133770332467 6017.73254
0.0128781194506 6021.95862
0.0121970201832 6026.18408
0.0121628251854 6030.40955
0.011599055594 6034.6344
0.0109569330174 6038.85925
0.0103110011073 6043.0835
0.0107901258551 6047.30652
0.0103505406415 6051.52893
0.00997248138346 6055.75195
0.009821055998 6059.97375
0.00962433252892 6064.19495
0.00878008784085 6068.41553
0.00875358818248 6072.63672
0.00893145230344 6076.85608
0.00802228418823 6081.07605
0.00813022115155 6085.2948
0.00825948401094 6089.51294
0.00793209970784 6093.73108
0.00845041734435 6097.948
0.00825693100196 6102.16553
0.00816520589502 6106.38123
0.00796036175561 6110.59753
0.00792694653877 6114.81262
0.00745922590893 6119.02832
0.00713043061776 6123.24219
0.00716243321106 6127.45605
0.00695991967365 6131.66931
0.00684076188274 6135.88196
0.00616582532762 6140.0946
0.0069338736834 6144.30664
0.00708428734422 6148.51807
0.00737740132957 6152.72827
0.00901668468523 6156.93909
0.00911645638676 6161.14929
0.00873469555338 6165.35889
0.00801525818945 6169.56787
0.00761838203657 6173.77563
0.00745409433378 6177.9834
0.00660173908325 6182.19055
0.00698653147656 6186.39832
0.00639899103096 6190.60364
0.00648311087229 6194.81018
0.00594167592033 6199.01611
0.00598814859514 6203.22083
0.006299808954 6207.42493
0.00629467952514 6211.62842
0.00627830422515 6215.83191
0.00606959130697 6220.03418
0.0060792655575 6224.23706
0.00550893034478 6228.43872
0.00566932206306 6232.64038
0.00559527668852 6236.84143
0.00606046301473 6241.04126
0.00570254844107 6245.2417
0.00548269240114 6249.44031
0.00556069247231 6253.64014
0.00499280464959 6257.83752
0.00547811975048 6262.03552
0.0052549210658 6266.2323
0.00563149423174 6270.42969
0.00546586553878 6274.62585
0.00588659370191 6278.82141
0.00539927435381 6283.01697
0.00498116667058 6287.2113
0.00511474912506 6291.40625
0.00535206172558 6295.59998
0.0048553334202 6299.79309
0.00498007551646 6303.9856
0.0051118377911 6308.1781
0.00502618699745 6312.37
0.00512237934669 6316.56067
0.00534602233475 6320.75195
0.00489686398941 6324.94202
0.00502117793203 6329.13208
0.00502481091225 6333.32092
0.00471279389582 6337.50977
0.0047658078669 6341.69739
0.00501433877165 6345.88562
0.00466260161062 6350.07263
0.00491245513825 6354.25964
0.00485703453091 6358.44543
0.00516014190112 6362.63123
0.00437596990574 6366.81641
0.00535053542932 6371.00037
0.00486454066832 6375.18494
0.00491715289414 6379.36829
0.00533469070106 6383.55164
0.00527592832581 6387.73438
0.00495403336008 6391.9165
0.00423867347789 6396.09863
0.00448471155792 6400.27893
0.00503457739914 6404.45984
0.00467733573085 6408.63953
0.00447774717322 6412.81921
0.00417773673532 6416.99829
0.00477926139136 6421.17676
0.00460131657973 6425.35461
0.00413737528597 6429.53247
0.00443536784049 6433.70972
0.00421623174807 6437.88635
0.00466418321446 6442.06177
0.00402403417988 6446.23718
0.00463133698625 6450.4126
0.00485066432886 6454.58618
0.00446585656278 6458.76099
0.00490001905223 6462.93396
0.00436239806985 6467.10693
0.00502977545322 6471.27991
0.00420085752526 6475.45166
0.00478309865784 6479.62341
0.00432380221657 6483.79333
0.00431184231301 6487.96448
0.00484786647325 6492.13379
0.00468111107132 6496.3031
0.00420418655102 6500.4718
0.00495181679986 6504.63989
0.00465125648419 6508.80859
0.00407174240072 6512.97546
0.00460954084072 6517.14233
0.00397877790677 6521.30859
0.00462518220332 6525.47485
0.00455976056527 6529.63928
0.00456049929002 6533.80432
0.00459486148145 6537.96814
0.00501831661137 6542.13196
0.00760228794267 6546.29578
0.00973887490309 6550.45837
0.00983815145999 6554.62036
0.00827587581167 6558.78174
0.00734635763313 6562.94312
0.0067212360725 6567.10327
0.00644552912454 6571.26404
0.00689300062426 6575.42358
0.00534112471112 6579.58252
0.00550128088723 6583.74084
0.00496522767106 6587.89917
0.00427213014732 6592.05688
0.00495435177961 6596.21338
0.00430850971814 6600.37048
0.0045725238047 6604.52637
0.00433592929093 6608.68164
0.00488710437924 6612.83691
0.00406562737651 6616.99158
0.00394590148476 6621.14502
0.00451664571753 6625.29846
0.00372953075645 6629.45129
0.00389745479543 6633.60413
0.00438383548037 6637.75635
0.00392654693407 6641.90674
0.00420350282148 6646.05835
0.00405572682968 6650.20813
0.00457719938871 6654.35791
0.00418998599652 6658.50769
0.00387290879095 6662.65625
0.00464632668622 6666.8042
0.00415862774707 6670.95215
0.00402240224364 6675.09949
0.00421473268628 6679.24622
0.00396805113925 6683.39233
0.00427291680872 6687.53784
0.00415359154735 6691.68335
0.00472184764928 6695.82825
0.00999627515763 6699.97192
0.0214413465911 6704.1156
0.0296733345808 6708.25867
0.0287538680937 6712.40173
0.0214984015794 6716.54358
0.0168057341414 6720.68481
0.0145230193951 6724.82605
0.0133171275372 6728.96667
0.011871882161 6733.10669
0.00939376383513 6737.24609
0.00752238365753 6741.38489
0.00578018662349 6745.52307
0.00521622167772 6749.66064
0.00553187597732 6753.79822
0.00429161236874 6757.93579
0.00476516812381 6762.07153
0.00440688297891 6766.20789
0.00407551082411 6770.34241
0.00388178841713 6774.47754
0.0035753654148 6778.61206
0.00484536459564 6782.74597
0.00437758844135 6786.87866
0.00349710520778 6791.01135
0.00396208752607 6795.14404
0.00390570292052 6799.27551
0.00400359451829 6803.40698
0.00433019592347 6807.53723
0.00375374067187 6811.66748
0.004113331893 6815.79712
0.00368892086603 6819.92615
0.00347185408151 6824.05457
0.00371859017875 6828.18298
0.00450870729451 6832.31018
0.00414295325692 6836.43738
0.00400925231712 6840.56335
0.00405652967011 6844.68994
0.0041572678584 6848.81531
0.00374933580862 6852.93945
0.00382633840394 6857.06482
0.0049913160282 6861.18774
0.0044928342265 6865.31128
0.00423187939318 6869.43481
0.00372790498031 6873.55713
0.00370588210959 6877.67883
0.00355178694398 6881.79932
0.0034862163401 6885.92041
0.00384399052832 6890.04089
0.00435071999485 6894.16016
0.00438055354308 6898.27881
0.00414127909997 6902.39868
0.00445508948214 6906.51611
0.00449923437395 6910.63354
0.00464647611432 6914.75098
0.00320962045742 6918.86719
0.00446988207607 6922.9834
0.00410631322872 6927.099
0.0038197146469 6931.2146
0.00350625316158 6935.32837
0.00465283693993 6939.44214
0.00436136653046 6943.55652
0.00419695334229 6947.66846
0.00427924558508 6951.78101
0.00356901231324 6955.89294
0.00304500559113 6960.00366
0.00269716260734 6964.11438
0.00343640942754 6968.2251
0.00383398120492 6972.33459
0.00411559088837 6976.44409
0.00280223502158 6980.55298
0.00379015758953 6984.66064
0.00272062266916 6988.76831
0.00360892926349 6992.87537
0.00381404555383 6996.98181
0.00359834023079 7001.08826
0.0033796939261 7005.19348
0.00318301619093 7009.2981
0.00361459865033 7013.40271
0.00337658742244 7017.50732
0.00370777542408 7021.61011
0.00368192350778 7025.7135
0.00316733041563 7029.81567
0.00312349141622 7033.91724
0.00291087597628 7038.0188
0.0035470921841 7042.11914
0.00362971310452 7046.21948
0.00332486891022 7050.31921
0.0036279104124 7054.41895
0.00355708218943 7058.51746
0.00305847582343 7062.61536
0.00305419485755 7066.71265
0.00328692801052 7070.81055
0.00389041274804 7074.90662
0.00374865442111 7079.0033
0.0031693450172 7083.09814
0.00322365035158 7087.19299
0.00378600388441 7091.28784
0.00349353436397 7095.38147
0.00186266012741 7099.4751
0.00471020852921 7103.5675
0.00369508893827 7107.66052
0.00321637133122 7111.75171
0.00326648845062 7115.8429
0.00274129897963 7119.93347
0.00327020152523 7124.02405
0.00294849348302 7128.11401
0.00321873651301 7132.20276
0.00296492842965 7136.2915
0.00319604348976 7140.37964
0.00361025414367 7144.46777
0.00310578299431 7148.55408
0.00324369498094 7152.64099
0.00390457049799 7156.72668
0.00264839025683 7160.81177
0.00384033455887 7164.89746
0.00358816350248 7168.98132
0.00359281664914 7173.06519
0.00330970900565 7177.14844
0.00324186940625 7181.23108
0.00315903836339 7185.31372
0.00342812804675 7189.39514
0.00330102328854 7193.47595
0.00428739842424 7197.55676
0.00354928055718 7201.63696
0.00358394629183 7205.71716
0.00319444262585 7209.79614
0.0024653303127 7213.87451
0.00256854982714 7217.95227
0.00357696533735 7222.02942
0.0025441235198 7226.10718
0.0037287268243 7230.18311
0.00236069611751 7234.25903
0.00383090108917 7238.33374
0.00242145733256 7242.40906
0.00324125167197 7246.48376
0.00310765808404 7250.55725
0.002831625027 7254.63013
0.0023179296662 7258.703
0.00347588336935 7262.77466
0.00278813427202 7266.84631
0.00287510595812 7270.91797
0.00353634683321 7274.98779
0.00287718273207 7279.05823
0.00423295242444 7283.12805
0.00354061451885 7287.19666
0.00285902091923 7291.26526
0.00311120147288 7295.33264
0.00363966596927 7299.40063
0.00307868201967 7303.4668
0.00298629094926 7307.53357
0.00294073690021 7311.59851
0.00255031964966 7315.66406
0.00307315675706 7319.729
0.00367606149355 7323.79272
0.00320057057149 7327.85645
0.00358912906683 7331.91895
0.00255965153033 7335.98206
0.00245949286174 7340.04333
0.0029772862516 7344.10522
0.00333138404865 7348.16528
0.00331142710219 7352.22656
0.00316163339487 7356.28662
0.00210561221925 7360.34546
0.00137515098335 7364.4043
0.00255170339621 7368.46252
0.00340221550837 7372.52014
0.0026415960418 7376.57715
0.00292820151284 7380.63354
0.00327928396479 7384.68933
0.00324570358247 7388.74512
0.00393559891907 7392.80029
0.00396890287872 7396.85486
0.00336111985324 7400.90881
0.00289806490234 7404.96216
0.00362668371168 7409.0155
0.00347110552972 7413.06702
0.00260452600618 7417.11914
0.00210740105813 7421.17004
0.00329654111845 7425.22095
0.00353135534693 7429.27124
0.00344167743071 7433.32031
0.00369510896495 7437.37
0.0034100242659 7441.41785
0.00302561906286 7445.46631
0.00196370358277 7449.51355
0.0027322378735 7453.56079
0.00302613196736 7457.6062
0.00207206236822 7461.65283
0.00297269979683 7465.69824
0.0029900908067 7469.74243
0.00319589408519 7473.78723
0.00359358775742 7477.8302
0.00406644250392 7481.87378
0.00324603665268 7485.91614
0.00285032039958 7489.9585
0.00295898192943 7493.99963
0.00285601295255 7498.04077
0.00294729461305 7502.0813
0.0030749896152 7506.12122
0.0028056067878 7510.16052
0.00326005002417 7514.19922
0.00280382228435 7518.23792
0.0025625920985 7522.27478
0.00265181103484 7526.31226
0.0016605668807 7530.34851
0.00167049416587 7534.38477
0.00336000866115 7538.42102
0.00243187426352 7542.45544
0.00321181842871 7546.48987
0.00261758020798 7550.52368
0.00329352095672 7554.5575
0.00197073381113 7558.59009
0.00223965548092 7562.62268
0.00365873909053 7566.65405
0.00177328911366 7570.68542
0.00244758530822 7574.7168
0.00191965066408 7578.74634
0.00213663769947 7582.77588
0.00172149970176 7586.8042
0.00125894129151 7590.83374
0.0017451151684 7594.86084
0.00179827958485 7598.88916
0.00370152130789 7602.91504
0.00203158945947 7606.94214
0.00365872643726 7610.96802
0.00235259866236 7614.99268
0.0020202510106 7619.01733
0.00220205186112 7623.04199
0.00292655615349 7627.06543
0.00252522537597 7631.08826
0.00262264325417 7635.11108
0.00293982271794 7639.13208
0.00268700592926 7643.15369
0.00207855657669 7647.17529
0.00261912096281 7651.19568
0.0033198699605 7655.21545
0.00719846056893 7659.23462
0.0101416841417 7663.25317
0.00962312553404 7667.27112
0.00652296176501 7671.28845
0.00596127464035 7675.30518
0.00594229736489 7679.32251
0.00525766712058 7683.33862
0.00493487505458 7687.35413
0.00694466321279 7691.36841
0.00920065553488 7695.38269
0.00818895670425 7699.39636
0.00655982401607 7703.41003
0.00656167090837 7707.42249
0.0047000653088 7711.43433
0.00505062249142 7715.44617
0.00507178585478 7719.4574
0.00368404572133 7723.46802
0.00372522756882 7727.47803
0.00287450692101 7731.48682
0.00220969166095 7735.49622
0.00336785554158 7739.50439
0.00343481030075 7743.51196
0.00288595095665 7747.51892
0.000421784966573 7751.52588
0.00181915420026 7755.53162
0.00350393200648 7759.53735
0.00153403951138 7763.54309
0.00222207858751 7767.54639
0.00185107620016 7771.5509
0.000356683196549 7775.5542
0.000409361037614 7779.5575
0.0014899438565 7783.55896
0.00160030711162 7787.56104
0.00181601235974 7791.56189
0.0033900504041 7795.56274
0.000472446560508 7799.56299
-0.000554235312149 7803.56201
0.0016729059428 7807.56165
0.000988699416367 7811.56006
0.00309025326528 7815.55786
0.00213570405801 7819.55505
0.00212047188392 7823.55225
0.00297833984894 7827.54761
0.00167533577281 7831.54358
0.00253772645575 7835.53894
0.00141301926951 7839.53369
0.00175228932399 7843.52783
8.39471200769e-05 7847.52075
0.00299825741329 7851.51367
0.001688213154 7855.50598
0.00141261340273 7859.49768
0.00184397832247 7863.48877
0.00242176467345 7867.47986
0.00340550256811 7871.47034
0.00250188565768 7875.45959
0.00213841626206 7879.44885
0.00142301827802 7883.4375
0.00137150687199 7887.42493
0.00140727425236 7891.41235
0.000441974916006 7895.39917
0.00124251508386 7899.38538
0.0021682959342 7903.37158
0.000477381817259 7907.35718
0.0011975045747 7911.34094
0.000961357025092 7915.32532
0.00228977829754 7919.30847
0.00129953716057 7923.29224
0.00251456052338 7927.27417
0.00139740047192 7931.2561
0.00173559236837 7935.23682
-0.000579847387357 7939.21753
0.00232497610189 7943.19824
-0.000858855824379 7947.17773
0.00356661262711 7951.15723
0.00126484946749 7955.1355
0.00349591600097 7959.11377
0.00198745821136 7963.09082
0.00152761984121 7967.06787
0.00159650226263 7971.0437
0.00223204200291 7975.01953
0.00423052276936 7978.99536
0.00450385060891 7982.96936
0.00092468688364 7986.94397
0.00236960476003 7990.91736
0.000868660694767 7994.89014
0.00406791120998 7998.8623
0.00311136465315 8002.83447
0.00149626715283 8006.80542
0.00300062126455 8010.77637
0.0010795244886 8014.7467
0.0016064818018 8018.71643
0.00138002653751 8022.68555
0.00151454260683 8026.65405
0.00319948809982 8030.62256
0.0010912875816 8034.58923
0.00202150753142 8038.55652
0.000996923038484 8042.52258
0.00083307080237 8046.48804
0.000568202107135 8050.4541
0.00197717096312 8054.41833
0.00191620681392 8058.38257
0.00151784898164 8062.34619
0.000609360129829 8066.30859
0.00264825203515 8070.271
0.00201047219057 8074.23279
0.00225721765561 8078.19458
0.00123625913754 8082.15515
0.000138126939545 8086.11572
0.0020431476403 8090.07507
0.000487344257289 8094.03381
0.000454790216039 8097.99194
0.000984243652729 8101.95068
0.0014484627074 8105.90759
0.00184620996506 8109.8645
0.00135578878012 8113.8208
0.00100353386599 8117.77649
0.000503915600314 8121.73157
0.00184123660505 8125.68665
0.00144863716327 8129.6405
0.00196071156839 8133.59375
0.00232928083609 8137.54639
0.000547443607277 8141.49841
0.00244939956291 8145.45105
0.0003300415422 8149.40186
-0.000771214890849 8153.35266
0.00316538924795 8157.30347
0.00247212744216 8161.25244
0.00414136012315 8165.20203
0.0035955173741 8169.14978
0.0150664580622 8173.09753
0.0347159408303 8177.04468
0.0502690837852 8180.99182
0.0671982465489 8184.93774
0.0861019012238 8188.88367
0.0990577598305 8192.82898
0.0932756003708 8196.77307
0.0747295629996 8200.71716
0.0557491505542 8204.66003
0.0459583108544 8208.60291
0.0382176524191 8212.54517
0.0313997338728 8216.48743
0.0232784410103 8220.42786
0.0182886483341 8224.3689
0.0129845293084 8228.30872
0.0119180627173 8232.24792
0.00728004101771 8236.18774
0.00491248960276 8240.12512
0.00541708207828 8244.06311
0.00322865749822 8247.99988
0.00291102238399 8251.93665
0.00250931804722 8255.8728
0.00367299450884 8259.80835
0.00132570511723 8263.74329
0.00241078305399 8267.67761
0.00262751093856 8271.61194
0.00125557829394 8275.54443
0.00302154490402 8279.47754
0.000126524353372 8283.40942
0.00130805674521 8287.34131
0.00524116865769 8291.27136
0.00258465233896 8295.20264
0.00496667383846 8299.13208
-0.0011916914367 8303.06152
0.00136546794732 8306.99097
0.000855885688699 8310.91797
0.00133036577711 8314.84619
0.00344336350435 8318.77319
0.00112347650724 8322.7002
0.000260480004989 8326.62537
0.000914548575227 8330.55054
0.00131175146737 8334.4751
0.00307292490201 8338.39966
0.000705805294424 8342.32361
-0.000575597883452 8346.24634
-0.000400185921948 8350.16907
0.00361898002172 8354.09058
0.000404268778442 8358.01208
-0.000991742164005 8361.93298
0.000996440135014 8365.85327
0.000318615886503 8369.77295
-0.000913201957417 8373.69202
-0.00045831024799 8377.61047
0.000184407375931 8381.52832
0.00143253185706 8385.44617
0.000510335249451 8389.36218
-0.00093026981415 8393.27942
0.00354571649675 8397.19421
-0.000608111731605 8401.11023
0.000797823962704 8405.0238
-0.000517044556051 8408.9386
0.000754322373618 8412.85217
-0.000330323435657 8416.76453
4.75909860728e-05 8420.67749
-0.000948170119699 8424.58862
0.000998180387211 8428.49976
0.0031910995995 8432.41028
0.000812323453698 8436.32019
0.00153363367945 8440.22949
0.000721774558196 8444.13879
0.00144931345988 8448.04749
0.0022324952471 8451.95496
9.78736344913e-05 8455.86182
-0.00171685303867 8459.76807
-0.00286166312262 8463.67432
0.00163732065276 8467.57996
0.000948199915979 8471.48499
-0.00105326258312 8475.38879
-0.000554407333653 8479.2926
-0.000557151410894 8483.19641
0.000407623301373 8487.09839
0.00153449455998 8491.00098
-0.00102722792257 8494.90234
-0.000670505863501 8498.8031
-0.000880814782081 8502.70325
-0.00270735634924 8506.60339
0.000941539543877 8510.50171
0.00178608269166 8514.40125
-0.00385256145269 8518.29895
0.00233143856268 8522.19604
-0.000904246406224 8526.09314
-0.00154875201756 8529.98901
-0.00101813858086 8533.8855
-0.000161005661987 8537.78015
-0.00140206626859 8541.6748
-0.00356993958814 8545.56885
-0.00423009248749 8549.46228
-0.00429488790744 8553.35571
-0.00316044576944 8557.24731
0.00480479271385 8561.13953
-0.00219024319691 8565.03052
-0.00230598547598 8568.92151
0.000661045624621 8572.81067
0.00259591180615 8576.70105
0.00138586220029 8580.5896
-0.00127938357286 8584.47754
0.000782325086041 8588.36609
0.00134663582251 8592.25281
0.00163448095564 8596.13892
-0.00209506501634 8600.02502
-0.00204834108953 8603.91052
-0.00217284421792 8607.79541
0.000574935826114 8611.67969
0.00109739589765 8615.56335
-0.00232106398223 8619.44702
0.00291503069014 8623.32947
-0.00275371211019 8627.21069
0.00282540942025 8631.09253
0.00212954957237 8634.97314
0.00214009933217 8638.85376
0.0012549139984 8642.73315
-0.00306302501635 8646.61255
-0.00277705865135 8650.49072
-0.00267019630605 8654.3689
0.00256192604355 8658.24707
-0.00269801254514 8662.1228
0.000246862530264 8665.99915
-0.00353081614244 8669.87488
-0.000186358586 8673.75061
6.29299294344e-05 8677.62451
0.000880641011675 8681.49841
-0.00139043109824 8685.3717
-0.00177958774911 8689.24438
0.000383960314047 8693.11707
0.00135072954447 8696.98853
-0.00058190556002 8700.85938
-0.00104122974077 8704.72961
-0.000851150914632 8708.59985
0.000527608801563 8712.46887
-0.00046377054104 8716.33789
0.00146792228989 8720.20569
0.000335998688749 8724.07349
0.00074326360553 8727.94067
-0.0008151757631 8731.80725
-0.00417309656988 8735.67322
-0.00440737816171 8739.53796
-0.00589361740709 8743.40332
0.00314015407205 8747.26624
0.00330150488524 8751.13037
0.00148500679501 8754.99329
-0.00156449382718 8758.85559
-0.000142584595913 8762.71729
-0.000143295005319 8766.57898
-0.00115422683242 8770.44006
-0.00543151808929 8774.29932
0.0028311660398 8778.15918
-0.00320078119788 8782.01782
-0.00131104190305 8785.87585
0.000948724551254 8789.73389
-0.000656960078921 8793.5907
-0.00219417350004 8797.44751
-0.00153852029782 8801.3031
-0.0052162405531 8805.1593
0.00198956989648 8809.01367
0.00074005296401 8812.86804
-0.00178300038942 8816.7218
0.000523273214399 8820.57434
-0.00217831574925 8824.42749
-0.00173795587384 8828.27942
0.000152543343293 8832.13013
0.000535877584454 8835.98145
-0.00284599638559 8839.83154
-0.00409796250414 8843.68042
-0.00388341535619 8847.53052
0.00187156793366 8851.37817
0.000469918006034 8855.22644
-0.000784484472108 8859.07349
-0.0065367383991 8862.92053
-0.00379142169358 8866.76636
-0.00261501044848 8870.61157
-0.000635822610854 8874.4574
-0.00439270675564 8878.30078
-0.00104222488741 8882.14539
0.00217549750849 8885.98816
-0.0070434565554 8889.83093
0.00227674154906 8893.67249
-0.000244494220199 8897.51465
-0.00524922800002 8901.35498
-0.000658145631766 8905.19531
-0.000412667824508 8909.03503
0.00323357814124 8912.87415
0.00365977362468 8916.71326
-0.00333756220115 8920.55054
-0.00351496431382 8924.38843
0.00360900474339 8928.2251
-0.00294645495593 8932.06116
-0.00422286989677 8935.89661
-0.00279601106633 8939.73206
-0.00102003577567 8943.56628
-0.000255669082417 8947.3999
0.000257848105777 8951.23352
-0.00405206661845 8955.06592
-0.00598284196467 8958.89832
-0.00340155842739 8962.72949
-0.00465340517083 8966.56067
-0.00433191394779 8970.39063
-0.00623373998598 8974.22058
-0.00484376184921 8978.04993
-0.00533147845999 8981.87866
-0.00054552526788 8985.70618
-0.00357454388329 8989.53369
-0.00664554539068 8993.36121
-0.00102111381823 8997.18689
-0.0024291376345 9001.01257
5.62286509296e-07 9004.83704
-0.00491220270144 9008.66211
-0.000568846958293 9012.48596
-0.00228679903847 9016.3092
-0.00506965151761 9020.13184
0.00450866368061 9023.95386
0.00115453041582 9027.77588
-0.00308277598397 9031.59668
-0.00279690930479 9035.41687
0.00694678136212 9039.23645
-0.00559761295281 9043.05603
9.69843148883e-05 9046.875
0.0004822318036 9050.69275
0.00538563015544 9054.5105
-0.00124752194151 9058.32642
0.000862607152654 9062.14294
0.00028718226799 9065.95825
-0.000761258692392 9069.77417
-0.000189202306772 9073.58826
-0.00217302408039 9077.40234
-9.3474389021e-05 9081.21582
-0.00289900182858 9085.02869
-0.00297376146515 9088.84033
-0.00369137771536 9092.65198
-0.0080606743339 9096.46301
0.00172581666543 9100.27344
0.000180556952527 9104.08325
0.00133844177336 9107.89246
-0.00141385731165 9111.70105
-0.000963235937702 9115.50903
0.000608636996752 9119.31641
-0.000775363161024 9123.12317
-0.00162628089739 9126.92932
-0.00638515379934 9130.73547
-0.00135492278273 9134.53979
-0.005317800422 9138.34473
5.26530733848e-07 9142.14783
-0.00537771499369 9145.95154
-0.0012583468842 9149.75464
0.00452841582914 9153.55652
-0.00436084470626 9157.3584
-0.0014252510928 9161.15845
-0.00150966124153 9164.95972
0.000504180459284 9168.75854
0.000168599159569 9172.55859
-0.00134660238244 9176.3562
-0.000168320765956 9180.15503
0.000254754708122 9183.95203
-0.00596560725478 9187.74902
-0.00283173023559 9191.5448
-0.00649561156747 9195.34058
0.00043817693213 9199.13574
-0.00744791811124 9202.92969
-0.00269683227754 9206.72363
-0.00812756490996 9210.51636
-0.00334021212911 9214.30969
-0.00273580278107 9218.10181
-0.00662171607048 9221.89331
-0.00175560466252 9225.6842
0.000694725027751 9229.47388
-0.00151051127367 9233.26416
-0.00194283877546 9237.05261
0.00103848312584 9240.84106
-0.00147321058525 9244.62891
-0.00170707744571 9248.41675
0.0012985790875 9252.20337
-0.00219140199397 9255.98938
-0.0026640877228 9259.77478
-0.0039354351585 9263.55957
-0.00330197945637 9267.34436
-0.00161361659987 9271.12732
6.98526684811e-07 9274.91089
-0.0099299551306 9278.69324
-0.00550382611444 9282.47559
-0.00969270875341 9286.25671
0.00502852411694 9290.03723
0.00397544060246 9293.81775
-0.00125803330253 9297.59705
-0.00599834372856 9301.37634
-0.0067332655457 9305.15381
-0.00644256415734 9308.9325
-0.00360764166698 9312.70935
-0.00353516310814 9316.4856
-0.00720536917394 9320.26123
-0.008341116603 9324.03687
0.00101178008957 9327.8125
-0.00147689893941 9331.5863
-0.00742112937489 9335.36011
-0.00668427542396 9339.13208
-0.015027053469 9342.90527
-0.00608885190525 9346.67664
-0.0169795324603 9350.448
-0.0166618473326 9354.21814
-0.000180268055072 9357.98889
-0.00300436011028 9361.75842
-0.00915214421444 9365.52673
-0.00888863907567 9369.29504
-0.0130015697659 9373.06274
0.000218956575865 9376.83044
-0.0110722107371 9380.5957
-0.0110202429691 9384.36218
-0.0184830408564 9388.12744
-0.0188988228745 9391.89148
-0.0182560912827 9395.65613
-0.0180615475005 9399.41956
-0.00278027397032 9403.18237
-0.00257806135816 9406.94458
-0.0112016548194 9410.70557
0.00453969842546 9414.46655
-0.0285160193819 9418.22693
-0.0364261872864 9421.98669
-0.00709909957348 9425.74646
-0.012799640795 9429.50562
-0.017646534744 9433.26294
-0.00336716306877 9437.02026
-0.0129255076084 9440.77698
-0.0147358992691 9444.53369
-0.0289516754911 9448.28918
-0.0238691899301 9452.04468
-0.0128253133034 9455.79834
-0.01596080856 9459.55261
-0.000691641442832 9463.30627
-0.0131642025314 9467.05811
-0.017283915129 9470.81055
-0.0182630140174 9474.56177
-0.00926337642521 9478.31238
-0.0235608459058 9482.06238
-0.0257960485665 9485.81238
-0.0104458906621 9489.56116
-0.0341164880898 9493.30933
-0.0245338608477 9497.05811
-0.0367912634468 9500.80505
-0.035447086216 9504.55139
-0.0131882509158 9508.29773
-0.026731986463 9512.04346
-0.0223414499563 9515.78735
-0.0121314248824 9519.53186
-0.00768826562244 9523.27515
-0.0386510301502 9527.01843
-0.0279978707442 9530.76172
-0.0214542052857 9534.50195
-0.0307009113707 9538.24341
-0.031311313815 9541.98486
-0.0124788406128 9545.72449
-0.00864339980472 9549.4635
-0.0168949256086 9553.20251
-0.00597796106932 9556.94092
-0.0243742970894 9560.67871
-0.0245550295803 9564.41589
-0.0253132654553 9568.15125
-0.0199114075012 9571.88721
-0.0251899074853 9575.62256
-0.00838233229924 9579.3573
-0.0203911878857 9583.09021
-0.00642285650023 9586.82373
-0.0215264030431 9590.55664
0.00895403387869 9594.28955
-0.0126077913561 9598.02063
-0.0140265831222 9601.7511
-0.0171304034276 9605.48157
-0.0202330829671 9609.21143
-0.0115210177711 9612.94128
-0.0188247785978 9616.66809
-0.00224430040682 9620.39612
-0.0227283003789 9624.12415
-0.0193459014062 9627.85095
-0.00364094694618 9631.57715
-0.0151320936085 9635.30151
-0.0263619908577 9639.02649
-0.0160018456101 9642.75146
-0.0298201494395 9646.47522
-0.0093014860532 9650.19714
-0.0197892383238 9653.92029
-0.0300585273455 9657.6416
-0.0156365597895 9661.36292
-0.000853307954582 9665.08423
-0.00456898965709 9668.80371
-0.0240440103067 9672.52319
0.00315325172222 9676.24207
-0.026389193621 9679.96094
-0.0255376439493 9683.67737
-0.0157790171002 9687.39441
-0.00630813640525 9691.11084
-0.0258083442138 9694.82666
-0.0323904385351 9698.54248
-0.0254941782341 9702.25586
-0.0197535894337 9705.96985
-0.0191751137069 9709.68323
-0.0203208917602 9713.39661
-0.00228862241021 9717.10754
-0.0123251632681 9720.81909
-0.0117744580336 9724.53064
-0.0239081520365 9728.24097
-0.0072245679947 9731.94946
0.00377579830372 9735.65918
-0.0210168326699 9739.36768
-0.00616289388253 9743.07556
-0.00767819337247 9746.78284
-0.0211101948952 9750.48828
-0.0095744859579 9754.19495
-0.00662470251421 9757.90039
-0.0288068008883 9761.60522
-0.00762482412274 9765.30884
-0.0150389097649 9769.01245
-0.016670672719 9772.71606
-0.0251490940354 9776.41846
-0.0218476149119 9780.12024
-0.0175644943527 9783.82019
-0.000628312863995 9787.52136
-0.0193124464792 9791.22131
-0.0235333089742 9794.92065
-0.0162870793529 9798.61877
0.00352968638777 9802.31689
-0.0344847763746 9806.0144
-0.0161857290887 9809.71191
-0.0377545624397 9813.4082
-0.0382894704857 9817.10266
-0.0111878395862 9820.79773
-0.0255073091951 9824.4928
-0.0256828365988 9828.18604
0.00302480793355 9831.87866
-0.019969395203 9835.57129
-0.0228527767291 9839.26331
-0.0261242046116 9842.95471
-0.0415723277681 9846.64612
-0.0104645925771 9850.33569
-0.0158111918121 9854.02527
-0.0205203460146 9857.71362
-0.0277825838199 9861.40259
-0.0096766372004 9865.08911
-0.0140721286644 9868.77625
-0.0119901976074 9872.46277
-0.0468865752198 9876.14929
-0.0328688909835 9879.83459
-0.0216162756411 9883.51807
-0.0387892701917 9887.20215
0.00266624542058 9890.88623
-0.0242573004088 9894.56909
-0.00389240031786 9898.25012
-0.0267917674064 9901.93115
-0.0115466851365 9905.61279
-0.0370117281708 9909.29321
-0.0288151024036 9912.97302
-0.011039765933 9916.651
-0.0296479710196 9920.3302
-0.0219491270169 9924.00818
-0.0203968869912 9927.68494
-0.0108717835753 9931.36047
-0.023948999466 9935.03723
-0.0367263795878 9938.71277
-0.00508580320782 9942.3877
-0.0289800418885 9946.0614
-0.042844738025 9949.7345
0.00861354168968 9953.40759
-0.00865705497686 9957.08008
-0.00696339138653 9960.75195
-0.0210144404768 9964.422
-0.0435952591917 9968.09265
-0.0327629835933 9971.7627
-0.00979068168406 9975.43152
-0.0429900182721 9979.10095
-0.0337816603211 9982.76733
-0.0154059760225 9986.43494
-0.0264608444518 9990.10193
-0.0238932628735 9993.76831
-0.0268585733005 9997.43286
-0.0308222086436 10001.09802
-0.00518016706797 10004.76257
-0.0237913846589 10008.42651
-0.0187506074203 10012.08923
-0.0423076083561 10015.75134
-0.0314847488851 10019.41284
-0.0139391477022 10023.07434
-0.0151217846581 10026.73523
-0.0551480002054 10030.39429
-0.0387636810903 10034.05334
-0.0596313566525 10037.71179
-0.0179747106022 10041.37024
-0.0379287278807 10045.02808
-0.0388169933642 10048.68408
-0.0407642786525 10052.34009
-0.0257244933519 10055.99609
-0.0561988582158 10059.65149
-0.0204952792739 10063.30444
-0.0729957000331 10066.95862
-0.0089563348304 10070.61218
-0.00393858832004 10074.26453
-0.0243655554032 10077.91626
-0.0245357416095 10081.56677
-0.0276070964911 10085.21729
-0.0203097751154 10088.8678
-0.0516001579293 10092.51709
-0.0515890853259 10096.16577
-0.0384141346499 10099.81384
-0.0419653805153 10103.4613
-0.0302140483746 10107.10754
-0.0118811387632 10110.75439
-0.0488785730955 10114.39941
-0.0276876681247 10118.04443
-0.0326537711158 10121.68884
-0.0503159999173 10125.33325
-0.0395570228831 10128.97522
-0.00270920984521 10132.6178
-0.00136742152999 10136.26038
-0.0644481633018 10139.90112
-0.033573580965 10143.54187
-0.0557777284796 10147.1814
-0.0762543286905 10150.82153
-0.0561062256025 10154.46045
-0.0159756208074 10158.09937
-0.0469815003578 10161.73523
-0.0289432652242 10165.3717
-0.0412948115801 10169.00879
-0.0167081003119 10172.64404
-0.0299736102001 10176.27991
-0.0707638656033 10179.91333
-0.0841240428821 10183.54675
0.0015928046281 10187.18018
-0.00560567836397 10190.81299
-0.0218248474937 10194.44397
-0.0114031531774 10198.07495
-0.0615706250078 10201.70593
-0.0553757797205 10205.33691
-0.0574037558049 10208.96606
-0.0971586620129 10212.5946
-0.0370877186254 10216.22253
-0.0509443378395 10219.85046
-0.0290912051642 10223.47778
-0.0517986629746 10227.10327
-0.0627711806698 10230.72876
-0.0237868023444 10234.35364
-0.0231758773179 10237.97852
-0.111092678994 10241.60278
-0.100659315751 10245.22461
-0.0732578661667 10248.84766
-0.0789470857354 10252.46948
-0.0476031752802 10256.09131
-0.0838969235447 10259.71069
-0.0692850315058 10263.3313
-0.0779689299961 10266.94946
-0.0159508700684 10270.56885
-0.087665873421 10274.18823
-0.0895382452966 10277.80396
-0.0390198883018 10281.4209
-0.0632377467725 10285.03784
-0.0188293083951 10288.65479
-0.081367416701 10292.26807
-0.0501497241553 10295.88135
-0.0743869582725 10299.49707
-0.0403019948509 10303.10913
-0.102436369993 10306.72241
-0.115838750771 10310.33325
-0.0732090302418 10313.94531
-0.071772564337 10317.55493
-0.0449357768343 10321.16577
-0.0745988067277 10324.77417
-0.0884139698238 10328.38257
-0.0989373542969 10331.99097
-0.0481897776368 10335.59937
-0.0828254657559 10339.20654
-0.0726390704342 10342.81128
-0.0871343563516 10346.41724
-0.0906360307923 10350.02197
-0.11590396187 10353.62671
-0.00643608829622 10357.229
-0.08874850688 10360.83252
-0.156015310517 10364.43481
-0.0789857110086 10368.03711
-0.086758933638 10371.6394
-0.0946588686905 10375.23804
-0.099864473679 10378.83789
-0.058809572064 10382.43774
-0.117193369281 10386.03638
-0.14636537455 10389.63257
-0.0513569141655 10393.2312
-0.0886569941811 10396.82861
