0.0 1883.01102
0.0 1887.64923
0.0 1892.28699
-0.0 1896.92459
-0.0 1901.56158
0.0 1906.19812
-0.0 1910.83435
-0.0 1915.47043
-0.0 1920.1059
-0.0 1924.74091
0.0 1929.37561
-0.0 1934.01001
0.0 1938.6441
-0.0 1943.27759
0.0 1947.91077
0.0 1952.54349
0.0 1957.17575
0.0 1961.80786
-0.0 1966.43951
-0.0 1971.07071
0.0 1975.70145
0.0 1980.33203
-0.0 1984.96216
-0.0 1989.59167
0.0 1994.22089
-0.0 1998.84979
-0.0 2003.47855
0.0 2008.10654
-0.0 2012.73422
0.0 2017.3616
-0.0 2021.98853
0.0 2026.61514
-0.0 2031.2413
-0.0 2035.867
-0.0 2040.4924
-0.0 2045.11734
-0.0 2049.74197
-0.0 2054.36615
-0.0 2058.99002
-0.0 2063.61343
-0.0 2068.23654
0.0 2072.85919
-0.0 2077.48123
-0.0 2082.10327
-0.0 2086.72485
-0.0 2091.34583
-0.0 2095.96649
-0.0 2100.5867
-0.0 2105.20676
-0.0 2109.82635
-0.0 2114.44534
-0.0 2119.06403
-0.0 2123.6824
-0.0 2128.30048
0.0 2132.91779
-0.0 2137.53494
-0.0 2142.15179
-0.0 2146.76819
-0.0 2151.38412
-0.0 2155.9996
-0.0 2160.61493
-0.0 2165.22949
0.0 2169.84406
0.0 2174.45801
-0.0 2179.07166
0.0 2183.68484
-0.0 2188.29773
-0.0 2192.91031
-0.0 2197.52228
-0.0 2202.13379
-0.0 2206.745
-0.0 2211.35574
-0.0 2215.96634
-0.0 2220.57648
-0.0 2225.186
0.0 2229.79553
-0.0 2234.4043
-0.0 2239.01276
-0.0 2243.62076
-0.0 2248.22845
0.0 2252.83569
0.0 2257.44278
-0.0 2262.0491
-0.0 2266.65512
-0.0 2271.26114
0.0 2275.86639
-0.0 2280.47119
-0.0 2285.07568
-0.0 2289.67972
-0.0 2294.28345
-0.0 2298.88687
0.0 2303.48984
-0.0 2308.09219
-0.0 2312.6944
-0.0 2317.29614
-0.0 2321.89758
-0.0 2326.49841
0.0 2331.09894
0.0 2335.69901
0.0 2340.29892
0.0 2344.89822
-0.0 2349.49707
0.0 2354.09561
-0.0 2358.69385
-0.0 2363.29163
-0.0 2367.88895
-0.0 2372.48581
0.0 2377.08237
-0.0 2381.67847
0.0 2386.27441
-0.0 2390.8696
0.0 2395.46463
-0.0 2400.0592
-0.0 2404.65332
-0.0 2409.24698
-0.0 2413.84033
-0.0 2418.43338
-0.0 2423.02597
-0.0 2427.6181
-0.0 2432.20993
-0.0 2436.80115
-0.0 2441.39221
-0.0 2445.98282
-0.0 2450.57297
-0.0 2455.16266
-0.0 2459.75189
-0.0 2464.34082
-0.0 2468.92944
-0.0 2473.51761
-0.0 2478.10516
-0.0 2482.69272
-0.0 2487.27951
-0.0 2491.866
-0.0 2496.45218
-0.0 2501.0379
-0.0 2505.62317
-0.0 2510.20813
-0.0 2514.79279
0.0 2519.37668
0.0 2523.96057
-0.0 2528.54385
0.0 2533.12683
0.0 2537.7092
0.0 2542.29126
-0.0 2546.87302
-0.0 2551.45432
-0.0 2556.035
-0.0 2560.61584
-0.0 2565.19592
-0.0 2569.7757
-0.0 2574.35455
-0.0 2578.93372
-0.0 2583.51196
-0.0 2588.0899
-0.0 2592.66754
0.0 2597.24487
-0.0 2601.8219
-0.0 2606.39832
-0.0 2610.97443
-0.0 2615.54993
0.0 2620.12512
-0.0 2624.69971
-0.0 2629.27429
-0.0 2633.84827
-0.0 2638.42194
-0.0 2642.9953
-0.0 2647.56805
-0.0 2652.1405
-0.0 2656.71234
-0.0 2661.28387
-0.0 2665.8551
-0.0 2670.42572
-0.0 2674.99573
-0.0 2679.56604
-0.0 2684.13574
0.0 2688.70483
-0.0 2693.27362
-0.0 2697.8418
-0.0 2702.40936
-0.0 2706.97693
0.0 2711.54419
0.0 2716.11053
0.0 2720.67688
0.0 2725.24292
0.0 2729.80835
0.0 2734.37347
-0.0 2738.93799
-0.0 2743.5025
0.0 2748.0661
-0.0 2752.62939
-0.0 2757.19238
-0.0 2761.75507
-0.0 2766.31714
-0.0 2770.87891
0.0 2775.44067
-0.0 2780.00122
-0.0 2784.56177
-0.0 2789.12201
-0.0 2793.68164
-0.0 2798.24097
0.0 2802.79968
-0.0 2807.3584
-0.0 2811.9162
-0.0 2816.474
0.0 2821.03149
-0.0 2825.58838
-0.0 2830.14465
-0.0 2834.70062
-0.0 2839.25629
0.0 2843.81134
-0.0 2848.36639
-0.0 2852.92053
-0.0 2857.47467
-0.0 2862.0282
-0.0 2866.58142
-0.0 2871.13434
-0.0 2875.68634
-0.0 2880.23804
-0.0 2884.78973
-0.0 2889.34113
-0.0 2893.8913
-0.0 2898.44208
-0.0 2902.99164
0.0 2907.54089
-0.0 2912.08984
0.0 2916.63879
-0.0 2921.18683
-0.0 2925.73456
-0.0 2930.28198
-0.0 2934.82849
-0.0 2939.37561
-0.0 2943.92151
-0.0 2948.46741
-0.0 2953.01239
-0.0 2957.55737
-0.0 2962.10175
-0.0 2966.64581
-0.0 2971.18958
-0.0 2975.73242
-0.0 2980.27557
-0.0 2984.81812
-0.0 2989.35974
-0.0 2993.90137
-0.0 2998.44238
-0.00430832595574 3002.9834
-0.00407929798349 3007.5235
-0.000306439014223 3012.0636
-0.00887150444528 3016.60278
-0.00619318814671 3021.14197
-0.0088437498652 3025.68054
0.000252466756198 3030.21881
-0.00149904983599 3034.75677
0.00144474417671 3039.29413
0.00295636212829 3043.83118
-0.00425849665543 3048.36761
-0.00698816565475 3052.90375
-0.00214588561797 3057.43958
-0.00481787809578 3061.9751
-0.00416426564116 3066.5097
-0.00467006784036 3071.04431
-0.00967802133042 3075.578
-0.00945223572358 3080.11169
-0.00408735080603 3084.64508
-0.00188095580427 3089.17755
-0.00753761805507 3093.71063
-0.00818027033701 3098.24219
-0.00859234147146 3102.77374
-0.0012816259605 3107.30499
-0.00402823952363 3111.83563
-0.00203384796917 3116.36597
0.00424107062425 3120.89569
-0.00432765589957 3125.42511
-0.00332926217706 3129.95422
-0.00613056533358 3134.48273
-0.00815171856291 3139.01093
-0.00356410965955 3143.53882
-0.0042834187806 3148.0658
-0.00818866967638 3152.59308
-0.00709364443543 3157.11975
0.00379944433168 3161.64581
-0.00591325628946 3166.17126
-0.00164695082524 3170.69672
0.00110823171026 3175.22156
0.000643881824544 3179.74579
-0.00511372412478 3184.27002
-0.00549825568727 3188.79333
-0.00371707516987 3193.31665
0.000404712293483 3197.83936
0.000618161288671 3202.36176
-0.00281591223191 3206.88354
0.00190123915416 3211.40503
-0.00366768600297 3215.92651
-0.00623623109797 3220.44647
-0.00537578509833 3224.96704
-0.00622617715808 3229.48639
-0.00643113133915 3234.00604
-0.00130429801812 3238.52509
-0.00448916921704 3243.04352
-0.00595867615567 3247.56165
-0.00192462753064 3252.07916
0.00123284667594 3256.59668
-0.00273790084367 3261.11328
0.00225096857453 3265.62988
-0.00248879063759 3270.14557
-0.00449734547222 3274.66156
-0.00746500786602 3279.17664
-0.00439334835017 3283.6911
-0.00178779639015 3288.20557
-0.00485697326798 3292.71942
-0.00726683272492 3297.23297
-0.00584411805662 3301.74561
-0.00039256841129 3306.25854
0.00379641923329 3310.77026
-0.0012759832121 3315.28229
-0.0001981402072 3319.7937
-0.00210383909801 3324.3045
-0.00429381768217 3328.815
-0.00103076015138 3333.32489
0.00130666859127 3337.83478
-0.00116701937695 3342.34406
-0.00455432665056 3346.85303
-0.00899555353404 3351.36078
-0.00255658805816 3355.86914
0.000294555908075 3360.37659
-0.00453555349029 3364.88342
-0.00387745379771 3369.39026
-0.00322988285421 3373.89648
-0.00350151471299 3378.4024
-0.00121709815572 3382.90771
-0.00194487431412 3387.41272
-0.00690853688092 3391.91681
0.00388778492517 3396.4212
0.000554313741134 3400.92468
-0.00298757754986 3405.42816
0.00584771826983 3409.93103
0.000812208420584 3414.43329
-0.000837931295026 3418.93555
0.00309664303061 3423.43689
-0.00176056050576 3427.93793
0.000647495776659 3432.43866
-0.00370103629116 3436.93878
0.000634807193657 3441.4389
0.000628295303699 3445.93842
-0.00307758495061 3450.43732
0.000236560550781 3454.93591
-0.00276044930521 3459.43359
-0.00124871659052 3463.93158
0.000472569754082 3468.42896
0.000226230480669 3472.92542
0.00177475617367 3477.42218
-0.0028517286909 3481.91803
-0.0013022527181 3486.41357
-0.00105863244316 3490.90881
0.0024003604841 3495.40314
0.00215311709088 3499.89777
0.00326726238887 3504.39148
0.00772516392835 3508.88489
0.00810612495192 3513.37799
0.01122684385 3517.87048
0.00905148805773 3522.36267
0.0110109527236 3526.85425
0.0143053301687 3531.34552
0.0110860466893 3535.83649
0.0117891636958 3540.32684
0.0152481276386 3544.81659
0.0136420722433 3549.30634
0.0104662426177 3553.79517
0.0115394309627 3558.2843
0.00934971069463 3562.77222
0.010519402577 3567.26013
0.0111890095952 3571.74774
0.00831719661126 3576.23444
0.0124089023511 3580.72113
0.0104267534603 3585.20721
0.0112676122771 3589.69299
0.0120912291424 3594.17786
0.00924174526068 3598.66302
0.012595449864 3603.14697
0.0113095891273 3607.63123
0.0111085823656 3612.11456
0.00756744716737 3616.5976
0.0105338624337 3621.08032
0.0131748343885 3625.56244
0.0105700136964 3630.04456
0.0142469185336 3634.52576
0.0166782483927 3639.00696
0.0266051840763 3643.48663
0.0349179556259 3647.96722
0.038810438831 3652.4469
0.040016448835 3656.92596
0.0346213334458 3661.40472
0.0293190088233 3665.88287
0.0255743765183 3670.36102
0.0183623464233 3674.83826
0.0192648485066 3679.31549
0.013807954099 3683.79181
0.0173606170568 3688.26843
0.016397009817 3692.74384
0.0156710166294 3697.21924
0.0180969308151 3701.69403
0.0176596319698 3706.16821
0.0162237204239 3710.6427
0.0146668805568 3715.11566
0.0146190204103 3719.58923
0.01590333448 3724.06158
0.0145227134045 3728.53424
0.0146812425229 3733.00568
0.0172297752526 3737.47711
0.0185806226502 3741.94794
0.0185631147547 3746.41846
0.0172101175235 3750.88898
0.0186514830155 3755.35828
0.0198006546286 3759.82758
0.0217656443855 3764.29596
0.0227887215446 3768.76465
0.016338350544 3773.23242
0.0118195756867 3777.69989
0.00705755729206 3782.16675
0.00474541720615 3786.6333
0.00290675857048 3791.09985
0.00251282033669 3795.56519
0.00364884629953 3800.03052
0.00138427146426 3804.49524
0.00287464386984 3808.95996
0.00416564054502 3813.42377
0.00508603358493 3817.88727
0.00417458502932 3822.35046
0.00672308008186 3826.81274
0.00842926060195 3831.27533
0.0100593754767 3835.73669
0.0120734634022 3840.19836
0.0105891248751 3844.65912
0.00985777701963 3849.11957
0.00953068072004 3853.57971
0.00853222914229 3858.03925
0.00793713700611 3862.49847
0.010146521 3866.95679
0.0128419535243 3871.41541
0.0121955895024 3875.87311
0.0112240206133 3880.33051
0.0124693768771 3884.78729
0.0101835211388 3889.24408
0.0131907894737 3893.69995
0.0114108757965 3898.15552
0.0110080209233 3902.61078
0.0119215380826 3907.06543
0.0122316929042 3911.52008
0.0148314851029 3915.97351
0.0135604013963 3920.42725
0.0149570701958 3924.87976
0.0147772165899 3929.33289
0.0182269016137 3933.78479
0.0184241241331 3938.23639
0.0173796161282 3942.68768
0.0203262435062 3947.13837
0.0162112971375 3951.58905
0.0164085882849 3956.03851
0.0188075888046 3960.48798
0.022425335578 3964.93683
0.0231924553855 3969.38568
0.0216592825755 3973.83392
0.0218312804513 3978.28156
0.0182212709014 3982.72888
0.0214734811818 3987.1756
0.0201014324275 3991.62201
0.0216932656691 3996.06781
0.0219085320355 4000.51361
0.0221247619878 4004.95819
0.0218182360717 4009.40308
0.0200488081445 4013.84705
0.0214776795204 4018.29102
0.0208157414597 4022.73438
0.0241147099012 4027.17682
0.0241299833255 4031.61926
0.0239391267843 4036.0611
0.0266992573276 4040.50293
0.0341315836476 4044.94385
0.0381392692048 4049.38446
0.0362546905202 4053.82477
0.033301131858 4058.26447
0.028659100827 4062.70386
0.0269446938473 4067.14233
0.0273388202575 4071.58081
0.0289646049868 4076.01868
0.0284385162594 4080.45624
0.0302160641193 4084.89319
0.0304055971214 4089.33014
0.028242209365 4093.76617
0.0293491455658 4098.2019
0.0310634563967 4102.63702
0.0305294317035 4107.07184
0.030807925099 4111.50635
0.0279264195416 4115.94025
0.0253483872208 4120.37384
0.027453771016 4124.80682
0.0330416739946 4129.23981
0.0375309514339 4133.67126
0.0408329040889 4138.10333
0.0401541862624 4142.53479
0.0407712623085 4146.96533
0.0391827837305 4151.39587
0.036995282335 4155.82581
0.0383918970416 4160.25543
0.0428411065319 4164.68414
0.0491636531146 4169.11285
0.0520986184556 4173.54065
0.0549071557558 4177.96875
0.0584146568524 4182.39594
0.0654500927606 4186.82281
0.0691635957277 4191.24908
0.0739894558056 4195.67505
0.0780217811959 4200.10071
0.0781200832742 4204.52545
0.0743249841023 4208.9502
0.0746524439805 4213.37372
0.0813153990042 4217.79785
0.0833921044218 4222.22107
0.0850204885033 4226.64368
0.0805400276113 4231.06628
0.0746890190657 4235.48798
0.066892371743 4239.90967
0.0653653508984 4244.33044
0.057249203028 4248.75092
0.0559800434289 4253.17078
0.0505805906736 4257.59064
0.0489001442286 4262.00989
0.0450030584152 4266.42853
0.0445094260588 4270.84686
0.0471428097626 4275.26459
0.042153532989 4279.68201
0.042325621674 4284.09912
0.0413529151146 4288.51563
0.0430341789888 4292.93121
0.0418044907823 4297.34711
0.0402266453473 4301.76239
0.0407741251973 4306.17706
0.0420632966608 4310.59113
0.0415776733476 4315.00488
0.0415510957405 4319.41833
0.040330064657 4323.83087
0.0389618939644 4328.24341
0.0370742139193 4332.65533
0.0360840084853 4337.06726
0.0357538401702 4341.47827
0.0379502143645 4345.88867
0.0498762529622 4350.29877
0.0800546460995 4354.70825
0.101186195229 4359.11804
0.105901688212 4363.52661
0.0850929358181 4367.93518
0.0756154585647 4372.34283
0.061841739902 4376.75049
0.0502162966015 4381.15723
0.0410786846343 4385.56396
0.0398591597444 4389.9704
0.0378695082086 4394.37561
0.0367441029455 4398.78113
0.0357126214487 4403.18573
0.0366166537381 4407.59033
0.0373814081095 4411.99341
0.0385451972085 4416.39709
0.0371802876197 4420.79956
0.035609751753 4425.20264
0.0364405488533 4429.6051
0.0346774280614 4434.00604
0.0360509073741 4438.40759
0.0390872744973 4442.80762
0.040322152837 4447.20825
0.0405520802044 4451.60767
0.037909504409 4456.00739
0.036835587494 4460.40558
0.0345441313469 4464.80438
0.0344661902638 4469.20258
0.03230511034 4473.59955
0.0355008883115 4477.99713
0.0366078060759 4482.39319
0.0356061444392 4486.78955
0.0350787647786 4491.185
0.0351517667935 4495.58014
0.0357364992339 4499.97498
0.0341168018809 4504.36951
0.0327194114927 4508.76343
0.0317545043457 4513.15674
0.0321055420264 4517.54974
0.0338048984637 4521.94183
0.0349130993831 4526.33392
0.0367736666503 4530.7251
0.0358368673603 4535.11688
0.0341159942824 4539.50684
0.0330301254415 4543.8974
0.0320776899915 4548.28735
0.035710441308 4552.67639
0.0364329356523 4557.06543
0.0403483433521 4561.45325
0.0421487391014 4565.84137
0.045265220772 4570.22858
0.043470865344 4574.61578
0.045911385111 4579.00208
0.0496844530547 4583.38867
0.0516224108419 4587.77405
0.0518141800525 4592.15912
0.0464722694145 4596.54388
0.0454806735421 4600.92773
0.0439394700509 4605.31189
0.0483665277099 4609.69513
0.048301542022 4614.07806
0.0457713250293 4618.46008
0.0412474710913 4622.84241
0.0398423711522 4627.22351
0.0404054799231 4631.60461
0.0358493990129 4635.98541
0.037174991965 4640.3653
0.0352574137174 4644.74518
0.0361864004664 4649.12384
0.0319550554194 4653.50281
0.0332057361068 4657.88086
0.034752482045 4662.25891
0.0379466454335 4666.63605
0.0380391427921 4671.01318
0.0385512787785 4675.39001
0.0404667432596 4679.76563
0.0388470974296 4684.14124
0.0383331295104 4688.51593
0.038269746739 4692.89063
0.0380957645392 4697.2644
0.0362274815679 4701.63849
0.0373249875651 4706.01135
0.0348211074077 4710.38422
0.0347744029993 4714.75677
0.0376437939669 4719.12811
0.0431417672736 4723.50006
0.0452233311212 4727.87048
0.0452318962134 4732.24121
0.0429758020252 4736.61072
0.0417520040388 4740.98053
0.0407253780348 4745.34943
0.0343236298939 4749.71802
0.0319226522765 4754.0863
0.0298920920161 4758.45367
0.0312197248478 4762.82104
0.0327558975868 4767.1875
0.0369002379917 4771.55426
0.0400253122022 4775.91949
0.0385965166258 4780.28503
0.0392454796261 4784.64966
0.0412934036575 4789.01428
0.0431800788213 4793.3786
0.0415537381916 4797.7417
0.0402191167169 4802.1051
0.0405909419155 4806.46698
0.0416647821626 4810.82947
0.041362864387 4815.19073
0.0423118589793 4819.552
0.0423223499084 4823.91266
0.0425362619242 4828.27301
0.0397143557798 4832.63306
0.040532159103 4836.99188
0.0380113448966 4841.35101
0.0370906458837 4845.70923
0.0343433469909 4850.06744
0.0329725953258 4854.42413
0.0317377546905 4858.78174
0.0329602962124 4863.13782
0.030401963398 4867.4939
0.0305900608433 4871.84998
0.0337739830037 4876.20453
0.0391090424846 4880.55939
0.0422181202695 4884.91333
0.0435376041482 4889.26727
0.042749098539 4893.6203
0.0420196503309 4897.97302
0.0404366598597 4902.32513
0.0390799196808 4906.67755
0.0408252830036 4911.02905
0.0422136354492 4915.37964
0.0423545512381 4919.73022
0.0377611628538 4924.0799
0.0351993705658 4928.42957
0.0353951441329 4932.77832
0.0350662545558 4937.12738
0.0348228532703 4941.47491
0.0327696371714 4945.82275
0.0323582765706 4950.17029
0.0352394541388 4954.5166
0.0361675121456 4958.86292
0.0368150084121 4963.20831
0.0355981881524 4967.55402
0.0352413976159 4971.8985
0.0382850711361 4976.24298
0.0387977946268 4980.58655
0.0412904476612 4984.93042
0.0421931848786 4989.27368
0.0439334403332 4993.61572
0.0403666748482 4997.95807
0.0412441714172 5002.29919
0.0420845858692 5006.64063
0.0405042307081 5010.98083
0.0399947290324 5015.32104
0.0409198575345 5019.66064
0.0422651943529 5023.99994
0.0443708938239 5028.33893
0.0412709810968 5032.677
0.0463295175806 5037.01477
0.0497175977249 5041.35193
0.0541868757631 5045.68909
0.0494736296559 5050.02502
0.0488706176764 5054.36127
0.04639819841 5058.69629
0.0417182028753 5063.03162
0.0426421448296 5067.36603
0.0447811984139 5071.69983
0.0426891846595 5076.03363
0.0416504167448 5080.36621
0.0378278521809 5084.6994
0.0361103161851 5089.03107
0.035024059327 5093.36304
0.0340739570477 5097.69379
0.0343602454336 5102.02484
0.0382473664848 5106.35529
0.0408536597965 5110.68481
0.0440324716848 5115.01434
0.0492544811714 5119.34265
0.0493345274344 5123.67126
0.0484747048516 5127.99927
0.0444621456069 5132.32605
0.0444719647421 5136.65344
0.0421876723751 5140.97961
0.0409867420738 5145.30579
0.0419964792637 5149.63135
0.0444001166536 5153.95691
0.0445891301205 5158.28064
0.0444202286976 5162.60498
0.0450122249621 5166.92871
0.0439118736363 5171.25183
0.0432797100227 5175.57373
0.044081712342 5179.89624
0.044277916719 5184.21753
0.0453713217362 5188.53943
0.0444991964398 5192.86072
0.0421232971715 5197.18018
0.0416675020286 5201.50024
0.0418190475725 5205.81909
0.0398842273541 5210.13855
0.0414729521447 5214.45679
0.0412302966834 5218.77502
0.041310856609 5223.09204
0.043467797655 5227.40906
0.0439899130839 5231.72546
0.0438618564704 5236.04187
0.0410708611567 5240.35767
0.0393761252181 5244.67224
0.0382981588998 5248.98682
0.0375391792265 5253.30078
0.0402542158017 5257.61475
0.0447721290068 5261.92749
0.0438022207864 5266.24023
0.0433767842897 5270.55237
0.0434027120432 5274.86389
0.0452155373343 5279.17542
0.0428994433871 5283.48572
0.0415027360482 5287.79663
0.0404766022378 5292.10571
0.0430756294214 5296.41541
0.0478489372376 5300.72388
0.0507902531733 5305.03235
0.0500411870197 5309.34082
0.0507425468321 5313.64746
0.0547460599423 5317.95532
0.0571643284646 5322.26135
0.0598693397916 5326.56738
0.0672872455162 5330.8728
0.0827566988733 5335.17822
0.113785515846 5339.48242
0.166882094131 5343.78662
0.199052220404 5348.09082
0.229613632458 5352.39319
0.268114093596 5356.69617
0.33159254924 5360.99792
0.364851518832 5365.29968
0.359827534015 5369.60083
0.357793243416 5373.90137
0.356385387154 5378.2019
0.351688586536 5382.50183
0.33098991962 5386.80115
0.302146364384 5391.09985
0.270472645943 5395.39795
0.241515255704 5399.69543
0.206119469078 5403.99292
0.170458227106 5408.28979
0.137441765188 5412.58606
0.117206345897 5416.88171
0.103192385238 5421.17737
0.0888430305038 5425.47302
0.0734141245646 5429.76685
0.0597364510588 5434.06128
0.0515600373716 5438.35388
0.0498370249806 5442.64771
0.052201925336 5446.9397
0.0608460493853 5451.2323
0.104497222501 5455.52307
0.153547119189 5459.81506
0.177447261283 5464.10583
0.143777888589 5468.39539
0.11084031995 5472.68555
0.100358096466 5476.97449
0.0903303237816 5481.26282
0.0726531479836 5485.55054
0.0553467249128 5489.83887
0.0463568610659 5494.12598
0.0418883148261 5498.41309
0.0382024447117 5502.69958
0.037977711258 5506.98486
0.0359429701748 5511.27075
0.0361610904193 5515.55481
0.0337609688192 5519.83948
0.0337466236727 5524.12292
0.0366392503138 5528.40698
0.0374470733194 5532.6886
0.0363353030049 5536.97205
0.0374672089932 5541.25366
0.0419051501594 5545.53467
0.0434728038161 5549.81628
0.0410914004276 5554.09607
0.0388816903151 5558.37646
0.0397298671506 5562.65564
0.0405683619414 5566.93481
0.038317050345 5571.21338
0.0362854183662 5575.49133
0.034373486814 5579.76929
0.0329549855455 5584.04602
0.0328567723716 5588.32275
0.0325343442091 5592.59888
0.0351533687953 5596.87439
0.0346563244397 5601.14929
0.0346400083767 5605.42419
0.0369473802562 5609.69788
0.0350331766344 5613.97156
0.034873725569 5618.24524
0.0353476779773 5622.5177
0.0356575210017 5626.79016
0.0353915711016 5631.0614
0.0424763963044 5635.33264
0.0471848743249 5639.60327
0.0525650321408 5643.87329
0.0514544708874 5648.14331
0.0513184559473 5652.41272
0.0515829905601 5656.68213
0.0483979791555 5660.94971
0.0480790476565 5665.2179
0.0491247797142 5669.48425
0.0533062199206 5673.75183
0.0563318182253 5678.01819
0.0669822805524 5682.28394
0.08320540366 5686.54846
0.0932097635225 5690.81421
0.094231822006 5695.07874
0.084946717765 5699.34265
0.0781014001722 5703.60596
0.0712727915683 5707.86865
0.0632684205474 5712.13074
0.0588544581083 5716.39282
0.0543027227864 5720.6543
0.0483653364051 5724.91516
0.0448636786462 5729.17603
0.0427670825364 5733.43567
0.0442899538578 5737.69531
0.0443722592574 5741.95435
0.0467463526704 5746.21277
0.0474714284516 5750.47119
0.0490646271646 5754.72839
0.0532398738537 5758.9856
0.0632847802172 5763.24158
0.0702134266572 5767.49817
0.0730748008204 5771.75293
0.0705853209896 5776.0083
0.0639963429378 5780.26306
0.06925475095 5784.51721
0.0736567244096 5788.77136
0.07525902475 5793.02429
0.070332882995 5797.27661
0.0620304972919 5801.52832
0.0611957816078 5805.78064
0.0581703693056 5810.03113
0.0565438539926 5814.28223
0.0515840523281 5818.53271
0.0499810747885 5822.78198
0.0491063353982 5827.03125
0.0473159666859 5831.2793
0.0468386904815 5835.52795
0.0488844989676 5839.77539
0.0509211761152 5844.02283
0.0509393309129 5848.26965
0.0555956455649 5852.51587
0.0585514374163 5856.76208
0.0621572900796 5861.00647
0.0704524116183 5865.25208
0.0801192677565 5869.49524
0.103140919109 5873.73962
0.13454507785 5877.98218
0.153728354361 5882.22534
0.144994069923 5886.46729
0.10971425415 5890.70984
0.0894628830424 5894.95117
0.101600457713 5899.19128
0.130606019427 5903.43201
0.15676542349 5907.67151
0.17795066551 5911.91101
0.192699935418 5916.1499
0.207840680193 5920.38818
0.218538244453 5924.62524
0.22615399059 5928.86292
0.231950070609 5933.10059
0.226182564522 5937.33582
0.21947082757 5941.57227
0.215034412219 5945.8075
0.204697847163 5950.04272
0.194422386815 5954.27673
0.191233922366 5958.51074
0.183439413821 5962.74353
0.178549356164 5966.97632
0.175326681854 5971.20911
0.168812119779 5975.44067
0.166354169911 5979.67224
0.160665292518 5983.9032
0.160763444554 5988.13354
0.156907643991 5992.36328
0.150172009583 5996.59241
0.138240078772 6000.82153
0.139810543466 6005.05005
0.135792492593 6009.27795
0.134251329954 6013.50525
0.126461674844 6017.73254
0.12314930879 6021.95862
0.119921174861 6026.18408
0.117538768287 6030.40955
0.10936333815 6034.6344
0.106298284638 6038.85925
0.101937095618 6043.0835
0.0999424774777 6047.30652
0.0967203790139 6051.52893
0.0972126933606 6055.75195
0.0943490858875 6059.97375
0.0905794256806 6064.19495
0.0892454692952 6068.41553
0.0885477911513 6072.63672
0.0857979507274 6076.85608
0.0896363427242 6081.07605
0.0955188488476 6085.2948
0.0956060637764 6089.51294
0.0913328507012 6093.73108
0.0873803078359 6097.948
0.0823447590637 6102.16553
0.0827046057844 6106.38123
0.0810443185132 6110.59753
0.0776643190063 6114.81262
0.0766492739427 6119.02832
0.0758237280322 6123.24219
0.0735914604681 6127.45605
0.0731888864039 6131.66931
0.0687460755965 6135.88196
0.0694446568702 6140.0946
0.0686738529028 6144.30664
0.068912426536 6148.51807
0.0726965870044 6152.72827
0.0748679007711 6156.93909
0.0819940850045 6161.14929
0.0863853696592 6165.35889
0.0870024069632 6169.56787
0.0800723254654 6173.77563
0.0746002673686 6177.9834
0.0700318507582 6182.19055
0.0676686977357 6186.39832
0.0640998851717 6190.60364
0.0584077125816 6194.81018
0.0587086170182 6199.01611
0.0562168902509 6203.22083
0.0555521780015 6207.42493
0.0544760296061 6211.62842
0.0538434537999 6215.83191
0.0521679487197 6220.03418
0.0520757858647 6224.23706
0.053381921443 6228.43872
0.0529740889325 6232.64038
0.0521642741941 6236.84143
0.0513112077962 6241.04126
0.0524920023741 6245.2417
0.0525874762192 6249.44031
0.0624743790062 6253.64014
0.0736833924994 6257.83752
0.0804764466891 6262.03552
0.0727682746739 6266.2323
0.0624356756601 6270.42969
0.0600658361332 6274.62585
0.059147003266 6278.82141
0.056614108766 6283.01697
0.0522038341633 6287.2113
0.0506026986713 6291.40625
0.0485420301882 6295.59998
0.0438721940966 6299.79309
0.047280500674 6303.9856
0.0456150810078 6308.1781
0.0463658599587 6312.37
0.0459266061217 6316.56067
0.045411107677 6320.75195
0.04464882764 6324.94202
0.0449113332606 6329.13208
0.0472792655005 6333.32092
0.0478984777183 6337.50977
0.0460917894823 6341.69739
0.0454564217712 6345.88562
0.044184737795 6350.07263
0.0446261446612 6354.25964
0.0441507495151 6358.44543
0.0416816713054 6362.63123
0.0432509686006 6366.81641
0.0420035287401 6371.00037
0.0436113624311 6375.18494
0.0448639510099 6379.36829
0.0439928571242 6383.55164
0.0454619848435 6387.73438
0.0465730917618 6391.9165
0.0425613157096 6396.09863
0.0431578148979 6400.27893
0.0418523628695 6404.45984
0.040501230433 6408.63953
0.0437879411751 6412.81921
0.0445422765268 6416.99829
0.047814991594 6421.17676
0.0491024920992 6425.35461
0.0469053218224 6429.53247
0.044766946083 6433.70972
0.0442263100455 6437.88635
0.0421037214183 6442.06177
0.0435946764597 6446.23718
0.0406276515729 6450.4126
0.0385152625774 6454.58618
0.0397177028059 6458.76099
0.0399712660385 6462.93396
0.0393801501443 6467.10693
0.0376225301844 6471.27991
0.038992259101 6475.45166
0.0385351120411 6479.62341
0.0408772249887 6483.79333
0.0418917892785 6487.96448
0.038547622694 6492.13379
0.0384405653832 6496.3031
0.0382846905287 6500.4718
0.0371713868892 6504.63989
0.0358094810021 6508.80859
0.0352733066063 6512.97546
0.0358488958241 6517.14233
0.0360280960718 6521.30859
0.0342518293601 6525.47485
0.0354361297119 6529.63928
0.0359871303022 6533.80432
0.036625569541 6537.96814
0.036828721865 6542.13196
0.0406641159867 6546.29578
0.0474481198919 6550.45837
0.051872636908 6554.62036
0.053576756071 6558.78174
0.0481808505681 6562.94312
0.0485525746187 6567.10327
0.0483994987478 6571.26404
0.0529363017205 6575.42358
0.0570032410955 6579.58252
0.056520026769 6583.74084
0.0483533784726 6587.89917
0.0458189534404 6592.05688
0.0393921452709 6596.21338
0.041025719449 6600.37048
0.0397732630988 6604.52637
0.0362307597144 6608.68164
0.0352393834097 6612.83691
0.0358087811288 6616.99158
0.0328382981151 6621.14502
0.0324975950663 6625.29846
0.0335251848323 6629.45129
0.0316742972925 6633.60413
0.0343428168708 6637.75635
0.0340874909708 6641.90674
0.0347880315487 6646.05835
0.0371475229574 6650.20813
0.0373522118262 6654.35791
0.0373929327312 6658.50769
0.0450077427335 6662.65625
0.0469816639928 6666.8042
0.0470931141668 6670.95215
0.0436805110931 6675.09949
0.041392120718 6679.24622
0.0408263980416 6683.39233
0.0415575762396 6687.53784
0.0387687359808 6691.68335
0.0363977538024 6695.82825
0.0387009172426 6699.97192
0.0372562946876 6704.1156
0.0375410164933 6708.25867
0.0405912687178 6712.40173
0.039998759969 6716.54358
0.0391194256377 6720.68481
0.0372041893993 6724.82605
0.0369630266852 6728.96667
0.0357794518531 6733.10669
0.0374262487296 6737.24609
0.0362878117384 6741.38489
0.0383345411969 6745.52307
0.0373868450085 6749.66064
0.0378254174661 6753.79822
0.0357606925463 6757.93579
0.0366836042312 6762.07153
0.0392185092115 6766.20789
0.0373814561596 6770.34241
0.0374403048436 6774.47754
0.0360694950559 6778.61206
0.0337423676501 6782.74597
0.0341300666273 6786.87866
0.0336186914371 6791.01135
0.032346955593 6795.14404
0.032827638947 6799.27551
0.0308789530134 6803.40698
0.0302355806573 6807.53723
0.0287170059205 6811.66748
0.0318570815701 6815.79712
0.0337322194008 6819.92615
0.0323177693009 6824.05457
0.037265633707 6828.18298
0.0407885130265 6832.31018
0.0447464993465 6836.43738
0.0445035922186 6840.56335
0.0405829704817 6844.68994
0.0424120443715 6848.81531
0.0460878682461 6852.93945
0.0455995882819 6857.06482
0.0431892403254 6861.18774
0.0348269963589 6865.31128
0.0346568946144 6869.43481
0.032924974347 6873.55713
0.032590029032 6877.67883
0.0300340258817 6881.79932
0.0286097317122 6885.92041
0.0296451434659 6890.04089
0.0264650512964 6894.16016
0.0295597062336 6898.27881
0.026809740646 6902.39868
0.0282182853996 6906.51611
0.027065490148 6910.63354
0.0246595309638 6914.75098
0.0248313381128 6918.86719
0.0271597175419 6922.9834
0.0266449619458 6927.099
0.0258872519134 6931.2146
0.0263803582854 6935.32837
0.0250211621393 6939.44214
0.0272365121217 6943.55652
0.0246998740796 6947.66846
0.0260486353642 6951.78101
0.0299701699334 6955.89294
0.0307014739118 6960.00366
0.0322058836529 6964.11438
0.0264352032068 6968.2251
0.0279581931944 6972.33459
0.027365358146 6976.44409
0.0241472444194 6980.55298
0.0245675316946 6984.66064
0.0259029732964 6988.76831
0.0270125851462 6992.87537
0.0290484593109 6996.98181
0.0290213199808 7001.08826
0.0288042924062 7005.19348
0.0242393284739 7009.2981
0.0260355923563 7013.40271
0.0235813400276 7017.50732
0.0246151027436 7021.61011
0.0248239108976 7025.7135
0.0223004181372 7029.81567
0.0239395719478 7033.91724
0.0226515977648 7038.0188
0.0219243757801 7042.11914
0.0205521151757 7046.21948
0.019110395704 7050.31921
0.0188847013373 7054.41895
0.0201412430049 7058.51746
0.0207677881436 7062.61536
0.0220526510603 7066.71265
0.0191490256892 7070.81055
0.0179865108481 7074.90662
0.0187160514545 7079.0033
0.0157777697791 7083.09814
0.0173017549821 7087.19299
0.0175116701532 7091.28784
0.0183852074777 7095.38147
0.019126653919 7099.4751
0.0170510684811 7103.5675
0.0150200203902 7107.66052
0.0160800604992 7111.75171
0.019308092442 7115.8429
0.0190210281509 7119.93347
0.0175739801182 7124.02405
0.0195305782758 7128.11401
0.0196520002725 7132.20276
0.0146273336448 7136.2915
0.0162570467939 7140.37964
0.019555835935 7144.46777
0.0151176622224 7148.55408
0.0150350391793 7152.64099
0.0169836983151 7156.72668
0.0171276075072 7160.81177
0.0162904447443 7164.89746
0.0161588810696 7168.98132
0.0153175621054 7173.06519
0.0167653568355 7177.14844
0.0136886941309 7181.23108
0.0160938515925 7185.31372
0.0161916676278 7189.39514
0.0151144861773 7193.47595
0.014317244442 7197.55676
0.015663787119 7201.63696
0.0154514104806 7205.71716
0.0195863326635 7209.79614
0.015836498691 7213.87451
0.0143928673168 7217.95227
0.0170469647991 7222.02942
0.0181867797806 7226.10718
0.0165667831973 7230.18311
0.0160842621191 7234.25903
0.0188378420814 7238.33374
0.0167991844513 7242.40906
0.0175406529966 7246.48376
0.0186709404535 7250.55725
0.0205049376185 7254.63013
0.0189098761689 7258.703
0.0144843721791 7262.77466
0.0151496742156 7266.84631
0.0157430508164 7270.91797
0.0137330194767 7274.98779
0.0155244820125 7279.05823
0.0143036559879 7283.12805
0.0137944877988 7287.19666
0.0122365812457 7291.26526
0.0132432263381 7295.33264
0.0118266923435 7299.40063
0.0145268723683 7303.4668
0.0142282393147 7307.53357
0.0131078025846 7311.59851
0.0157138816859 7315.66406
0.0131968658674 7319.729
0.0104283028703 7323.79272
0.0125339248235 7327.85645
0.0158475595245 7331.91895
0.0122687126306 7335.98206
0.0140378294835 7340.04333
0.0141853362636 7344.10522
0.0131203546744 7348.16528
0.0110871415814 7352.22656
0.0117997483331 7356.28662
0.0144408226063 7360.34546
0.0149832461252 7364.4043
0.0167258848986 7368.46252
0.0165429359553 7372.52014
0.0154828410591 7376.57715
0.0199353687693 7380.63354
0.0160928959078 7384.68933
0.0159261576658 7388.74512
0.0174398709911 7392.80029
0.0131353650093 7396.85486
0.0177761347767 7400.90881
0.0171553851116 7404.96216
0.0187771613584 7409.0155
0.0205671266715 7413.06702
0.019241154205 7417.11914
0.0134061409694 7421.17004
0.0175466349965 7425.22095
0.0172618835899 7429.27124
0.0161680678001 7433.32031
0.0119006847145 7437.37
0.011687342426 7441.41785
0.0133566613369 7445.46631
0.0108563205477 7449.51355
0.00957735134584 7453.56079
0.010610838546 7457.6062
0.0140678224196 7461.65283
0.0135581375367 7465.69824
0.0111167260354 7469.74243
0.011610182515 7473.78723
0.0115180572988 7477.8302
0.00979718949328 7481.87378
0.0122872048381 7485.91614
0.011767611789 7489.9585
0.0119405401504 7493.99963
0.0105247395787 7498.04077
0.0127315230142 7502.0813
0.0106694783864 7506.12122
0.0135310086018 7510.16052
0.0124382498805 7514.19922
0.0120581022061 7518.23792
0.0135972395271 7522.27478
0.0112783751157 7526.31226
0.012922895859 7530.34851
0.0120664018609 7534.38477
0.0116702333177 7538.42102
0.0196737888511 7542.45544
0.0198005064013 7546.48987
0.0188805943206 7550.52368
0.0207383275619 7554.5575
0.018847289542 7558.59009
0.0187826878909 7562.62268
0.0196992810289 7566.65405
0.0125115342179 7570.68542
0.014596025828 7574.7168
0.0138955263416 7578.74634
0.0141962929934 7582.77588
0.0103181596893 7586.8042
0.0136765596436 7590.83374
0.0144921868788 7594.86084
0.0128180857178 7598.88916
0.0149909643934 7602.91504
0.0110769115842 7606.94214
0.0121974791429 7610.96802
0.0135377907221 7614.99268
0.0142446803467 7619.01733
0.0136648061532 7623.04199
0.0138314202146 7627.06543
0.0113955881084 7631.08826
0.0152483101837 7635.11108
0.0178165202833 7639.13208
0.0155856294333 7643.15369
0.0172946380007 7647.17529
0.018134181613 7651.19568
0.023295656834 7655.21545
0.0206145580558 7659.23462
0.0296130494112 7663.25317
0.0337600445618 7667.27112
0.0259425441133 7671.28845
0.0210888558477 7675.30518
0.0222050108211 7679.32251
0.0203645193324 7683.33862
0.0195359898287 7687.35413
0.0188124352682 7691.36841
0.0148404591652 7695.38269
0.0150154702753 7699.39636
0.0129731555753 7703.41003
0.0157175182074 7707.42249
0.0124857999244 7711.43433
0.0147799363013 7715.44617
0.0168566345033 7719.4574
0.0183586488153 7723.46802
0.0161729023261 7727.47803
0.0112008115829 7731.48682
0.0117420416668 7735.49622
0.00900561739483 7739.50439
0.0100322722821 7743.51196
0.0132807436566 7747.51892
0.0117433048681 7751.52588
0.0132903640006 7755.53162
0.0119806996366 7759.53735
0.00777156683971 7763.54309
0.0101969204532 7767.54639
0.00467277592423 7771.5509
0.00977376705695 7775.5542
0.0119819902891 7779.5575
0.0110120953592 7783.55896
0.0115795017468 7787.56104
0.0134482224769 7791.56189
0.00962246262306 7795.56274
0.0138608746511 7799.56299
0.0134180108544 7803.56201
0.015350807753 7807.56165
0.017571947139 7811.56006
0.018213092271 7815.55786
0.00983830770526 7819.55505
0.0136867200966 7823.55225
0.0104903542869 7827.54761
0.00999389191665 7831.54358
0.0133386733072 7835.53894
0.0121525620112 7839.53369
0.00901168225988 7843.52783
0.00793205908891 7847.52075
0.00866139258461 7851.51367
0.00406053090325 7855.50598
0.00774363706383 7859.49768
0.00310210318456 7863.48877
0.00681537439009 7867.47986
0.00527479845927 7871.47034
0.00386334807714 7875.45959
0.0040262728797 7879.44885
0.00781497026886 7883.4375
0.00901694114613 7887.42493
0.00832820815966 7891.41235
0.0107164355046 7895.39917
0.00500747450745 7899.38538
0.00265438860016 7903.37158
0.00713291696752 7907.35718
0.008653028175 7911.34094
0.0095817289441 7915.32532
0.00765780773685 7919.30847
0.00813238589115 7923.29224
0.00770056867768 7927.27417
0.010598783955 7931.2561
0.0104724152019 7935.23682
0.00867049563529 7939.21753
0.00624847836723 7943.19824
0.0117726830127 7947.17773
0.00981105908274 7951.15723
0.00660784248006 7955.1355
0.00971742081601 7959.11377
0.00866728056511 7963.09082
0.0101000277499 7967.06787
0.0138866363316 7971.0437
0.00563615652964 7975.01953
0.0064502838035 7978.99536
0.00695557792689 7982.96936
0.00937422562413 7986.94397
0.00765941334813 7990.91736
0.00399907385855 7994.89014
0.0104634857613 7998.8623
0.00645869636142 8002.83447
0.00469374189074 8006.80542
0.00666236040878 8010.77637
0.00716962919947 8014.7467
0.00996738044495 8018.71643
0.00736594319258 8022.68555
0.00688820307653 8026.65405
0.00228853692468 8030.62256
0.00774277185936 8034.58923
0.00676828938044 8038.55652
0.00296878029162 8042.52258
0.00780146064335 8046.48804
0.00482143979776 8050.4541
0.00935283164407 8054.41833
0.00569085805357 8058.38257
0.00789829211362 8062.34619
0.00876905151759 8066.30859
0.00778236771488 8070.271
0.00763983362754 8074.23279
0.00698513419453 8078.19458
0.00718374811639 8082.15515
0.0108262813301 8086.11572
0.0107014344236 8090.07507
0.0069321149001 8094.03381
0.0130715613368 8097.99194
0.00559814839639 8101.95068
0.0146145887639 8105.90759
0.00459147429496 8109.8645
0.0113798735892 8113.8208
0.00964292832675 8117.77649
0.00950189049536 8121.73157
0.00683234951839 8125.68665
0.008660822074 8129.6405
0.0104957481747 8133.59375
0.00725163736798 8137.54639
0.00999903174533 8141.49841
0.00892669036295 8145.45105
0.00967817041247 8149.40186
0.00988366751762 8153.35266
0.0128446854402 8157.30347
0.0139788071609 8161.25244
0.00755389336487 8165.20203
0.012936176263 8169.14978
0.0441836299102 8173.09753
0.074853798776 8177.04468
0.124376340711 8180.99182
0.173522412976 8184.93774
0.239645382396 8188.88367
0.260077229672 8192.82898
0.277600924379 8196.77307
0.261241110584 8200.71716
0.244186372616 8204.66003
0.201412092791 8208.60291
0.153729206222 8212.54517
0.133100813677 8216.48743
0.10757805307 8220.42786
0.0795846843152 8224.3689
0.0542541475591 8228.30872
0.0511111011493 8232.24792
0.0432954962171 8236.18774
0.0351872527964 8240.12512
0.0247705034764 8244.06311
0.0274920317159 8247.99988
0.0196199208184 8251.93665
0.0166094306503 8255.8728
0.0127554159417 8259.80835
0.0163108345877 8263.74329
0.00973387904523 8267.67761
0.016424083804 8271.61194
0.0112606764121 8275.54443
0.0138067618895 8279.47754
0.00880489471085 8283.40942
0.0109320305493 8287.34131
0.0126442204315 8291.27136
0.00949982950473 8295.20264
0.0110036148526 8299.13208
0.0171833672422 8303.06152
0.00594366796398 8306.99097
0.0123660042128 8310.91797
0.0102620964248 8314.84619
0.0122289384647 8318.77319
0.0198101297059 8322.7002
0.0237720971941 8326.62537
0.0110642685644 8330.55054
0.0213531861975 8334.4751
0.0131287914805 8338.39966
0.0180228159694 8342.32361
0.00882406402543 8346.24634
0.00641983567276 8350.16907
0.0160369612694 8354.09058
0.0118548171364 8358.01208
0.00447892976978 8361.93298
0.00110388153818 8365.85327
-0.000255640933183 8369.77295
0.00841407689368 8373.69202
0.0107371453792 8377.61047
0.0043430712398 8381.52832
0.00666737340797 8385.44617
0.00692246095395 8389.36218
0.00601589275908 8393.27942
0.0118581400341 8397.19421
0.000438889632107 8401.11023
0.000909130571083 8405.0238
-0.00073467902275 8408.9386
0.00915382588211 8412.85217
0.0049274548461 8416.76453
-0.000502638411239 8420.67749
0.00636856050611 8424.58862
0.0073317248974 8428.49976
0.0111543472381 8432.41028
0.010470128104 8436.32019
0.0109821933523 8440.22949
0.00525896688927 8444.13879
0.00624647456383 8448.04749
0.00579124375403 8451.95496
0.0138574625254 8455.86182
0.00095053739081 8459.76807
0.00563985821289 8463.67432
0.00864532378583 8467.57996
0.0106865167212 8471.48499
0.0144992832102 8475.38879
0.00878690717513 8479.2926
0.00250180595115 8483.19641
0.0109053607318 8487.09839
0.00993367726151 8491.00098
0.00510327948037 8494.90234
0.00770302856281 8498.8031
0.006960605115 8502.70325
0.00907142165933 8506.60339
0.0125055879711 8510.50171
0.00600541001434 8514.40125
0.00919401516455 8518.29895
0.000232034076506 8522.19604
0.0111305359395 8526.09314
-0.0024370785368 8529.98901
0.000770638703431 8533.8855
0.00372957746543 8537.78015
0.00374065079039 8541.6748
0.0134723386834 8545.56885
0.00186370133358 8549.46228
0.00159660583154 8553.35571
0.000238573872662 8557.24731
0.00187737433762 8561.13953
0.00516567238407 8565.03052
-0.000308611151581 8568.92151
0.00794500999477 8572.81067
0.00824598592003 8576.70105
0.00799763045635 8580.5896
0.0063603902898 8584.47754
0.00359522900652 8588.36609
0.00557295731428 8592.25281
0.000810294767091 8596.13892
0.00109721863364 8600.02502
0.00792593158278 8603.91052
0.00396591095644 8607.79541
0.00886523776943 8611.67969
0.00458219265443 8615.56335
0.00112438474003 8619.44702
0.00200419112249 8623.32947
0.00816080463825 8627.21069
0.00966987996067 8631.09253
0.00469397120245 8634.97314
0.00857755864641 8638.85376
0.00593503572298 8642.73315
0.00176409914593 8646.61255
-0.00517054197807 8650.49072
-0.00641230700797 8654.3689
0.00880184317006 8658.24707
0.00272060065827 8662.1228
0.00242640083321 8665.99915
0.00522424799357 8669.87488
0.0043172514354 8673.75061
0.0127746970265 8677.62451
-0.00318372110192 8681.49841
0.00122491165267 8685.3717
0.0107585725195 8689.24438
0.013692555778 8693.11707
0.0102424819572 8696.98853
0.00513405450574 8700.85938
0.00126143006061 8704.72961
-4.06849712784e-05 8708.59985
0.0111549019533 8712.46887
-0.00435238272013 8716.33789
0.00195969077441 8720.20569
0.002307169179 8724.07349
-0.0010550415176 8727.94067
0.00403446973495 8731.80725
0.00781986678627 8735.67322
0.00993499230952 8739.53796
-0.00281619248618 8743.40332
0.00553761116076 8747.26624
0.0143452840287 8751.13037
0.00101653181571 8754.99329
0.00244491687204 8758.85559
0.00174336077929 8762.71729
-0.00759381186389 8766.57898
0.00933098984308 8770.44006
0.0118933652859 8774.29932
-0.00294936258343 8778.15918
0.00867946453727 8782.01782
0.0174225477889 8785.87585
0.00651766070113 8789.73389
-0.00333278950329 8793.5907
0.00543867646309 8797.44751
0.0014199178317 8801.3031
0.00472753929471 8805.1593
0.00842337692049 8809.01367
-0.00226511737343 8812.86804
0.00106831436519 8816.7218
0.0092852333757 8820.57434
-0.000422259400727 8824.42749
-0.00760766657925 8828.27942
0.00489389978767 8832.13013
-0.000429960499664 8835.98145
0.00879375830184 8839.83154
0.010383218498 8843.68042
0.0150835559352 8847.53052
0.00579751144475 8851.37817
0.0011249761211 8855.22644
-4.87548617596e-05 8859.07349
-0.00241123571741 8862.92053
0.00113559018875 8866.76636
-0.00401240384334 8870.61157
-0.00044708743155 8874.4574
-0.00444276648518 8878.30078
-0.000851862334998 8882.14539
0.000755584895666 8885.98816
0.000354404251498 8889.83093
0.0113255086397 8893.67249
-0.00250093173512 8897.51465
-0.00415207503643 8901.35498
-0.00458019801257 8905.19531
-0.00129084704334 8909.03503
0.000363063993442 8912.87415
-0.00545992689894 8916.71326
-0.00965181909085 8920.55054
0.00413149723132 8924.38843
0.00749915749349 8928.2251
-5.22912270694e-05 8932.06116
0.00205858896655 8935.89661
0.00418311970033 8939.73206
0.00164789586959 8943.56628
0.00208145461472 8947.3999
-0.00906368933635 8951.23352
-0.00565865478575 8955.06592
0.0168370586228 8958.89832
0.00561355143787 8962.72949
-0.00444500735359 8966.56067
-0.00270721844711 8970.39063
-0.0049533737197 8974.22058
0.00308296623488 8978.04993
0.00987791740681 8981.87866
0.0131318174496 8985.70618
0.0127672324194 8989.53369
-0.00190306629405 8993.36121
0.00412098079613 8997.18689
-0.00566589236343 9001.01257
0.00745659688623 9004.83704
0.0117421355886 9008.66211
-0.00195710808296 9012.48596
0.00803819018191 9016.3092
-0.00867061645882 9020.13184
-0.00197847553502 9023.95386
-0.00150236918859 9027.77588
0.00138520500606 9031.59668
-0.00150680711046 9035.41687
0.00283484497453 9039.23645
0.0110319566042 9043.05603
0.00186870529415 9046.875
-0.0101791924475 9050.69275
0.000902078999499 9054.5105
-0.00630135536393 9058.32642
0.00855752695523 9062.14294
0.0156914425153 9065.95825
0.00232134976113 9069.77417
0.00705545923878 9073.58826
0.00655397591491 9077.40234
-0.00570227100439 9081.21582
-0.00192869178671 9085.02869
0.000406951080051 9088.84033
0.00178820093053 9092.65198
-0.00143053290091 9096.46301
0.00947444382771 9100.27344
0.00534357793209 9104.08325
0.0101978779494 9107.89246
0.0127544734347 9111.70105
0.00125967795251 9115.50903
0.00863010573801 9119.31641
-0.00608979634452 9123.12317
0.00294295435941 9126.92932
0.00164931057848 9130.73547
0.00799159443034 9134.53979
0.0079619783779 9138.34473
0.00121014551068 9142.14783
-0.00299306557343 9145.95154
0.00456233763168 9149.75464
-0.00382695032996 9153.55652
0.000367184485152 9157.3584
-0.00214886829201 9161.15845
0.0087527586359 9164.95972
0.00582251798247 9168.75854
0.00666885206099 9172.55859
0.00205222894658 9176.3562
0.0218719446784 9180.15503
0.00587786587546 9183.95203
-0.0047402954198 9187.74902
0.017523639847 9191.5448
0.00946652211372 9195.34058
0.00432128885972 9199.13574
0.00481907866744 9202.92969
0.00443833729261 9206.72363
0.000399759467945 9210.51636
-0.000521552049556 9214.30969
-0.00100210586083 9218.10181
0.0114483943259 9221.89331
-0.0142154512212 9225.6842
-6.1592327344e-05 9229.47388
-0.0187135412032 9233.26416
0.00198190852682 9237.05261
0.000454477542347 9240.84106
0.0172919823172 9244.62891
0.00900204242205 9248.41675
-0.00223064769144 9252.20337
-0.000616032863276 9255.98938
-0.00784265121535 9259.77478
0.0128551383839 9263.55957
0.00562165721839 9267.34436
0.0120297075216 9271.12732
0.0115962845351 9274.91089
-7.3406296543e-05 9278.69324
0.00172019595836 9282.47559
0.0162677262391 9286.25671
0.00482903015676 9290.03723
0.0110990796597 9293.81775
-0.00574364113151 9297.59705
-0.00646143194177 9301.37634
0.0141551029799 9305.15381
0.00517628692754 9308.9325
-0.0368749174394 9312.70935
-0.00076437505936 9316.4856
-0.0326779187464 9320.26123
-0.0106927566368 9324.03687
-0.0326155679755 9327.8125
-0.0126571265286 9331.5863
-0.0122133075334 9335.36011
-0.00242833225585 9339.13208
-0.00409491124354 9342.90527
-0.00915545988444 9346.67664
-0.0502400364745 9350.448
-0.00449258303442 9354.21814
-0.0300579764449 9357.98889
-0.0207870433211 9361.75842
0.0242056500673 9365.52673
-0.0223564116877 9369.29504
0.00511097066246 9373.06274
0.0107457502489 9376.83044
0.01002532577 9380.5957
-0.0236012594231 9384.36218
-0.000151022435459 9388.12744
-0.0077152438718 9391.89148
-0.011897813545 9395.65613
-0.0325268360977 9399.41956
0.00399962940039 9403.18237
-0.0647304847383 9406.94458
-0.0444281107228 9410.70557
0.00888757437497 9414.46655
0.0106509855182 9418.22693
0.0282878804476 9421.98669
0.0127072484066 9425.74646
0.0194829532578 9429.50562
0.0214271418402 9433.26294
-0.037285437387 9437.02026
-0.0478596842973 9440.77698
-0.0482168752241 9444.53369
-0.0519318312113 9448.28918
-0.0434702398783 9452.04468
-0.0418325427575 9455.79834
-0.0279810665985 9459.55261
-0.0852870630498 9463.30627
0.0274898518587 9467.05811
-0.0105855021362 9470.81055
-0.0243396259229 9474.56177
-0.0259559379011 9478.31238
-0.0343656409438 9482.06238
-0.0732355958078 9485.81238
-0.0120056430007 9489.56116
-0.000207677843947 9493.30933
-0.0267319528245 9497.05811
-0.0215530080128 9500.80505
-0.0864431825591 9504.55139
0.0480182970354 9508.29773
0.0316040764024 9512.04346
-0.0615934986215 9515.78735
-0.0157495587774 9519.53186
-0.00941944839978 9523.27515
-0.0580318525495 9527.01843
0.00884067751474 9530.76172
-0.0344614494761 9534.50195
-0.0134648197546 9538.24341
-0.0396937385769 9541.98486
-0.0292121816132 9545.72449
0.00414275792245 9549.4635
0.0141348755039 9553.20251
-0.0471887850386 9556.94092
-0.0143460022538 9560.67871
-0.0100522617412 9564.41589
-0.0437848343384 9568.15125
0.0264517253584 9571.88721
-0.0533788655075 9575.62256
-0.0295268455534 9579.3573
-0.0071559101755 9583.09021
0.0012230213466 9586.82373
-0.00716169882692 9590.55664
-0.021165503952 9594.28955
0.0012267732192 9598.02063
-0.0113963191445 9601.7511
-0.0465362817964 9605.48157
0.00263496439504 9609.21143
0.0237016043197 9612.94128
0.022291200132 9616.66809
0.0152628191509 9620.39612
-0.0184132254955 9624.12415
-0.0268152030974 9627.85095
-0.00577837842891 9631.57715
0.00262781254412 9635.30151
-0.0380436636836 9639.02649
-0.0156162448714 9642.75146
-0.0353449829792 9646.47522
0.0280009952737 9650.19714
0.0040638461424 9653.92029
-0.020024246287 9657.6416
-0.034306111295 9661.36292
-0.0115794282439 9665.08423
0.00125082552532 9668.80371
-0.00447038324335 9672.52319
-0.0560958886732 9676.24207
0.0299171948116 9679.96094
-0.00591572011551 9683.67737
0.00699256998913 9687.39441
-0.00448025291839 9691.11084
0.0485213733897 9694.82666
-0.0044760552533 9698.54248
-0.00876989219182 9702.25586
0.0155611283583 9705.96985
-0.00876307359858 9709.68323
-0.0245091839858 9713.39661
-0.0159276305519 9717.10754
0.0155826204355 9720.81909
-0.0202864541399 9724.53064
0.00270076894423 9728.24097
-0.0233092760414 9731.94946
0.0012712769191 9735.65918
-0.0322983028788 9739.36768
0.0174251033605 9743.07556
-0.0164316499742 9746.78284
-0.0418262983809 9750.48828
-0.013653218547 9754.19495
0.00131883057775 9757.90039
0.0164799828201 9761.60522
-0.00171462852417 9765.30884
0.00594672115405 9769.01245
0.00289501415239 9772.71606
-0.0359063075028 9776.41846
-0.0329730738286 9780.12024
0.00607694724293 9783.82019
-0.00807426197857 9787.52136
0.0409323307408 9791.22131
-0.0526950564859 9794.92065
-0.0577206801468 9798.61877
0.00942121834477 9802.31689
-0.0598465859226 9806.0144
-0.0374431132895 9809.71191
-0.0408897162501 9813.4082
-0.000203183157959 9817.10266
-0.0413593250191 9820.79773
-0.0432831913231 9824.4928
-0.0419119030485 9828.18604
-0.0203667041624 9831.87866
-0.00190225667804 9835.57129
-0.0326219352558 9839.26331
-0.0380333392015 9842.95471
0.00670992563069 9846.64612
-0.0263884917216 9850.33569
-0.0195463583412 9854.02527
0.00331769438001 9857.71362
-0.0394103610381 9861.40259
-0.0145623412611 9865.08911
0.0124028377909 9868.77625
0.0469849090878 9872.46277
0.0180748640422 9876.14929
-0.00207530250192 9879.83459
0.00908370959135 9883.51807
-0.0265935075133 9887.20215
-0.0192701383616 9890.88623
-0.00986439455547 9894.56909
-0.0508998904035 9898.25012
0.0371628705596 9901.93115
-0.0201614006519 9905.61279
-0.0545742085379 9909.29321
-0.00836799434672 9912.97302
-0.0145686586974 9916.651
0.0408958878632 9920.3302
0.0038836057502 9924.00818
-0.037733372693 9927.68494
-0.0881601087063 9931.36047
-0.0612132273843 9935.03723
-0.0530422997957 9938.71277
-0.0426818702605 9942.3877
-0.0364957813815 9946.0614
0.0147220476134 9949.7345
-0.0110331638718 9953.40759
-0.00676352010867 9957.08008
0.00408297351109 9960.75195
-0.0331150639109 9964.422
0.0459273900965 9968.09265
-0.00248812127191 9971.7627
-0.0760012043955 9975.43152
-0.0159485532946 9979.10095
-0.0385704035918 9982.76733
-0.0320101746919 9986.43494
-0.0253778474337 9990.10193
0.0272742312843 9993.76831
0.0459947527872 9997.43286
-0.00962915897063 10001.09802
-0.0144294418745 10004.76257
-0.0217099577832 10008.42651
-0.0171285504941 10012.08923
-0.0197512490215 10015.75134
-0.0126034197601 10019.41284
-0.0575928604403 10023.07434
-0.0406546940075 10026.73523
0.0303010115902 10030.39429
-0.0235781116865 10034.05334
-0.0107828833447 10037.71179
-0.188296411111 10041.37024
-0.0323855024928 10045.02808
-0.0353799742041 10048.68408
0.0186787305222 10052.34009
0.0160769781793 10055.99609
0.0271905050917 10059.65149
-0.105676178235 10063.30444
-0.0783636739747 10066.95862
-0.067575638674 10070.61218
-0.0905103525908 10074.26453
-0.0740529968885 10077.91626
0.0110562232476 10081.56677
-0.0262419654326 10085.21729
-0.0584144881042 10088.8678
-0.032611884606 10092.51709
-0.0537407956049 10096.16577
-0.0634131458703 10099.81384
0.0512898403094 10103.4613
0.0181117564642 10107.10754
-0.0942685642539 10110.75439
-0.0543573332106 10114.39941
0.00281943005052 10118.04443
0.0224467272724 10121.68884
-0.0335128584567 10125.33325
-0.00376814671539 10128.97522
0.0944900343649 10132.6178
0.00643172039843 10136.26038
-0.00735819101241 10139.90112
-0.000434421899461 10143.54187
-0.00396772581624 10147.1814
-0.0289423250511 10150.82153
-0.072390559549 10154.46045
-0.0113462876408 10158.09937
-0.0518485326136 10161.73523
0.0218003903211 10165.3717
-0.0793278579617 10169.00879
-0.00806805061923 10172.64404
-0.0581369222675 10176.27991
-0.00436969654298 10179.91333
-0.118447788501 10183.54675
-0.0838960343389 10187.18018
-0.000497823711435 10190.81299
-0.0854236631242 10194.44397
-0.0412554309834 10198.07495
-0.0990498123785 10201.70593
-0.0955896906777 10205.33691
0.0618469922142 10208.96606
-0.0884663828168 10212.5946
-0.0637583888136 10216.22253
0.00371741062638 10219.85046
0.00374680663588 10223.47778
-0.0178012701799 10227.10327
-0.0833798191407 10230.72876
-0.0931019182517 10234.35364
-0.0183852494995 10237.97852
0.0310316753443 10241.60278
-0.0554648557979 10245.22461
-0.0191190081907 10248.84766
-0.0240756410328 10252.46948
-0.0196325986176 10256.09131
0.0668647710413 10259.71069
0.101791287276 10263.3313
-0.049958257809 10266.94946
0.0193238476178 10270.56885
0.014483704525 10274.18823
0.0603834914568 10277.80396
0.0352964879578 10281.4209
-0.0939661372216 10285.03784
-0.0529786967498 10288.65479
-0.037637901116 10292.26807
0.0260082052785 10295.88135
-0.0815344402344 10299.49707
0.124527001619 10303.10913
-0.0832932294702 10306.72241
-0.139941683718 10310.33325
-0.169720756606 10313.94531
-0.154568110813 10317.55493
-0.127516048944 10321.16577
-0.15814295075 10324.77417
-0.0950504203558 10328.38257
0.0171339907468 10331.99097
-0.205700336866 10335.59937
-0.0860268317069 10339.20654
-0.0315424743169 10342.81128
-0.168879293012 10346.41724
-0.070018524059 10350.02197
-0.281171816334 10353.62671
-0.232946515043 10357.229
0.162213776833 10360.83252
-0.0404732289116 10364.43481
-0.322409904438 10368.03711
-0.190707024461 10371.6394
-0.364734723322 10375.23804
-0.125711791127 10378.83789
-0.0708937497588 10382.43774
-0.21274833911 10386.03638
0.091424919349 10389.63257
-0.0151526574311 10393.2312
-0.244115663552 10396.82861
