0.0 1883.01102
0.0 1887.64923
-0.0 1892.28699
-0.0 1896.92459
-0.0 1901.56158
-0.0 1906.19812
-0.0 1910.83435
-0.0 1915.47043
0.0 1920.1059
0.0 1924.74091
0.0 1929.37561
0.0 1934.01001
-0.0 1938.6441
0.0 1943.27759
-0.0 1947.91077
-0.0 1952.54349
-0.0 1957.17575
0.0 1961.80786
-0.0 1966.43951
-0.0 1971.07071
0.0 1975.70145
-0.0 1980.33203
-0.0 1984.96216
-0.0 1989.59167
-0.0 1994.22089
-0.0 1998.84979
-0.0 2003.47855
-0.0 2008.10654
-0.0 2012.73422
-0.0 2017.3616
0.0 2021.98853
-0.0 2026.61514
-0.0 2031.2413
-0.0 2035.867
-0.0 2040.4924
-0.0 2045.11734
0.0 2049.74197
-0.0 2054.36615
-0.0 2058.99002
0.0 2063.61343
-0.0 2068.23654
-0.0 2072.85919
-0.0 2077.48123
-0.0 2082.10327
-0.0 2086.72485
-0.0 2091.34583
-0.0 2095.96649
-0.0 2100.5867
-0.0 2105.20676
-0.0 2109.82635
-0.0 2114.44534
0.0 2119.06403
0.0 2123.6824
-0.0 2128.30048
-0.0 2132.91779
-0.0 2137.53494
-0.0 2142.15179
-0.0 2146.76819
-0.0 2151.38412
-0.0 2155.9996
0.0 2160.61493
-0.0 2165.22949
-0.0 2169.84406
-0.0 2174.45801
0.0 2179.07166
-0.0 2183.68484
0.0 2188.29773
-0.0 2192.91031
-0.0 2197.52228
-0.0 2202.13379
-0.0 2206.745
-0.0 2211.35574
-0.0 2215.96634
-0.0 2220.57648
-0.0 2225.186
-0.0 2229.79553
-0.0 2234.4043
-0.0 2239.01276
-0.0 2243.62076
-0.0 2248.22845
-0.0 2252.83569
-0.0 2257.44278
-0.0 2262.0491
-0.0 2266.65512
-0.0 2271.26114
-0.0 2275.86639
-0.0 2280.47119
0.0 2285.07568
-0.0 2289.67972
-0.0 2294.28345
-0.0 2298.88687
-0.0 2303.48984
-0.0 2308.09219
-0.0 2312.6944
-0.0 2317.29614
-0.0 2321.89758
-0.0 2326.49841
-0.0 2331.09894
-0.0 2335.69901
-0.0 2340.29892
-0.0 2344.89822
-0.0 2349.49707
-0.0 2354.09561
-0.0 2358.69385
-0.0 2363.29163
-0.0 2367.88895
-0.0 2372.48581
-0.0 2377.08237
-0.0 2381.67847
0.0 2386.27441
-0.0 2390.8696
0.0 2395.46463
-0.0 2400.0592
-0.0 2404.65332
-0.0 2409.24698
-0.0 2413.84033
-0.0 2418.43338
-0.0 2423.02597
-0.0 2427.6181
-0.0 2432.20993
-0.0 2436.80115
-0.0 2441.39221
-0.0 2445.98282
-0.0 2450.57297
-0.0 2455.16266
-0.0 2459.75189
-0.0 2464.34082
0.0 2468.92944
-0.0 2473.51761
0.0 2478.10516
-0.0 2482.69272
0.0 2487.27951
-0.0 2491.866
-0.0 2496.45218
-0.0 2501.0379
-0.0 2505.62317
-0.0 2510.20813
-0.0 2514.79279
-0.0 2519.37668
-0.0 2523.96057
-0.0 2528.54385
-0.0 2533.12683
-0.0 2537.7092
-0.0 2542.29126
-0.0 2546.87302
-0.0 2551.45432
-0.0 2556.035
-0.0 2560.61584
-0.0 2565.19592
-0.0 2569.7757
-0.0 2574.35455
-0.0 2578.93372
-0.0 2583.51196
-0.0 2588.0899
-0.0 2592.66754
-0.0 2597.24487
-0.0 2601.8219
-0.0 2606.39832
-0.0 2610.97443
0.0 2615.54993
-0.0 2620.12512
-0.0 2624.69971
-0.0 2629.27429
-0.0 2633.84827
-0.0 2638.42194
-0.0 2642.9953
-0.0 2647.56805
-0.0 2652.1405
-0.0 2656.71234
-0.0 2661.28387
-0.0 2665.8551
-0.0 2670.42572
-0.0 2674.99573
-0.0 2679.56604
-0.0 2684.13574
-0.0 2688.70483
-0.0 2693.27362
-0.0 2697.8418
-0.0 2702.40936
-0.0 2706.97693
-0.0 2711.54419
-0.0 2716.11053
-0.0 2720.67688
-0.0 2725.24292
-0.0 2729.80835
-0.0 2734.37347
-0.0 2738.93799
-0.0 2743.5025
-0.0 2748.0661
-0.0 2752.62939
-0.0 2757.19238
-0.0 2761.75507
0.0 2766.31714
-0.0 2770.87891
-0.0 2775.44067
-0.0 2780.00122
-0.0 2784.56177
-0.0 2789.12201
-0.0 2793.68164
-0.0 2798.24097
-0.0 2802.79968
-0.0 2807.3584
-0.0 2811.9162
-0.0 2816.474
-0.0 2821.03149
0.0 2825.58838
0.0 2830.14465
-0.0 2834.70062
-0.0 2839.25629
-0.0 2843.81134
-0.0 2848.36639
-0.0 2852.92053
-0.0 2857.47467
-0.0 2862.0282
-0.0 2866.58142
-0.0 2871.13434
-0.0 2875.68634
0.0 2880.23804
-0.0 2884.78973
-0.0 2889.34113
-0.0 2893.8913
-0.0 2898.44208
-0.0 2902.99164
-0.0 2907.54089
-0.0 2912.08984
-0.0 2916.63879
-0.0 2921.18683
-0.0 2925.73456
-0.0 2930.28198
-0.0 2934.82849
-0.0 2939.37561
0.0 2943.92151
-0.0 2948.46741
-0.0 2953.01239
-0.0 2957.55737
-0.0 2962.10175
-0.0 2966.64581
-0.0 2971.18958
-0.0 2975.73242
-0.0 2980.27557
-0.0 2984.81812
-0.0 2989.35974
-0.0 2993.90137
-0.0 2998.44238
-0.00137048246938 3002.9834
-0.0162339178435 3007.5235
-0.00521665555319 3012.0636
-0.0135728848143 3016.60278
-0.00899609373227 3021.14197
-0.00742397654137 3025.68054
-0.00811420164088 3030.21881
0.00317878810117 3034.75677
-0.0116054736792 3039.29413
-0.00483133990609 3043.83118
-0.00275252939889 3048.36761
-0.00154979852158 3052.90375
-0.00546229037562 3057.43958
-0.0167859114579 3061.9751
-0.0165637826357 3066.5097
-0.00264403298657 3071.04431
0.00449608262849 3075.578
-0.010840053252 3080.11169
-0.00760438642334 3084.64508
-0.00822327919189 3089.17755
-0.0134984470865 3093.71063
0.00174789160518 3098.24219
-0.00632650090344 3102.77374
-0.0100445482118 3107.30499
0.0064572155416 3111.83563
-0.00629350298796 3116.36597
-0.00405654555228 3120.89569
-0.000285556394285 3125.42511
-0.00180854276632 3129.95422
-0.00613211416025 3134.48273
-0.0066298922193 3139.01093
-0.00457539016365 3143.53882
-0.00778918872876 3148.0658
-0.00769543228055 3152.59308
-0.00928900451838 3157.11975
0.00547244173981 3161.64581
-0.0021481963435 3166.17126
-0.00511762071939 3170.69672
-0.00139369402876 3175.22156
-0.00585414294525 3179.74579
-0.00821349865047 3184.27002
-0.00221624619507 3188.79333
-0.00610754344112 3193.31665
-0.00693722598324 3197.83936
-0.00583550162715 3202.36176
-0.0077558517671 3206.88354
-0.00753207891102 3211.40503
-0.00581203434712 3215.92651
-0.00388125418924 3220.44647
-0.0158782065292 3224.96704
-0.00515803764938 3229.48639
-0.00985158904533 3234.00604
0.0014626641762 3238.52509
-0.00831887370571 3243.04352
-0.00808038431487 3247.56165
-0.00889304859339 3252.07916
-0.0120029620584 3256.59668
0.00101550053965 3261.11328
-0.010181460854 3265.62988
-0.00474917578911 3270.14557
-0.00327851227845 3274.66156
-0.00143286738024 3279.17664
-0.0089662173663 3283.6911
-0.00276898706365 3288.20557
-0.00524501782124 3292.71942
-0.00517008052529 3297.23297
0.00203916702917 3301.74561
-0.00686703938078 3306.25854
-0.0060318614124 3310.77026
-0.00737195032156 3315.28229
-0.00302026789973 3319.7937
-0.00766287374125 3324.3045
-0.00343998073646 3328.815
-0.00490528157774 3333.32489
-0.00450450233349 3337.83478
-0.00838348853928 3342.34406
-0.00714872349056 3346.85303
-0.00370470764708 3351.36078
-0.00366799343843 3355.86914
-0.00111987991035 3360.37659
-0.00500401940121 3364.88342
-0.00588633798993 3369.39026
-0.00629147677637 3373.89648
-0.0057756125032 3378.4024
0.00117857201879 3382.90771
0.000573243338319 3387.41272
-0.00250974872858 3391.91681
-0.00349437806172 3396.4212
-0.00345315412022 3400.92468
-0.00879471984246 3405.42816
-0.00323442259573 3409.93103
-0.00333762374563 3414.43329
-0.00755094155205 3418.93555
-0.00706795210669 3423.43689
-0.00565509613118 3427.93793
-0.00280760228667 3432.43866
-0.00515059803944 3436.93878
-0.00509933751328 3441.4389
-0.00104795832939 3445.93842
-0.00129196571013 3450.43732
-0.0026660705904 3454.93591
-0.00813381853617 3459.43359
-0.00260681055841 3463.93158
-0.000991569880076 3468.42896
-0.000256948132782 3472.92542
-0.00216453801569 3477.42218
-0.00297072116445 3481.91803
-0.00399741439729 3486.41357
-0.00431058803562 3490.90881
-0.0025469128242 3495.40314
0.00112602216648 3499.89777
-0.000694145254776 3504.39148
-0.00158760912767 3508.88489
-0.0024664768933 3513.37799
-0.00554194398454 3517.87048
-0.00187482159679 3522.36267
-0.00174766334027 3526.85425
-0.00462560557047 3531.34552
-0.0058470940821 3535.83649
-0.00200350061673 3540.32684
-0.00311827605989 3544.81659
-0.000933127955759 3549.30634
-0.00516840570639 3553.79517
-0.00270976300925 3558.2843
-0.002779246379 3562.77222
-0.00353375756895 3567.26013
0.000664827352796 3571.74774
-0.00385212813111 3576.23444
-0.00277110786061 3580.72113
-0.00199252687269 3585.20721
-0.00384691637211 3589.69299
-0.00455596136252 3594.17786
-0.00267598642367 3598.66302
-0.0041998617122 3603.14697
-0.000642395324018 3607.63123
-0.00233173791721 3612.11456
-0.00292671654886 3616.5976
-0.00307137709118 3621.08032
-0.002173665401 3625.56244
-0.00540774148693 3630.04456
0.00117378769565 3634.52576
-0.00168727418027 3639.00696
-0.00241728358895 3643.48663
-0.00173560224937 3647.96722
-0.00416111262283 3652.4469
-0.00146020573024 3656.92596
-0.00296323728755 3661.40472
-0.00167000656713 3665.88287
-0.00235986293541 3670.36102
-0.00435887732174 3674.83826
-0.00100965476779 3679.31549
-0.00374769065446 3683.79181
-0.0030342495062 3688.26843
-0.00323367859329 3692.74384
-0.0017189850485 3697.21924
-0.000525360586636 3701.69403
-0.00103276685113 3706.16821
-0.00109689815678 3710.6427
-0.00267128369289 3715.11566
-0.00122193112598 3719.58923
0.000697930276507 3724.06158
-0.000781056280627 3728.53424
-0.00112288354965 3733.00568
-0.000561296856576 3737.47711
-0.00247555416968 3741.94794
-0.00136753705829 3746.41846
-0.00216526499632 3750.88898
-0.000810255139969 3755.35828
0.000189977867944 3759.82758
-8.55201338772e-06 3764.29596
-0.000658932910637 3768.76465
-0.00103966659677 3773.23242
-0.00102993817375 3777.69989
-0.000324422094561 3782.16675
-0.00301798145726 3786.6333
-0.0023065047664 3791.09985
0.000299586229725 3795.56519
-0.000129989976608 3800.03052
-0.00164344997087 3804.49524
-0.0028957673789 3808.95996
-0.00168042024186 3813.42377
-0.00137301207193 3817.88727
-0.0015421925004 3822.35046
-0.000653095689471 3826.81274
-0.00146727131692 3831.27533
-0.000936831415337 3835.73669
-0.00174178886849 3840.19836
-0.0017909445678 3844.65912
-0.00166796737768 3849.11957
-0.00217392254165 3853.57971
-0.00369971603208 3858.03925
-0.0011379321001 3862.49847
-0.0018102784913 3866.95679
-0.00157973820984 3871.41541
-0.00320125595413 3875.87311
-0.00101254207941 3880.33051
-0.00195830018578 3884.78729
-0.000618881444586 3889.24408
-0.000395697004846 3893.69995
0.000712655147975 3898.15552
-0.000892278488399 3902.61078
-0.00100137580731 3907.06543
-0.00122058907848 3911.52008
-0.00276269983869 3915.97351
-0.000942162534385 3920.42725
0.00131009898256 3924.87976
-0.00044602653095 3929.33289
-0.000774448160144 3933.78479
-0.000664115867529 3938.23639
-0.00110116790923 3942.68768
-7.11839566141e-06 3947.13837
0.00146532263549 3951.58905
0.000537824163939 3956.03851
-7.09421082072e-06 3960.48798
-0.000768399808446 3964.93683
-0.00087585904685 3969.38568
-0.000765917302901 3973.83392
0.000371493114263 3978.28156
-0.00108696551148 3982.72888
-0.000168595679049 3987.1756
-0.000490703185898 3991.62201
-0.00193851031813 3996.06781
-0.000220964670576 4000.51361
-0.00150248668139 4004.95819
-0.00165949666415 4009.40308
-0.00101762751967 4013.84705
0.000895117304426 4018.29102
0.000363981214963 4022.73438
-0.00207200240269 4027.17682
4.59412835278e-05 4031.61926
-0.00143193883903 4036.0611
-0.000112221691312 4040.50293
0.00025614875626 4044.94385
-0.000164482150429 4049.38446
-0.000899376324575 4053.82477
-0.000898492835324 4058.26447
-5.92149350077e-05 4062.70386
-0.000897086701927 4067.14233
0.000254743731815 4071.58081
-0.000215993364693 4076.01868
-0.00042500143983 4080.45624
0.000933165936255 4084.89319
-0.00037236093687 4089.33014
-0.000737624485852 4093.76617
-0.000267595642096 4098.2019
-0.000684512600164 4102.63702
-0.000579768740422 4107.07184
4.52487830523e-05 4111.50635
-0.0015150988049 4115.94025
-0.00068192912958 4120.37384
0.000511699335205 4124.80682
0.000562747659946 4129.23981
0.000613551088679 4133.67126
-0.000936143218816 4138.10333
0.00133199788503 4142.53479
-0.000675217329133 4146.96533
0.000147191139398 4151.39587
4.45016265911e-05 4155.82581
0.000962732758408 4160.25543
0.00116353975338 4164.68414
0.000247136964456 4169.11285
0.00156109768334 4173.54065
-6.57408049388e-06 4177.96875
-0.00156642594604 4182.39594
0.000143826861902 4186.82281
-0.000856143240258 4191.24908
0.000889583267312 4195.67505
-5.6115849707e-05 4200.10071
-0.000798687422191 4204.52545
-0.0012410917012 4208.9502
-0.000449611149928 4213.37372
0.00185877303 4217.79785
0.00200193885172 4222.22107
0.000238317373849 4226.64368
0.00121496062211 4231.06628
-0.00112996430219 4235.48798
0.000432689428231 4239.90967
0.00082242082186 4244.33044
-0.000201399029087 4248.75092
4.24001495322e-05 4253.17078
-6.35471835958e-06 4257.59064
9.11970344094e-05 4262.00989
0.00189536636987 4266.42853
0.00160395181139 4270.84686
0.00111697742951 4275.26459
0.00048252546801 4279.68201
0.000727408349128 4284.09912
0.000972486264029 4288.51563
0.00121758331573 4292.93121
0.00058136764873 4297.34711
0.00146216917036 4301.76239
0.00195015162456 4306.17706
0.00102019167621 4310.59113
0.000921169362207 4315.00488
0.00174733448699 4319.41833
0.00169509420349 4323.83087
0.00193340723525 4328.24341
0.00125170687677 4332.65533
0.00245362040379 4337.06726
0.00114890753944 4341.47827
0.00253651796588 4345.88867
0.0029122944429 4350.29877
0.00133095311488 4354.70825
0.00104195586794 4359.11804
0.00270088172856 4363.52661
0.0022682570763 4367.93518
0.00297055123182 4372.34283
0.00178550617537 4376.75049
0.00300133192754 4381.15723
0.00322630874777 4385.56396
0.004707344234 4389.9704
0.00269396864456 4394.37561
0.00425888477857 4398.78113
0.00373641918502 4403.18573
0.00312539337166 4407.59033
0.00370995884503 4411.99341
0.00122986293314 4416.39709
0.00181857358554 4420.79956
0.00172230766627 4425.20264
0.00203485360132 4429.6051
0.00221064330718 4434.00604
0.00112305234297 4438.40759
0.000805425490674 4442.80762
-0.000501013445472 4447.20825
0.00125115395715 4451.60767
0.000800886619944 4456.00739
0.000888741162197 4460.40558
0.00222454647663 4464.80438
0.00248625842503 4469.20258
0.00341100154055 4473.59955
0.00158889949003 4477.99713
0.00365734877628 4482.39319
0.00320771154434 4486.78955
0.00547553451234 4491.185
0.005983612858 4495.58014
0.00792227625145 4499.97498
0.0100208833781 4504.36951
0.00844315907473 4508.76343
0.00928408790498 4513.15674
0.00573752338376 4517.54974
0.00555359707609 4521.94183
0.0037824557453 4526.33392
0.00188672017214 4530.7251
0.00334113210851 4535.11688
0.00423413966969 4539.50684
0.00277645450341 4543.8974
0.00422418429954 4548.28735
0.00213093971993 4552.67639
0.00234273023574 4557.06543
0.00315102570442 4561.45325
0.00289415726706 4565.84137
0.000207840205228 4570.22858
0.00199767364679 4574.61578
0.0014429985661 4579.00208
3.70416302605e-05 4583.38867
0.000674809530858 4587.77405
0.000970551505816 4592.15912
0.00126445104971 4596.54388
0.000712232764051 4600.92773
0.000331148542357 4605.31189
0.000162178597737 4609.69513
0.00166189348216 4614.07806
0.00144607124298 4618.46008
0.00156143169667 4622.84241
0.00208392563498 4627.22351
0.00190747687904 4631.60461
0.00237828342322 4635.98541
0.00424077857206 4640.3653
0.00305640491765 4644.74518
0.00413233330794 4649.12384
0.00654826496827 4653.50281
0.00814311664396 4657.88086
0.0123609164496 4662.25891
0.0199874380641 4666.63605
0.0235472388002 4671.01318
0.0253817502958 4675.39001
0.0241472657832 4679.76563
0.0203250845378 4684.14124
0.0143641414673 4688.51593
0.0102620676923 4692.89063
0.00948713740296 4697.2644
0.00584833645581 4701.63849
0.00337633911318 4706.01135
0.00292933405452 4710.38422
0.00249122200388 4714.75677
0.00222857141338 4719.12811
0.00305566321034 4723.50006
0.00324450473395 4727.87048
0.00217825606223 4732.24121
0.00205514109215 4736.61072
0.00265240279909 4740.98053
0.00249413463376 4745.34943
0.00482696685294 4749.71802
0.00872713185811 4754.0863
0.00843477746379 4758.45367
0.00669946863612 4762.82104
0.00583723997076 4767.1875
0.00502443379706 4771.55426
0.00378398963721 4775.91949
0.00304362631393 4780.28503
0.0027855735623 4784.64966
0.00231833389374 4789.01428
0.00183611034384 4793.3786
0.00212821906308 4797.7417
0.00199801243415 4802.1051
0.00274252030662 4806.46698
0.00240665892142 4810.82947
0.00300508917002 4815.19073
0.00235391485219 4819.552
0.00210915497225 4823.91266
0.00230717596424 4828.27301
0.00269474937726 4832.63306
0.00324303928405 4836.99188
0.00324024982633 4841.35101
0.00307475090093 4845.70923
0.00258690489285 4850.06744
0.00275385776693 4854.42413
0.00280441103485 4858.78174
0.00301451452406 4863.13782
0.00326777108627 4867.4939
0.00293306223649 4871.84998
0.00334165127721 4876.20453
0.00296707099678 4880.55939
0.00259693483597 4884.91333
0.0032012970822 4889.26727
0.00369040696865 4893.6203
0.00330308939461 4897.97302
0.00415808776069 4902.32513
0.00394710037767 4906.67755
0.0041692875328 4911.02905
0.0046692113412 4915.37964
0.00495231227567 4919.73022
0.00512753748371 4924.0799
0.00438961557397 4928.42957
0.00412193660696 4932.77832
0.00406733337379 4937.12738
0.00456063445609 4941.47491
0.00429597148528 4945.82275
0.00681123893602 4950.17029
0.00612785981112 4954.5166
0.00741839480926 4958.86292
0.00894763994271 4963.20831
0.0144323482852 4967.55402
0.0223476123964 4971.8985
0.0411771503406 4976.24298
0.0655016981799 4980.58655
0.0831092145395 4984.93042
0.0848393598107 4989.27368
0.0751288685298 4993.61572
0.0587803128004 4997.95807
0.0464388595759 5002.29919
0.0367754392191 5006.64063
0.0265060399151 5010.98083
0.0198345183411 5015.32104
0.0146977716919 5019.66064
0.0109993428626 5023.99994
0.00831427582403 5028.33893
0.00683336229116 5032.677
0.0054524779764 5037.01477
0.00622763098609 5041.35193
0.00555250017117 5045.68909
0.00431602414064 5050.02502
0.00540803398742 5054.36127
0.00479663622678 5058.69629
0.00502576107104 5063.03162
0.00507588610824 5067.36603
0.00471003300535 5071.69983
0.00424724532638 5076.03363
0.00430287743692 5080.36621
0.00467705934974 5084.6994
0.0053884111453 5089.03107
0.00509077630782 5093.36304
0.00503130046387 5097.69379
0.00473439680742 5102.02484
0.00443729559317 5106.35529
0.00443726121132 5110.68481
0.0046549039418 5115.01434
0.00467392386003 5119.34265
0.00461323699636 5123.67126
0.00403699021504 5127.99927
0.00460916513796 5132.32605
0.00446784051531 5136.65344
0.00600411657361 5140.97961
0.00825903690009 5145.30579
0.0147603469371 5149.63135
0.0226015652356 5153.95691
0.0245996415062 5158.28064
0.0219719723797 5162.60498
0.0162103766388 5166.92871
0.012989747234 5171.25183
0.0111567751455 5175.57373
0.00914957473651 5179.89624
0.00702483431917 5184.21753
0.00672785940271 5188.53943
0.00544066210826 5192.86072
0.00520604337257 5197.18018
0.00501209654105 5201.50024
0.00556049457382 5205.81909
0.00466744605869 5210.13855
0.00422270723163 5214.45679
0.00448302372459 5218.77502
0.00478391562287 5223.09204
0.00432017635336 5227.40906
0.00420940003911 5231.72546
0.00498562978284 5236.04187
0.00499467155241 5240.35767
0.00569552218331 5244.67224
0.00558772466776 5248.98682
0.00532109812603 5253.30078
0.00574912192019 5257.61475
0.00518343432788 5261.92749
0.00497440884512 5266.24023
0.00552447560876 5270.55237
0.00481345052632 5274.86389
0.00476172856385 5279.17542
0.00591548077281 5283.48572
0.00433248294738 5287.79663
0.00583032156752 5292.10571
0.00531182419406 5296.41541
0.00529625385644 5300.72388
0.00542151897923 5305.03235
0.00471684340797 5309.34082
0.00550961479807 5313.64746
0.00472293976736 5317.95532
0.00590184952661 5322.26135
0.0047500828925 5326.56738
0.0048760025514 5330.8728
0.00573407802152 5335.17822
0.00657277711082 5339.48242
0.00572605104457 5343.78662
0.00593663359151 5348.09082
0.00804085932881 5352.39319
0.00564566603402 5356.69617
0.00487543164497 5360.99792
0.00574346158316 5365.29968
0.00486902303043 5369.60083
0.00617145776086 5373.90137
0.00622224334319 5378.2019
0.00561400223769 5382.50183
0.00615984496817 5386.80115
0.00693402141796 5391.09985
0.00628321561751 5395.39795
0.00681077635949 5399.69543
0.00617725965098 5403.99292
0.00703697735767 5408.28979
0.00669169836487 5412.58606
0.00732257544037 5416.88171
0.00701675693663 5421.17737
0.00764706415519 5425.47302
0.00750673734592 5429.76685
0.00742862735523 5434.06128
0.00716271205191 5438.35388
0.00733557475244 5442.64771
0.00930432462967 5446.9397
0.00881267428073 5451.2323
0.00999180613896 5455.52307
0.0108805767763 5459.81506
0.0103514826494 5464.10583
0.0105332369208 5468.39539
0.0132672644231 5472.68555
0.0149153051036 5476.97449
0.0155219974967 5481.26282
0.0181522243891 5485.55054
0.0198235877482 5489.83887
0.0234258409745 5494.12598
0.0267716330686 5498.41309
0.0312440745617 5502.69958
0.0349214431373 5506.98486
0.0384868031985 5511.27075
0.0409186633761 5515.55481
0.0428968871225 5519.83948
0.0434218459136 5524.12292
0.0455385258408 5528.40698
0.0474879394279 5532.6886
0.0480466452024 5536.97205
0.0495585813108 5541.25366
0.0510222788712 5545.53467
0.0528626119623 5549.81628
0.0553189072374 5554.09607
0.0577780133455 5558.37646
0.0632397035383 5562.65564
0.0665333537713 5566.93481
0.0728524585493 5571.21338
0.0786797612418 5575.49133
0.0848326281377 5579.76929
0.0913672835071 5584.04602
0.0971544747502 5588.32275
0.104671209661 5592.59888
0.10984002437 5596.87439
0.112182582462 5601.14929
0.117192957558 5605.42419
0.120218884033 5609.69788
0.122046640384 5613.97156
0.122879692966 5618.24524
0.124274900292 5622.5177
0.122272820164 5626.79016
0.123676932591 5631.0614
0.121571112794 5635.33264
0.120792013903 5639.60327
0.119672455685 5643.87329
0.12345239135 5648.14331
0.120427855461 5652.41272
0.124904292892 5656.68213
0.12680855427 5660.94971
0.128183039791 5665.2179
0.137758749306 5669.48425
0.148781907919 5673.75183
0.172895539856 5678.01819
0.220888024001 5682.28394
0.274396797887 5686.54846
0.303025934096 5690.81421
0.300911085756 5695.07874
0.265830470247 5699.34265
0.236626534715 5703.60596
0.21630168311 5707.86865
0.199449340193 5712.13074
0.182787437367 5716.39282
0.17059160542 5720.6543
0.156870675154 5724.91516
0.151849266808 5729.17603
0.148841880864 5733.43567
0.147747208085 5737.69531
0.14968573012 5741.95435
0.147751607061 5746.21277
0.153692480265 5750.47119
0.154434922001 5754.72839
0.159427563961 5758.9856
0.160597720558 5763.24158
0.162512764254 5767.49817
0.16604138269 5771.75293
0.168214947668 5776.0083
0.171129854101 5780.26306
0.181101437502 5784.51721
0.185950907099 5788.77136
0.187567775897 5793.02429
0.194266013588 5797.27661
0.198135439841 5801.52832
0.204166547422 5805.78064
0.206055963085 5810.03113
0.209987805502 5814.28223
0.213355727417 5818.53271
0.218160421277 5822.78198
0.221623031826 5827.03125
0.21980742152 5831.2793
0.218829341276 5835.52795
0.21752284128 5839.77539
0.209761754122 5844.02283
0.195795478884 5848.26965
0.18400162558 5852.51587
0.159554108925 5856.76208
0.13480722228 5861.00647
0.110244861712 5865.25208
0.0867199565106 5869.49524
0.065742513585 5873.73962
0.0478454679318 5877.98218
0.0351442383983 5882.22534
0.0246960534717 5886.46729
0.0174950523067 5890.70984
0.0122819983966 5894.95117
0.0098360120689 5899.19128
0.00881408535214 5903.43201
0.00712639471084 5907.67151
0.00894148388696 5911.91101
0.0119472258451 5916.1499
0.017503100154 5920.38818
0.0289853994041 5924.62524
0.0434168828381 5928.86292
0.0646721246659 5933.10059
0.0873817336872 5937.33582
0.112320591769 5941.57227
0.134831557059 5945.8075
0.152736188225 5950.04272
0.170891901678 5954.27673
0.182545880119 5958.51074
0.194483314367 5962.74353
0.204846545342 5966.97632
0.211462635076 5971.20911
0.211366939912 5975.44067
0.214758580118 5979.67224
0.214402831594 5983.9032
0.212166377408 5988.13354
0.208951072174 5992.36328
0.207299128308 5996.59241
0.207556315194 6000.82153
0.200588704842 6005.05005
0.193721482742 6009.27795
0.190756091559 6013.50525
0.190089261642 6017.73254
0.183895660314 6021.95862
0.178478918817 6026.18408
0.175782015999 6030.40955
0.169051245543 6034.6344
0.16568444431 6038.85925
0.157727731235 6043.0835
0.15470927023 6047.30652
0.152720666195 6051.52893
0.145281447873 6055.75195
0.144869772089 6059.97375
0.141063279116 6064.19495
0.133091223623 6068.41553
0.133689470879 6072.63672
0.128222190166 6076.85608
0.125795160003 6081.07605
0.119832811336 6085.2948
0.11900137939 6089.51294
0.117208093592 6093.73108
0.110661735277 6097.948
0.110450932645 6102.16553
0.105913094072 6106.38123
0.104756608197 6110.59753
0.104349357033 6114.81262
0.0992226751045 6119.02832
0.0985675254298 6123.24219
0.097381335689 6127.45605
0.094084260084 6131.66931
0.0926294041837 6135.88196
0.0901883080203 6140.0946
0.0886112166609 6144.30664
0.0953336441391 6148.51807
0.101670584785 6152.72827
0.117074348074 6156.93909
0.128519888433 6161.14929
0.126846699555 6165.35889
0.115259149271 6169.56787
0.107589677533 6173.77563
0.101034834628 6177.9834
0.0945138699808 6182.19055
0.0926169325975 6186.39832
0.0835917910372 6190.60364
0.0793207212398 6194.81018
0.075167501721 6199.01611
0.0719767401295 6203.22083
0.0683770994315 6207.42493
0.0665584406404 6211.62842
0.0664685256726 6215.83191
0.06627241228 6220.03418
0.0638200806289 6224.23706
0.062605640776 6228.43872
0.0609874050664 6232.64038
0.0589522334535 6236.84143
0.0610001587522 6241.04126
0.0588702258621 6245.2417
0.0557684565765 6249.44031
0.0561894270628 6253.64014
0.0554080775416 6257.83752
0.0558135921849 6262.03552
0.0525119248595 6266.2323
0.0533722434656 6270.42969
0.0518113940754 6274.62585
0.0493134319611 6278.82141
0.0506088238982 6283.01697
0.0485216069983 6287.2113
0.0490822784123 6291.40625
0.0489405811036 6295.59998
0.049921545053 6299.79309
0.045164571146 6303.9856
0.0466265837896 6308.1781
0.044366989237 6312.37
0.0430000296479 6316.56067
0.0442499286083 6320.75195
0.0420411430069 6324.94202
0.0423979174414 6329.13208
0.0414422773144 6333.32092
0.040444268773 6337.50977
0.0395780681146 6341.69739
0.0381087154854 6345.88562
0.0399360180919 6350.07263
0.0381027760473 6354.25964
0.0398702654882 6358.44543
0.0394780214287 6362.63123
0.0387938774175 6366.81641
0.0360554384204 6371.00037
0.0371821486706 6375.18494
0.0354934153046 6379.36829
0.0343688303555 6383.55164
0.0358547738732 6387.73438
0.0326354702639 6391.9165
0.0326928559806 6396.09863
0.0334483783692 6400.27893
0.0326586850745 6404.45984
0.0346012093641 6408.63953
0.0330692531609 6412.81921
0.0327555414293 6416.99829
0.0322159142074 6421.17676
0.0299478559915 6425.35461
0.0310513269412 6429.53247
0.031482389146 6433.70972
0.0290780324611 6437.88635
0.0299266706236 6442.06177
0.0315436649374 6446.23718
0.028089562727 6450.4126
0.028067782698 6454.58618
0.0278167739661 6458.76099
0.0273332211004 6462.93396
0.027739968188 6467.10693
0.0276417496789 6471.27991
0.0289475481835 6475.45166
0.0277473307247 6479.62341
0.0249161067146 6483.79333
0.0272394802774 6487.96448
0.0246541063257 6492.13379
0.0264601283601 6496.3031
0.0259585023722 6500.4718
0.0244914238629 6504.63989
0.0233339373137 6508.80859
0.0251368608783 6512.97546
0.0260605876923 6517.14233
0.0240539517949 6521.30859
0.0229667350633 6525.47485
0.0242204811551 6529.63928
0.0245512238323 6533.80432
0.0239544923862 6537.96814
0.0220156971361 6542.13196
0.0212925508178 6546.29578
0.0213450908611 6550.45837
0.0224244458432 6554.62036
0.0199317932771 6558.78174
0.0214695649283 6562.94312
0.0204097627661 6567.10327
0.0196764454389 6571.26404
0.0198145892038 6575.42358
0.019871722158 6579.58252
0.0199730411002 6583.74084
0.0196567428515 6587.89917
0.019044658748 6592.05688
0.0205865869236 6596.21338
0.0210351131317 6600.37048
0.0183354294733 6604.52637
0.0200165949006 6608.68164
0.0175048279521 6612.83691
0.0192330216664 6616.99158
0.0179925531774 6621.14502
0.0177375093424 6625.29846
0.0178699950371 6629.45129
0.0184371935407 6633.60413
0.0165215759923 6637.75635
0.0182270403669 6641.90674
0.0183211555741 6646.05835
0.0165275219204 6650.20813
0.016182375889 6654.35791
0.0162821701308 6658.50769
0.0160310744846 6662.65625
0.0176130410623 6666.8042
0.0173292161295 6670.95215
0.0165056725709 6675.09949
0.0144980161848 6679.24622
0.0162503902475 6683.39233
0.0167381001539 6687.53784
0.016264710682 6691.68335
0.01633789528 6695.82825
0.0149251952947 6699.97192
0.0153592882215 6704.1156
0.0157936047348 6708.25867
0.0174938332134 6712.40173
0.0144981211653 6716.54358
0.0141244524555 6720.68481
0.0156460242426 6724.82605
0.0145595868063 6728.96667
0.0127468927549 6733.10669
0.0154352376961 6737.24609
0.0143863293609 6741.38489
0.014539119154 6745.52307
0.0121663613929 6749.66064
0.0148992790491 6753.79822
0.0142745927255 6757.93579
0.0131035293503 6762.07153
0.0141462465466 6766.20789
0.0128160952622 6770.34241
0.0143149554398 6774.47754
0.0139247387727 6778.61206
0.0121226569973 6782.74597
0.0131319031171 6786.87866
0.0123233385155 6791.01135
0.0117105529135 6795.14404
0.0121658317341 6799.27551
0.0134959172798 6803.40698
0.0115393416207 6807.53723
0.0132910788998 6811.66748
0.0114218476028 6815.79712
0.011258364716 6819.92615
0.0128740748479 6824.05457
0.0127683062854 6828.18298
0.0117642327596 6832.31018
0.010909751612 6836.43738
0.012814609725 6840.56335
0.0115811270645 6844.68994
0.010818057664 6848.81531
0.0105853522166 6852.93945
0.0112128247323 6857.06482
0.00994632027965 6861.18774
0.0114958720431 6865.31128
0.0108747863941 6869.43481
0.00975815503953 6873.55713
0.00962250144075 6877.67883
0.0109723467185 6881.79932
0.0105131509232 6885.92041
0.00778083527581 6890.04089
0.0111496579173 6894.16016
0.00924292191879 6898.27881
0.00928480066955 6902.39868
0.00836949958699 6906.51611
0.00897664624568 6910.63354
0.00970293942718 6914.75098
0.0103772524136 6918.86719
0.00818223959696 6922.9834
0.00977475124595 6927.099
0.00778394485782 6931.2146
0.00920709240204 6935.32837
0.00859472005502 6939.44214
0.00838588944168 6943.55652
0.00805705347055 6947.66846
0.00943240027238 6951.78101
0.00981259759671 6955.89294
0.00913183287291 6960.00366
0.0108223055915 6964.11438
0.00788264113641 6968.2251
0.00719507814776 6972.33459
0.00830799481826 6976.44409
0.00798433556061 6980.55298
0.00784189401337 6984.66064
0.00873664925287 6988.76831
0.00902874461691 6992.87537
0.00685761928193 6996.98181
0.00900277689175 7001.08826
0.00936147579357 7005.19348
0.0079055852592 7009.2981
0.00920110219518 7013.40271
0.00734465540877 7017.50732
0.00667448135765 7021.61011
0.00618703187959 7025.7135
0.00914263327869 7029.81567
0.00820465145698 7033.91724
0.00674518917561 7038.0188
0.00675628626483 7042.11914
0.00747427209632 7046.21948
0.0065826134451 7050.31921
0.00685154767583 7054.41895
0.00835219071353 7058.51746
0.00752930981688 7062.61536
0.00553417204193 7066.71265
0.00659760059545 7070.81055
0.0068195919683 7074.90662
0.00526859090025 7079.0033
0.00668066544775 7083.09814
0.00451849593923 7087.19299
0.00840746773638 7091.28784
0.00556380865434 7095.38147
0.00592250747694 7099.4751
0.00580923836751 7103.5675
0.00569322613177 7107.66052
0.00550678760302 7111.75171
0.00702168060641 7115.8429
0.00560574057626 7119.93347
0.00746998643229 7124.02405
0.00645973856442 7128.11401
0.00344425806006 7132.20276
0.00580493095448 7136.2915
0.00381150523088 7140.37964
0.00451983945302 7144.46777
0.00425627587549 7148.55408
0.00392171618498 7152.64099
0.00576689153621 7156.72668
0.00572129200917 7160.81177
0.00475422968935 7164.89746
0.00577657334542 7168.98132
0.00437279108733 7173.06519
0.00576754646446 7177.14844
0.00536603526601 7181.23108
0.00437639498536 7185.31372
0.00506394354882 7189.39514
0.00509463173462 7193.47595
0.00445603829177 7197.55676
0.0069473635388 7201.63696
0.00285182362103 7205.71716
0.00233724658951 7209.79614
0.00462870636651 7213.87451
0.00609959767585 7217.95227
0.00543702524413 7222.02942
0.00153220971547 7226.10718
0.00602013264958 7230.18311
0.00433607791344 7234.25903
0.00466054426743 7238.33374
0.00358171402888 7242.40906
0.00484166112386 7246.48376
0.00359910292492 7250.55725
0.00486367091878 7254.63013
0.00463833299041 7258.703
0.00504333391358 7262.77466
0.00323672937445 7266.84631
0.00475253448075 7270.91797
0.00436916751002 7274.98779
0.00430362930023 7279.05823
0.0060794149796 7283.12805
0.00433380831708 7287.19666
0.00684715620478 7291.26526
0.00614209597997 7295.33264
0.00713225738328 7299.40063
0.00674298508232 7303.4668
0.00349728186483 7307.53357
0.0031748603961 7311.59851
0.00538019395815 7315.66406
0.00399320475915 7319.729
0.00366532585826 7323.79272
0.00374449843354 7327.85645
0.000968843361335 7331.91895
0.00292362740479 7335.98206
0.00121132865742 7340.04333
0.00332420684052 7344.10522
0.000965006150704 7348.16528
0.00274925937117 7352.22656
0.0051749399599 7356.28662
0.00387479954014 7360.34546
0.00354643196582 7364.4043
0.00386403757341 7368.46252
0.00498583576658 7372.52014
0.00409517906688 7376.57715
0.00232271037115 7380.63354
0.00408766074756 7384.68933
0.000793403488151 7388.74512
0.00344357324616 7392.80029
0.00111511663729 7396.85486
0.0032059436202 7400.90881
0.000794933884616 7404.96216
0.005145302633 7409.0155
0.00418620852685 7413.06702
0.00427442250056 7417.11914
0.00339243038976 7421.17004
0.00356167894602 7425.22095
0.00511336106224 7429.27124
0.00333318244801 7433.32031
0.00285113558978 7437.37
0.000317445565315 7441.41785
0.00270260582691 7445.46631
0.0013095357389 7449.51355
0.00313499544958 7453.56079
-0.00117593581032 7457.6062
0.00307957220963 7461.65283
0.00183694911713 7465.69824
0.000918556385132 7469.74243
0.00262411813845 7473.78723
0.00435157075097 7477.8302
-0.000614982643679 7481.87378
0.00094389908556 7485.91614
0.00488233248794 7489.9585
0.00113381585612 7493.99963
-0.00072170834546 7498.04077
-0.000637334114403 7502.0813
0.00160718796806 7506.12122
0.00396915298251 7510.16052
0.000534827423489 7514.19922
0.00420145816064 7518.23792
0.000541290309019 7522.27478
0.00239868711434 7526.31226
-0.000385471444821 7530.34851
0.00308356572406 7534.38477
0.00263073949564 7538.42102
0.00179269193033 7542.45544
0.00142189350045 7546.48987
0.00123882127868 7550.52368
0.00211893484504 7554.5575
0.00193840676086 7558.59009
0.0039148170662 7562.62268
0.00245977099029 7566.65405
0.000883729477042 7570.68542
0.00389769019164 7574.7168
0.00150238334958 7578.74634
0.00283502378821 7582.77588
0.00162608609532 7586.8042
0.00132790090899 7590.83374
-0.000429199228082 7594.86084
-0.0033625129407 7598.88916
-0.00254054241856 7602.91504
0.00432229033887 7606.94214
-0.000971937923313 7610.96802
0.00180407444478 7614.99268
-0.000229010931285 7619.01733
0.00322341629464 7623.04199
0.00551084627373 7627.06543
0.00107451905246 7631.08826
-1.42472981077e-05 7635.11108
9.54458417264e-05 7639.13208
0.000646607303584 7643.15369
-0.00112063298523 7647.17529
0.00153948730058 7651.19568
0.00254806482766 7655.21545
0.00591092301027 7659.23462
0.0107539752176 7663.25317
0.00832570215297 7667.27112
0.0109610567151 7671.28845
0.00669624337019 7675.30518
0.00684033706394 7679.32251
0.00423316659064 7683.33862
0.00413628360593 7687.35413
0.00889396752622 7691.36841
0.00962609485224 7695.38269
0.00873270743161 7699.39636
0.0101692355532 7703.41003
0.00586489864277 7707.42249
0.00635953776567 7711.43433
0.00342364636623 7715.44617
0.00415199576435 7719.4574
0.00608185335265 7723.46802
-1.56698115087e-05 7727.47803
0.00288277308228 7731.48682
-0.000987594447272 7735.49622
0.00181485861086 7739.50439
0.00182451091298 7743.51196
0.00306696054702 7747.51892
0.000479873996996 7751.52588
0.00247528119228 7755.53162
0.00636256655062 7759.53735
0.00161806787602 7763.54309
0.0013724490694 7767.54639
-0.000270167210232 7771.5509
-0.00243703621738 7775.5542
-0.00065615881599 7779.5575
-0.00104460629026 7783.55896
-0.00208278795695 7787.56104
-0.000146651968928 7791.56189
0.00337291623672 7795.56274
-0.00211706013178 7799.56299
-0.00424365579367 7803.56201
-0.00387067758044 7807.56165
-0.00215586453398 7811.56006
0.000654497460868 7815.55786
0.00255027300364 7819.55505
0.00161342068308 7823.55225
-0.00261571338679 7827.54761
-0.000979449914326 7831.54358
0.00149928581949 7835.53894
-0.000295156956068 7839.53369
-0.00307963414562 7843.52783
-0.00420971612132 7847.52075
0.00194341695653 7851.51367
0.000685120555552 7855.50598
0.0012528176125 7859.49768
-0.00342511875423 7863.48877
0.00169097882394 7867.47986
-0.0003049745178 7871.47034
-0.00289655692681 7875.45959
-0.000307889067545 7879.44885
-0.000599850196809 7883.4375
0.000710482049097 7887.42493
0.000274087689905 7891.41235
-0.00193427732837 7895.39917
0.00367689262128 7899.38538
-0.000465027003776 7903.37158
-0.000168574388664 7907.35718
-0.00256517181014 7911.34094
-0.00122142083379 7915.32532
-0.000773116103032 7919.30847
0.000886897053583 7923.29224
0.00164660806576 7927.27417
-0.00305910307879 7931.2561
-0.00108586437681 7935.23682
-0.000172519090449 7939.21753
-0.000478955242155 7943.19824
0.00182015706758 7947.17773
0.00428385625671 7951.15723
-0.0035696835414 7955.1355
0.000598792053771 7959.11377
-2.02382137772e-05 7963.09082
-0.00204748369607 7967.06787
0.000762198023276 7971.0437
-0.00363831866562 7975.01953
-0.00887561631918 7978.99536
-0.00367197120138 7982.96936
0.000616838481324 7986.94397
0.00478049180058 7990.91736
0.00046154610328 7994.89014
0.00256214193053 7998.8623
0.000627245784038 8002.83447
0.00258030734411 8006.80542
-0.00263222779772 8010.77637
0.00177740770085 8014.7467
0.0009621613245 8018.71643
0.00162119668003 8022.68555
-0.000515393045651 8026.65405
0.00311185894629 8030.62256
0.000474436844615 8034.58923
-0.00217659924269 8038.55652
0.00744769725619 8042.52258
0.00414090661896 8046.48804
0.000145295311679 8050.4541
-0.000189422391871 8054.41833
0.00115470231797 8058.38257
0.000989853023929 8062.34619
-0.00239187527799 8066.30859
0.000826797998226 8070.271
-0.00172660834353 8074.23279
-0.000877546747486 8078.19458
0.0015226322694 8082.15515
0.000667120561626 8086.11572
0.00032376624315 8090.07507
-0.00211106147171 8094.03381
0.00242437908708 8097.99194
0.0033148640645 8101.95068
-0.00461837112765 8105.90759
-0.00659725533351 8109.8645
0.0035431325388 8113.8208
0.000335006936853 8117.77649
0.00662775446762 8121.73157
-0.00128743770235 8125.68665
0.00269179952738 8129.6405
0.000339461954657 8133.59375
0.000158283120383 8137.54639
0.00307628516265 8141.49841
0.00253500767609 8145.45105
0.00473773239589 8149.40186
0.0041982062584 8153.35266
0.01688006209 8157.30347
0.00808755967739 8161.25244
0.0154855338778 8165.20203
0.015152904423 8169.14978
0.031093125255 8173.09753
0.0561009955718 8177.04468
0.0763670822653 8180.99182
0.0884442464035 8184.93774
0.100832952558 8188.88367
0.117273614333 8192.82898
0.125389815525 8196.77307
0.117022284385 8200.71716
0.111417692063 8204.66003
0.103846667829 8208.60291
0.0817166491683 8212.54517
0.073162328567 8216.48743
0.0656147994878 8220.42786
0.0448781250998 8224.3689
0.0411347076149 8228.30872
0.0273100434379 8232.24792
0.02802296322 8236.18774
0.0214540064672 8240.12512
0.00933718963559 8244.06311
0.0103866058309 8247.99988
0.00816826581102 8251.93665
0.00860566010109 8255.8728
0.00327458717409 8259.80835
0.00597615974427 8263.74329
0.0107697546629 8267.67761
0.00726740175421 8271.61194
-0.0042139815416 8275.54443
-0.00485684418629 8279.47754
-0.00465941124791 8283.40942
-0.00509318753131 8287.34131
-0.00489300139547 8291.27136
-0.00384309717106 8295.20264
0.00400527949499 8299.13208
-0.00812153910806 8303.06152
-0.000454512260321 8306.99097
-0.0045222581239 8310.91797
-0.00260337553341 8314.84619
0.00384529478777 8318.77319
-0.000676281433754 8322.7002
-0.000678836050265 8326.62537
-0.00155255221455 8330.55054
-0.000684355329522 8334.4751
-0.00639921569683 8338.39966
-0.00532338740882 8342.32361
-2.88621446631e-05 8346.24634
-0.00269920187055 8350.16907
-0.0112137191783 8354.09058
-0.00452013018617 8358.01208
-0.0110874626273 8361.93298
-2.95072860612e-05 8365.85327
-0.0123231242531 8369.77295
-0.0107729287678 8373.69202
-0.00668308468073 8377.61047
-0.0124739242809 8381.52832
-0.00118542492343 8385.44617
-0.00699024821144 8389.36218
-0.00747913465043 8393.27942
-0.000730435696134 8397.19421
-0.00283901685707 8401.11023
-0.00613319483951 8405.0238
-0.00779574229673 8408.9386
0.00397401124421 8412.85217
0.00209409954026 8416.76453
0.00138867938718 8420.67749
0.000680347848969 8424.58862
-0.00668808108732 8428.49976
-0.00980528236211 8432.41028
-0.0083970979576 8436.32019
-0.00650465976679 8440.22949
-0.0108647418967 8444.13879
-0.00365563349196 8448.04749
-0.00415866256234 8451.95496
-0.00271568823154 8455.86182
-0.00444852846966 8459.76807
0.00095442237038 8463.67432
-0.0149355863509 8467.57996
-0.00452463458732 8471.48499
-0.0138443189369 8475.38879
-0.0118949598578 8479.2926
-0.00459561789154 8483.19641
-0.0143064340765 8487.09839
-0.00566204934968 8491.00098
-0.0134052876146 8494.90234
-0.0103622690441 8498.8031
-0.00547810293821 8502.70325
-0.00289786151889 8506.60339
-0.0133835500348 8510.50171
-0.0087077138579 8514.40125
-0.00557695965403 8518.29895
-0.000564449787647 8522.19604
-0.00322786760866 8526.09314
-0.0115284416193 8529.98901
-0.00593354024213 8533.8855
-0.0046073468976 8537.78015
-0.0100204230359 8541.6748
-0.0154667167212 8545.56885
0.00267504024991 8549.46228
-0.0215406753531 8553.35571
-0.00848595932081 8557.24731
-0.0156201687127 8561.13953
-0.0148365528957 8565.03052
-0.0140511508818 8568.92151
-0.00526890306797 8572.81067
-0.0077736877201 8576.70105
-0.0114085382369 8580.5896
-0.00198376169577 8584.47754
0.00275601806012 8588.36609
-0.0045261857905 8592.25281
-0.00482878563115 8596.13892
-0.00711864721592 8600.02502
-0.0025980425093 8603.91052
-0.00489930232329 8607.79541
0.00226067269687 8611.67969
-0.00697053867024 8615.56335
-0.0142689836567 8619.44702
-0.00937324910699 8623.32947
-3.81739558787e-05 8627.21069
-0.00828468439706 8631.09253
-0.00388458069579 8634.97314
-0.0119380599366 8638.85376
-0.00541814127703 8642.73315
0.00206244611241 8646.61255
-0.00638069831142 8650.49072
-0.00641415707704 8654.3689
-0.00156492274056 8658.24707
-0.00801534774412 8662.1228
-0.00219742683271 8665.99915
-0.00964679821282 8669.87488
-0.00657924773532 8673.75061
-0.00473414435277 8677.62451
0.0012165268246 8681.49841
-0.00826352348711 8685.3717
-0.0127648192831 8689.24438
-0.00643717890407 8693.11707
-0.0113041687645 8696.98853
-0.00813387417775 8700.85938
-0.018291712473 8704.72961
-0.00790681154875 8708.59985
0.00852000910367 8712.46887
-0.00634499236291 8716.33789
-0.00938871268394 8720.20569
0.00431788099403 8724.07349
0.00231938816694 8727.94067
-0.00072393012478 8731.80725
-0.00380750674576 8735.67322
-0.00624405873546 8739.53796
-0.00732669051271 8743.40332
-0.00248831513658 8747.26624
-0.00672219558113 8751.13037
-0.00959615746461 8754.99329
-0.0117905793155 8758.85559
-0.00577001456288 8762.71729
-0.0162318928226 8766.57898
-0.0137686084448 8770.44006
-0.0127271673754 8774.29932
0.00104155023703 8778.15918
-0.00332140844056 8782.01782
-0.00733608072231 8785.87585
-0.0077106167063 8789.73389
-0.0139363935475 8793.5907
-0.00956165515981 8797.44751
-0.00481209576203 8801.3031
-0.0107050887634 8805.1593
-0.015534605167 8809.01367
-0.00189747233488 8812.86804
-0.0197607740639 8816.7218
-0.0176188110605 8820.57434
-0.016967343299 8824.42749
-0.00685360803014 8828.27942
-0.0107011523358 8832.13013
-0.00617120566482 8835.98145
-0.00659064998996 8839.83154
-0.0174622111277 8843.68042
-0.0140404416579 8847.53052
-0.0129248932336 8851.37817
-0.000442204173774 8855.22644
-0.0110467344819 8859.07349
-0.0146286164736 8862.92053
-0.00913877850921 8866.76636
-0.0115494939675 8870.61157
-0.00960124160112 8874.4574
0.00114575026936 8878.30078
-0.00887859361183 8882.14539
-0.00126104008423 8885.98816
-0.00733970759849 8889.83093
-0.00859377050988 8893.67249
-0.0270400479347 8897.51465
-0.00907823352851 8901.35498
0.000769601558775 8905.19531
-0.0174215631105 8909.03503
-0.0137442752304 8912.87415
-0.00546246184857 8916.71326
-0.0175918988803 8920.55054
-0.00758923072607 8924.38843
-0.00719171096408 8928.2251
-0.00974104955955 8932.06116
-0.0114623105265 8935.89661
-0.00556435028084 8939.73206
-0.0119684716267 8943.56628
-0.00988006052192 8947.3999
-0.0039165185929 8951.23352
-0.00307393008889 8955.06592
-0.0126343234238 8958.89832
-0.0135846874354 8962.72949
0.00345384690841 8966.56067
-0.0115558405748 8970.39063
-0.0134218286853 8974.22058
-0.0139694470872 8978.04993
-0.0249344288035 8981.87866
-5.93008765371e-05 8985.70618
-0.0165701635441 8989.53369
-0.0217674369052 8993.36121
-0.00842257390113 8997.18689
0.00834562483086 9001.01257
0.00369687022436 9004.83704
-0.00809316870415 9008.66211
-0.0157312661106 9012.48596
-0.00625811207114 9016.3092
-0.00723788772496 9020.13184
-0.00534022299537 9023.95386
-0.0149787614743 9027.77588
-0.00873691033331 9031.59668
-0.0213025027077 9035.41687
-0.0145477354784 9039.23645
-0.0101996174876 9043.05603
-0.0116412906755 9046.875
-0.0106642219777 9050.69275
-0.0169074878552 9054.5105
-0.0101470631684 9058.32642
-0.012520748472 9062.14294
-0.0100968214841 9065.95825
-0.0234175510187 9069.77417
-0.0195308450389 9073.58826
-0.0024241801296 9077.40234
-0.00194225427052 9081.21582
-0.000528553043172 9085.02869
-0.00470832486478 9088.84033
0.00270803509632 9092.65198
-0.000517528849901 9096.46301
-0.00687206563676 9100.27344
-0.00275940551488 9104.08325
-0.00362679244972 9107.89246
0.00391938822905 9111.70105
-0.00663007690185 9115.50903
-0.0239756777049 9119.31641
-0.0117007152175 9123.12317
0.00294034727036 9126.92932
-0.00303495803256 9130.73547
-0.0140420258687 9134.53979
-0.0177938459618 9138.34473
-0.00300112784682 9142.14783
-0.00341581767269 9145.95154
-0.0029922662447 9149.75464
-0.00299053263707 9153.55652
-0.00340937202287 9157.3584
-0.00802480728274 9161.15845
-0.0134865889413 9164.95972
-0.0143361883657 9168.75854
-0.00509850607683 9172.55859
-0.0190155331121 9176.3562
-0.00892260696626 9180.15503
0.00206321563478 9183.95203
-0.0077269243936 9187.74902
-0.0120770747668 9191.5448
-0.00308744888331 9195.34058
-0.00224555356623 9199.13574
-0.00981280120221 9202.92969
-0.016703568755 9206.72363
-0.00736543271655 9210.51636
-0.00748581547662 9214.30969
-0.0109167108741 9218.10181
-0.0288836957329 9221.89331
-0.0156837294192 9225.6842
-0.014948244117 9229.47388
-0.0101436054134 9233.26416
-0.00620501428219 9237.05261
0.00512075560822 9240.84106
-0.0174500524183 9244.62891
-0.0166226578171 9248.41675
-0.0125153706683 9252.20337
-0.0192645798541 9255.98938
0.00159285118843 9259.77478
-0.00569670583097 9263.55957
-0.0131758106539 9267.34436
-0.00757176819176 9271.12732
-0.0304611044822 9274.91089
-0.013082983362 9278.69324
-0.0234273789261 9282.47559
-0.0279654202594 9286.25671
-0.0049867655789 9290.03723
-0.00567223522575 9293.81775
-0.0164548251554 9297.59705
-0.0141274874807 9301.37634
0.00962308135172 9305.15381
-0.000743024012802 9308.9325
0.00258536031707 9312.70935
-0.0395727480906 9316.4856
-0.033376315363 9320.26123
-0.0227242203841 9324.03687
-0.0116517339061 9327.8125
-0.00231304225519 9331.5863
-0.03420512047 9335.36011
-0.0343305749598 9339.13208
-0.0208908600996 9342.90527
0.00236111230777 9346.67664
-0.0298362142567 9350.448
-0.00800558714417 9354.21814
-0.04732394861 9357.98889
-0.0348973370744 9361.75842
-0.00791675896828 9365.52673
0.0109761491682 9369.29504
-0.0200631754058 9373.06274
-0.0469824292086 9376.83044
-0.000147224322666 9380.5957
0.0185975511097 9384.36218
-0.0512633546234 9388.12744
-0.0657376786893 9391.89148
-0.0628131694502 9395.65613
-0.0622269283582 9399.41956
-0.0238349718682 9403.18237
-0.0417730523236 9406.94458
-0.0961281491492 9410.70557
-0.0077617530263 9414.46655
-0.0218983926939 9418.22693
-0.047728571214 9421.98669
-0.0599651598348 9425.74646
-0.126776719269 9429.50562
-0.0401875108015 9433.26294
-0.0609077855674 9437.02026
-0.0802353088039 9440.77698
-0.0310764515555 9444.53369
-0.0243513356395 9448.28918
-0.0677240124628 9452.04468
-0.0297003718707 9455.79834
-0.0557761035041 9459.55261
-0.0574996522119 9463.30627
-0.00542247092079 9467.05811
0.0118707799496 9470.81055
-0.0571149502869 9474.56177
-0.0362681925277 9478.31238
0.00660483551601 9482.06238
-0.00191783466809 9485.81238
-0.0170725352909 9489.56116
-0.0755191552924 9493.30933
-0.0400118778719 9497.05811
-0.054430763666 9500.80505
-0.0148428850309 9504.55139
-0.0613732847333 9508.29773
0.0331837163763 9512.04346
0.0233827606108 9515.78735
-0.0453342786998 9519.53186
-0.047905856747 9523.27515
-0.0214979100496 9527.01843
-0.0544095288909 9530.76172
-0.0314886790362 9534.50195
0.00865932403699 9538.24341
-0.0836584202036 9541.98486
-0.014701991381 9545.72449
-0.0463203880108 9549.4635
-0.0145052980712 9553.20251
-0.0757218633975 9556.94092
-0.00443499144725 9560.67871
-0.0467725265537 9564.41589
-0.0649158137033 9568.15125
-0.028232883093 9571.88721
-0.0281742678337 9575.62256
-0.0491187749165 9579.3573
-0.0868699553061 9583.09021
-0.0462991161448 9586.82373
-0.0743319642001 9590.55664
-0.0505850045735 9594.28955
-0.0408305785183 9598.02063
-0.0619517235495 9601.7511
-0.0634199434732 9605.48157
-0.056421678916 9609.21143
-0.0395458289784 9612.94128
-0.0339098951624 9616.66809
-0.0324838268964 9620.39612
-0.0661714907439 9624.12415
-0.0506788140923 9627.85095
-0.0787299618193 9631.57715
-0.0492525695644 9635.30151
-0.0226186685286 9639.02649
-0.0395038683427 9642.75146
-0.0635168861927 9646.47522
-0.0340262120553 9650.19714
-0.0270462712934 9653.92029
-0.035636117464 9657.6416
-0.0542397804292 9661.36292
-0.0429648486374 9665.08423
-0.0459214271641 9668.80371
0.0212686851252 9672.52319
-0.0460612659906 9676.24207
-0.0432263506993 9679.96094
0.00985145862987 9683.67737
-0.0389349257652 9687.39441
-0.00735738308504 9691.11084
-0.0231282174629 9694.82666
-0.0188156976162 9698.54248
-0.0818996016289 9702.25586
-0.0388493166519 9705.96985
-0.037405434186 9709.68323
-0.0302455157574 9713.39661
-0.0316936076643 9717.10754
0.0141413871922 9720.81909
-0.0188584979488 9724.53064
-0.00882785054275 9728.24097
-0.0609375812828 9731.94946
-0.0524871115911 9735.65918
-0.017704864401 9739.36768
-0.014870864671 9743.07556
-0.0282623809724 9746.78284
-0.034395726483 9750.48828
-0.033124317284 9754.19495
-0.0514341407079 9757.90039
-0.0335572017785 9761.60522
-0.0444562927957 9765.30884
-0.0831559612715 9769.01245
-0.0898295541654 9772.71606
-0.0701093106587 9776.41846
-0.0298594877857 9780.12024
-0.0441361447626 9783.82019
-0.00493226404516 9787.52136
-0.0112870906069 9791.22131
-0.0909314124929 9794.92065
-0.0529335750174 9798.61877
-0.0387147944584 9802.31689
-0.0453391934673 9806.0144
-0.0471743128551 9809.71191
-0.0457851401909 9813.4082
-0.0313017233376 9817.10266
-0.0199633832334 9820.79773
-0.0515829243592 9824.4928
-0.0218982773042 9828.18604
-0.0556784029203 9831.87866
-0.0883060993769 9835.57129
-0.0719008004693 9839.26331
-0.0363240304179 9842.95471
0.0205458734612 9846.64612
-0.0368725993228 9850.33569
-0.0177996511426 9854.02527
-0.0196913587812 9857.71362
-0.0340751378959 9861.40259
-0.0289179635681 9865.08911
-0.0038435009373 9868.77625
-0.0220436172359 9872.46277
-0.0496933063161 9876.14929
-0.0427194735663 9879.83459
-0.0617720528167 9883.51807
-0.0624038703138 9887.20215
-0.0440376803015 9890.88623
-0.0695987769998 9894.56909
0.00948178353221 9898.25012
-0.158093830928 9901.93115
-0.0341184012912 9905.61279
-0.0364714034717 9909.29321
-0.0713255763802 9912.97302
-0.0944121240083 9916.651
-0.0806136493508 9920.3302
-0.0893807943628 9924.00818
-0.0148414166121 9927.68494
-0.0651361990417 9931.36047
-0.0906783478192 9935.03723
-0.00238510083336 9938.71277
-0.127640542871 9942.3877
-0.0919717737339 9946.0614
-0.098882723965 9949.7345
-0.086470740961 9953.40759
-0.106464476081 9957.08008
-0.0590894252229 9960.75195
-0.0879137318967 9964.422
-0.0399199628809 9968.09265
-0.0113556804757 9971.7627
-0.0737860430918 9975.43152
-0.0383566415358 9979.10095
-0.0498513464975 9982.76733
-0.118240134816 9986.43494
-0.109887157988 9990.10193
-0.0301712203677 9993.76831
0.00895787592604 9997.43286
-0.107799905657 10001.09802
-0.0663095687946 10004.76257
-0.0621963578981 10008.42651
-0.0580366017544 10012.08923
-0.0465197862542 10015.75134
-0.037222206097 10019.41284
-0.0750533721332 10023.07434
-0.0331039392121 10026.73523
-0.151097923723 10030.39429
-0.150372901176 10034.05334
-0.0892909803976 10037.71179
-0.00827528184751 10041.37024
-0.101907864124 10045.02808
-0.0326999607772 10048.68408
-0.136348642801 10052.34009
-0.0879832436275 10055.99609
-0.127159130615 10059.65149
-0.119565288005 10063.30444
-0.0115026576759 10066.95862
-0.0788040390027 10070.61218
-0.107446454591 10074.26453
-0.0655622407882 10077.91626
-0.0745877143761 10081.56677
0.0686036891348 10085.21729
-0.12234879447 10088.8678
-0.0766285278329 10092.51709
0.0114688668993 10096.16577
-0.123522230548 10099.81384
-0.112977302783 10103.4613
-0.0158174744443 10107.10754
-0.0160459578577 10110.75439
-0.0956689359102 10114.39941
-0.0648343078896 10118.04443
-0.0788276169051 10121.68884
-0.149499971894 10125.33325
-0.090987588833 10128.97522
-0.0683041482939 10132.6178
-0.113680669683 10136.26038
-0.0732243039215 10139.90112
-0.0459292987918 10143.54187
-0.134683165271 10147.1814
-0.135925243179 10150.82153
-0.0616170342628 10154.46045
-0.105851302761 10158.09937
-0.184164021487 10161.73523
-0.156470451961 10165.3717
-0.210943598304 10169.00879
-0.0650841432048 10172.64404
-0.0543153730833 10176.27991
-0.117187801767 10179.91333
-0.106669054073 10183.54675
-0.111737717284 10187.18018
-0.0766930696559 10190.81299
-0.0652220530366 10194.44397
-0.147309485271 10198.07495
-0.127834608263 10201.70593
-0.170087540443 10205.33691
-0.108732265329 10208.96606
-0.247833358552 10212.5946
-0.152380892845 10216.22253
-0.0982297560574 10219.85046
-0.0347897534783 10223.47778
-0.0523664389138 10227.10327
-0.188140399059 10230.72876
-0.106357563405 10234.35364
-0.1343906048 10237.97852
-0.0502523193155 10241.60278
-0.348751851579 10245.22461
-0.200107715536 10248.84766
-0.169867006226 10252.46948
-0.16734074549 10256.09131
-0.0777780856053 10259.71069
-0.293701644259 10263.3313
-0.0450529021237 10266.94946
0.0442177947334 10270.56885
-0.242669048445 10274.18823
-0.25522660501 10277.80396
-0.0366139673707 10281.4209
-0.0525124654184 10285.03784
-0.136782805978 10288.65479
-0.15925862153 10292.26807
-0.176863891781 10295.88135
-0.189467825201 10299.49707
-0.169654123142 10303.10913
-0.149452357011 10306.72241
-0.212444581475 10310.33325
-0.0176262070431 10313.94531
-0.0634050132071 10317.55493
-0.271787248526 10321.16577
-0.140678593 10324.77417
0.0522583205026 10328.38257
-0.0484520982527 10331.99097
-0.19367284306 10335.59937
-0.232359737611 10339.20654
-0.210221388615 10342.81128
-0.349691803337 10346.41724
-0.183423770927 10350.02197
-0.0199298845836 10353.62671
-0.310447438672 10357.229
-0.0595808579476 10360.83252
-0.159531302889 10364.43481
-0.107992148614 10368.03711
0.15491028923 10371.6394
-0.0694881079571 10375.23804
-0.327104114051 10378.83789
-0.274174341068 10382.43774
-0.0150362248076 10386.03638
-0.0790709522001 10389.63257
-0.465219733909 10393.2312
-0.108194647675 10396.82861
