188.301102 0.0
188.764923 0.0
189.228699 -184.259613
189.692459 -129.514709
190.156158 -20.180389
190.619812 -62.398827
191.083435 -5.287045
191.547043 -49.978477
192.01059 19.526886
192.474091 803.495483
192.937561 36.890469
193.401001 9.602605
193.86441 -40.04414
194.327759 61.686779
194.791077 -49.978477
195.254349 -40.04414
195.717575 -5.287045
196.180786 7.121222
196.643951 -57.43042
197.107071 -52.462379
197.570145 7.121222
198.033203 -0.323412
198.496216 -12.733246
198.959167 -15.215499
199.422089 -35.077572
199.884979 -74.821884
200.347855 -62.398827
200.810654 -25.145697
201.273422 -15.215499
201.73616 -37.560772
202.198853 36.890469
202.661514 -22.663025
203.12413 -40.04414
203.5867 -45.011066
204.04924 -2.805143
204.511734 -62.398827
204.974197 44.330502
205.436615 -7.768985
205.899002 -79.791771
206.361343 79.038086
206.823654 -30.111425
207.285919 -5.287045
207.748123 -35.077572
208.210327 -52.462379
208.672485 -22.663025
209.134583 -164.346329
209.596649 -109.620369
210.05867 -102.161797
210.520676 -166.835083
210.982635 -82.276939
211.444534 -77.30677
211.906403 29.449575
212.36824 49.289913
212.830048 -22.663025
213.291779 -0.323412
213.753494 -77.30677
214.215179 -47.494751
214.676819 -156.880569
215.138412 -74.821884
215.59996 -57.43042
216.061493 9.602605
216.522949 -5.287045
216.984406 -72.337036
217.445801 -12.733246
217.907166 2.158215
218.368484 -67.367722
218.829773 41.850571
219.291031 -141.952133
219.752228 -27.628542
220.213379 -37.560772
220.6745 -57.43042
221.135574 -79.791771
221.596634 -127.027512
222.057648 -77.30677
222.5186 -40.04414
222.979553 -77.30677
223.44043 -52.462379
223.901276 -22.663025
224.362076 -134.489365
224.822845 -52.462379
225.283569 -32.594414
225.744278 -107.134102
226.20491 -49.978477
226.665512 -69.852356
227.126114 -27.628542
227.586639 -119.566689
228.047119 -129.514709
228.507568 14.564987
228.967972 -37.560772
229.428345 -87.247536
229.888687 -62.398827
230.348984 -79.791771
230.809219 -45.011066
231.26944 -52.462379
231.729614 -92.218483
232.189758 -82.276939
232.649841 -97.189926
233.109894 -79.791771
233.569901 -67.367722
234.029892 -27.628542
234.489822 -35.077572
234.949707 -54.946312
235.409561 -62.398827
235.869385 -87.247536
236.329163 -49.978477
236.788895 -7.768985
237.248581 -109.620369
237.708237 -79.791771
238.167847 -146.927872
238.627441 46.810261
239.08696 -87.247536
239.546463 4.639805
240.00592 -77.30677
240.465332 -47.494751
240.924698 -144.439911
241.384033 -102.161797
241.843338 -62.398827
242.302597 -40.04414
242.76181 -5.287045
243.220993 -52.462379
243.680115 -82.276939
244.139221 -82.276939
244.598282 -49.978477
245.057297 -37.560772
245.516266 -79.791771
245.975189 -62.398827
246.434082 -10.251097
246.892944 9.602605
247.351761 -134.489365
247.810516 9.602605
248.269272 -32.594414
248.727951 4.639805
249.1866 -5.287045
249.645218 -10.251097
250.10379 -32.594414
250.562317 -64.883255
251.020813 -42.52755
251.479279 -45.011066
251.937668 -92.218483
252.396057 -84.762146
252.854385 -74.821884
253.312683 -30.111425
253.77092 -72.337036
254.229126 -129.514709
254.687302 -109.620369
255.145432 -22.663025
255.6035 -97.189926
256.061584 -72.337036
256.519592 -107.134102
256.97757 -69.852356
257.435455 -57.43042
257.893372 -139.464386
258.351196 -89.732956
258.80899 -79.791771
259.266754 -59.91457
259.724487 -49.978477
260.18219 -127.027512
260.639832 -144.439911
261.097443 -54.946312
261.554993 17.045988
262.012512 -59.91457
262.469971 -107.134102
262.927429 -74.821884
263.384827 -82.276939
263.842194 -42.52755
264.29953 -20.180389
264.756805 -12.733246
265.21405 -40.04414
265.671234 -42.52755
266.128387 -114.593315
266.58551 -107.134102
267.042572 -22.663025
267.499573 -57.43042
267.956604 -20.180389
268.413574 -20.180389
268.870483 -64.883255
269.327362 -42.52755
269.78418 -15.215499
270.240936 -136.976822
270.697693 -27.628542
271.154419 -89.732956
271.611053 -69.852356
272.067688 -94.704185
272.524292 -62.398827
272.980835 -119.566689
273.437347 -52.462379
273.893799 -42.52755
274.35025 -166.835083
274.80661 -59.91457
275.262939 -20.180389
275.719238 -62.398827
276.175507 -92.218483
276.631714 61.686779
277.087891 -49.978477
277.544067 -45.011066
278.000122 -84.762146
278.456177 -27.628542
278.912201 -0.323412
279.368164 -87.247536
279.824097 -64.883255
280.279968 -22.663025
280.73584 -77.30677
281.19162 -10.251097
281.6474 -49.978477
282.103149 -57.43042
282.558838 2.158215
283.014465 36.890469
283.470062 -52.462379
283.925629 -74.821884
284.381134 -42.52755
284.836639 -27.628542
285.292053 -12.733246
285.747467 -57.43042
286.20282 -94.704185
286.658142 -17.697926
287.113434 -20.180389
287.568634 -15.215499
288.023804 14.564987
288.478973 -59.91457
288.934113 -49.978477
289.38913 -47.494751
289.844208 -49.978477
290.299164 -42.52755
290.754089 -89.732956
291.208984 -30.111425
291.663879 -52.462379
292.118683 -7.768985
292.573456 -112.106819
293.028198 -54.946312
293.482849 -99.675842
293.937561 -37.560772
294.392151 36.890469
294.846741 -69.852356
295.301239 -134.489365
295.755737 -104.647926
296.210175 -64.883255
296.664581 -144.439911
297.118958 -22.663025
297.573242 -109.620369
298.027557 -54.946312
298.481812 -25.145697
298.935974 -57.43042
299.390137 -22.663025
299.844238 -40.04414
300.29834 -12.733246
300.75235 -149.415863
301.20636 -47.494751
301.660278 -122.053497
302.114197 -79.791771
302.568054 -64.883255
303.021881 -69.852356
303.475677 26.969091
303.929413 -97.189926
304.383118 -40.04414
304.836761 -22.663025
305.290375 -12.733246
305.743958 -45.011066
306.19751 -139.464386
306.65097 -139.464386
307.104431 -22.663025
307.5578 39.370605
308.011169 -97.189926
308.464508 -69.852356
308.917755 -77.30677
309.371063 -129.514709
309.824219 17.045988
310.277374 -62.398827
310.730499 -99.675842
311.183563 64.165886
311.636597 -62.398827
312.089569 -40.04414
312.542511 -2.805143
312.995422 -17.697926
313.448273 -59.91457
313.901093 -64.883255
314.353882 -45.011066
314.80658 -77.30677
315.259308 -77.30677
315.711975 -94.704185
316.164581 56.728397
316.617126 -22.663025
317.069672 -54.946312
317.522156 -15.215499
317.974579 -64.883255
318.427002 -92.218483
318.879333 -25.145697
319.331665 -69.852356
319.783936 -79.791771
320.236176 -67.367722
320.688354 -89.732956
321.140503 -87.247536
321.592651 -67.367722
322.044647 -45.011066
322.496704 -184.259613
322.948639 -59.91457
323.400604 -114.593315
323.852509 17.045988
324.304352 -97.189926
324.756165 -94.704185
325.207916 -104.647926
325.659668 -141.952133
326.111328 12.083814
326.562988 -122.053497
327.014557 -57.43042
327.466156 -40.04414
327.917664 -17.697926
328.36911 -112.106819
328.820557 -35.077572
329.271942 -67.367722
329.723297 -67.367722
330.174561 26.969091
330.625854 -92.218483
331.077026 -82.276939
331.528229 -102.161797
331.97937 -42.52755
332.43045 -109.620369
332.8815 -49.978477
333.332489 -72.337036
333.783478 -67.367722
334.234406 -127.027512
334.685303 -109.620369
335.136078 -57.43042
335.586914 -57.43042
336.037659 -17.697926
336.488342 -79.791771
336.939026 -94.704185
337.389648 -102.161797
337.84024 -94.704185
338.290771 19.526886
338.741272 9.602605
339.191681 -42.52755
339.64212 -59.91457
340.092468 -59.91457
340.542816 -154.392258
340.993103 -57.43042
341.443329 -59.91457
341.893555 -136.976822
342.343689 -129.514709
342.793793 -104.647926
343.243866 -52.462379
343.693878 -97.189926
344.14389 -97.189926
344.593842 -20.180389
345.043732 -25.145697
345.493591 -52.462379
345.943359 -161.857605
346.393158 -52.462379
346.842896 -20.180389
347.292542 -5.287045
347.742218 -45.011066
348.191803 -62.398827
348.641357 -84.762146
349.090881 -92.218483
349.540314 -54.946312
349.989777 24.488438
350.439148 -15.215499
350.888489 -35.077572
351.337799 -54.946312
351.787048 -124.540482
352.236267 -42.52755
352.685425 -40.04414
353.134552 -107.134102
353.583649 -136.976822
354.032684 -47.494751
354.481659 -74.821884
354.930634 -22.663025
355.379517 -127.027512
355.82843 -67.367722
356.277222 -69.852356
356.726013 -89.732956
357.174774 17.045988
357.623444 -99.675842
358.072113 -72.337036
358.520721 -52.462379
358.969299 -102.161797
359.417786 -122.053497
359.866302 -72.337036
360.314697 -114.593315
360.763123 -17.697926
361.211456 -64.883255
361.65976 -82.276939
362.108032 -87.247536
362.556244 -62.398827
363.004456 -156.880569
363.452576 34.410297
363.900696 -49.978477
364.348663 -72.337036
364.796722 -52.462379
365.24469 -127.027512
365.692596 -45.011066
366.140472 -92.218483
366.588287 -52.462379
367.036102 -74.821884
367.483826 -139.464386
367.931549 -32.594414
368.379181 -122.053497
368.826843 -99.675842
369.274384 -107.134102
369.721924 -57.43042
370.169403 -17.697926
370.616821 -35.077572
371.06427 -37.560772
371.511566 -92.218483
371.958923 -42.52755
372.406158 24.488438
372.853424 -27.628542
373.300568 -40.04414
373.747711 -20.180389
374.194794 -89.732956
374.641846 -49.978477
375.088898 -79.791771
375.535828 -30.111425
375.982758 7.121222
376.429596 -0.323412
376.876465 -25.145697
377.323242 -40.04414
377.769989 -40.04414
378.216675 -12.733246
378.66333 -119.566689
379.109985 -92.218483
379.556519 12.083814
380.003052 -5.287045
380.449524 -67.367722
380.895996 -119.566689
381.342377 -69.852356
381.788727 -57.43042
382.235046 -64.883255
382.681274 -27.628542
383.127533 -62.398827
383.573669 -40.04414
384.019836 -74.821884
384.465912 -77.30677
384.911957 -72.337036
385.357971 -94.704185
385.803925 -161.857605
386.249847 -49.978477
386.695679 -79.791771
387.141541 -69.852356
387.587311 -141.952133
388.033051 -45.011066
388.478729 -87.247536
388.924408 -27.628542
389.369995 -17.697926
389.815552 31.929955
390.261078 -40.04414
390.706543 -45.011066
391.152008 -54.946312
391.597351 -124.540482
392.042725 -42.52755
392.487976 59.207642
392.933289 -20.180389
393.378479 -35.077572
393.823639 -30.111425
394.268768 -49.978477
394.713837 -0.323412
395.158905 66.644821
395.603851 24.488438
396.048798 -0.323412
396.493683 -35.077572
396.938568 -40.04414
397.383392 -35.077572
397.828156 17.045988
398.272888 -49.978477
398.71756 -7.768985
399.162201 -22.663025
399.606781 -89.732956
400.051361 -10.251097
400.495819 -69.852356
400.940308 -77.30677
401.384705 -47.494751
401.829102 41.850571
402.273438 17.045988
402.717682 -97.189926
403.161926 2.158215
403.60611 -67.367722
404.050293 -5.287045
404.494385 12.083814
404.938446 -7.768985
405.382477 -42.52755
405.826447 -42.52755
406.270386 -2.805143
406.714233 -42.52755
407.158081 12.083814
407.601868 -10.251097
408.045624 -20.180389
408.489319 44.330502
408.933014 -17.697926
409.376617 -35.077572
409.82019 -12.733246
410.263702 -32.594414
410.707184 -27.628542
411.150635 2.158215
411.594025 -72.337036
412.037384 -32.594414
412.480682 24.488438
412.923981 26.969091
413.367126 29.449575
413.810333 -45.011066
414.253479 64.165886
414.696533 -32.594414
415.139587 7.121222
415.582581 2.158215
416.025543 46.810261
416.468414 56.728397
416.911285 12.083814
417.354065 76.559669
417.796875 -0.323412
418.239594 -77.30677
418.682281 7.121222
419.124908 -42.52755
419.567505 44.330502
420.010071 -2.805143
420.452545 -40.04414
420.89502 -62.398827
421.337372 -22.663025
421.779785 93.90667
422.222107 101.339546
422.664368 12.083814
423.106628 61.686779
423.548798 -57.43042
423.990967 22.007748
424.433044 41.850571
424.875092 -10.251097
425.317078 2.158215
425.759064 -0.323412
426.200989 4.639805
426.642853 96.384377
427.084686 81.516472
427.526459 56.728397
427.968201 24.488438
428.409912 36.890469
428.851563 49.289913
429.293121 61.686779
429.734711 29.449575
430.176239 74.081139
430.617706 98.862045
431.059113 51.769531
431.500488 46.810261
431.941833 88.950882
432.383087 86.47287
432.824341 98.862045
433.265533 64.165886
433.706726 126.109306
434.147827 59.207642
434.588867 131.061981
435.029877 150.868866
435.470825 69.123718
435.911804 54.248985
436.352661 140.966232
436.793518 118.679482
437.234283 155.819519
437.675049 93.90667
438.115723 158.294754
438.556396 170.669189
438.99704 249.806946
439.437561 143.442078
439.878113 227.559784
440.318573 200.357819
440.759033 168.19458
441.199341 200.357819
441.639709 66.644821
442.079956 98.862045
442.520264 93.90667
442.96051 111.248604
443.400604 121.156105
443.840759 61.686779
444.280762 44.330502
444.720825 -27.628542
445.160767 69.123718
445.600739 44.330502
446.040558 49.289913
446.480438 123.632759
446.920258 138.490295
447.359955 190.463211
447.799713 88.950882
448.239319 205.304474
448.678955 180.567001
449.1185 309.093964
449.558014 338.716492
449.997498 449.677734
450.436951 570.285522
450.876343 481.697479
451.315674 530.927917
451.754974 328.843842
452.194183 318.969666
452.633392 217.66954
453.07251 108.771576
453.511688 192.937042
453.950684 244.863861
454.38974 160.769897
454.828735 244.863861
455.267639 123.632759
455.706543 136.014374
456.145325 183.041229
456.584137 168.19458
457.022858 12.083814
457.461578 116.202621
457.900208 83.99469
458.338867 2.158215
458.777405 39.370605
459.215912 56.728397
459.654388 74.081139
460.092773 41.850571
460.531189 19.526886
460.969513 9.602605
461.407806 98.862045
461.846008 86.47287
462.284241 93.90667
462.722351 126.109306
463.160461 116.202621
463.598541 145.917679
464.03653 262.163116
464.474518 190.463211
464.912384 259.692047
465.350281 415.177094
465.788086 521.084717
466.225891 798.593933
466.663605 1304.108032
467.101318 1551.942749
467.539001 1690.096802
467.976563 1624.685181
468.414124 1381.946289
468.851593 987.051208
469.289063 712.761963
469.72644 666.122009
470.163849 415.177094
470.601135 242.392105
471.038422 212.723755
471.475677 183.041229
471.912811 165.719742
472.350006 230.031998
472.787048 247.335373
473.224121 168.19458
473.661072 160.769897
474.098053 210.250854
474.534943 200.357819
474.971802 392.988251
475.40863 720.123291
475.845367 705.399841
476.282104 567.826416
476.71875 501.394043
477.155426 437.358154
477.591949 333.780304
478.028503 272.046265
478.464966 252.278397
478.901428 212.723755
479.33786 170.669189
479.77417 200.357819
480.21051 190.463211
480.646698 264.633942
481.082947 234.976395
481.519073 296.747192
481.9552 234.976395
482.391266 212.723755
482.827301 234.976395
483.263306 276.987152
483.699188 336.248413
484.135101 338.716492
484.570923 323.906891
485.006744 274.516693
485.442413 294.277496
485.878174 301.686157
486.313782 326.375397
486.74939 355.989838
487.184998 321.438385
487.620453 368.325012
488.055939 328.843842
488.491333 289.337799
488.926727 358.45697
489.36203 415.177094
489.797302 373.258484
490.232513 471.846924
490.667755 449.677734
491.102905 476.772339
491.537964 535.848816
491.973022 570.285522
492.40799 592.41394
492.842957 508.778839
493.277832 479.234955
493.712738 474.309753
494.147491 533.388489
494.582275 503.855713
495.017029 801.0448
495.45166 722.576782
495.886292 876.975464
496.320831 1060.340576
496.755402 1714.310059
497.18985 2660.442627
497.624298 4912.501465
498.058655 7830.217773
498.493042 9953.923828
498.927368 10179.183594
499.361572 9028.948242
499.795807 7074.894043
500.229919 5597.201172
500.664063 4438.088379
501.098083 3202.488525
501.532104 2399.049805
501.966064 1779.648926
502.399994 1333.306885
502.833893 1009.045837
503.2677 830.447083
503.701477 663.666382
504.135193 759.369873
504.568909 678.398743
505.002502 528.467163
505.436127 663.666382
505.869629 589.955627
506.303162 619.449646
506.736603 626.821228
507.169983 582.580017
507.603363 526.006531
508.036621 533.388489
508.46994 580.121277
508.903107 668.577637
509.336304 631.735046
509.769379 624.364136
510.202484 587.497131
510.635529 550.60968
511.068481 550.60968
511.501434 577.662476
511.934265 580.121277
512.367126 572.744629
512.799927 501.394043
513.232605 572.744629
513.665344 555.529175
514.097961 747.107727
514.530579 1028.591064
514.963135 1840.10144
515.395691 2820.749268
515.828064 3073.818848
516.260498 2749.003906
516.692871 2030.842773
517.125183 1629.532471
517.557373 1401.393433
517.989624 1150.628662
518.421753 884.319214
518.853943 847.592712
519.286072 685.763916
519.718018 656.29895
520.150024 631.735046
520.581909 700.491455
521.013855 587.497131
521.445679 530.927917
521.877502 562.907776
522.309204 599.788452
522.740906 540.769531
523.172546 526.006531
523.604187 621.906921
524.035767 621.906921
524.467224 707.854004
524.898682 693.128052
525.330078 658.754883
525.761475 710.308105
526.192749 639.105164
526.624023 612.077332
527.055237 678.398743
527.486389 589.955627
527.917542 582.580017
528.348572 722.576782
528.779663 528.467163
529.210571 710.308105
529.641541 646.474426
530.072388 644.018188
530.503235 658.754883
530.934082 572.744629
531.364746 668.577637
531.795532 572.744629
532.226135 715.21582
532.656738 575.203674
533.08728 589.955627
533.517822 693.128052
533.948242 793.6922
534.378662 690.673401
534.809082 715.21582
535.239319 967.494629
535.669617 678.398743
536.099792 585.038696
536.529968 688.218628
536.960083 582.580017
537.390137 737.296509
537.82019 742.202271
538.250183 668.577637
538.680115 732.390259
539.109985 823.097656
539.539795 744.65509
539.969543 805.945984
540.399292 729.936951
540.828979 830.447083
541.258606 788.790039
541.688171 862.285706
542.117737 825.547607
542.547302 899.004333
542.976685 881.871338
543.406128 872.079163
543.835388 840.245178
544.264771 859.837036
544.69397 1089.635498
545.12323 1031.033813
545.552307 1167.69751
545.981506 1270.028931
546.410583 1206.697632
546.839539 1226.189819
547.268555 1542.238403
547.697449 1731.254761
548.126282 1798.998779
548.555054 2100.753662
548.983887 2290.914063
549.412598 2703.536865
549.841309 3085.739746
550.269958 3596.997803
550.698486 4016.000732
551.127075 4421.612305
551.555481 4696.677734
551.983948 4919.532715
552.412292 4975.764648
552.840698 5214.447266
553.26886 5433.981445
553.697205 5494.632324
554.125366 5664.756348
554.553467 5829.98877
554.981628 6039.116699
555.409607 6319.716309
555.837646 6601.994629
556.265564 7229.071777
556.693481 7610.271973
557.121338 8339.725586
557.549133 9015.333008
557.976929 9730.577148
558.404602 10491.731445
558.832275 11168.620117
559.259888 12045.301758
559.687439 12651.754883
560.114929 12931.012695
560.542419 13514.90918
560.969788 13865.84082
561.397156 14073.070313
561.824524 14158.999023
562.25177 14302.150391
562.679016 14046.625977
563.10614 14174.418945
563.533264 13892.305664
563.960327 13755.541016
564.387329 13574.539063
564.814331 13943.021484
565.241272 13539.205078
565.668213 13976.091797
566.094971 14121.546875
566.52179 14207.458984
566.948425 15199.085938
567.375183 16343.397461
567.801819 18912.980469
568.228394 24066.875
568.654846 29783.414063
569.081421 32770.59375
569.507874 32426.224609
569.934265 28546.066406
570.360596 25322.470703
570.786865 23068.181641
571.213074 21198.333984
571.639282 19361.251953
572.06543 18007.939453
572.491516 16503.210938
572.917603 15920.651367
573.343567 15552.355469
573.769531 15385.635742
574.195435 15534.808594
574.621277 15282.496094
575.047119 15843.949219
575.472839 15868.056641
575.89856 16328.070313
576.324158 16395.945313
576.749817 16540.421875
577.175293 16848.976563
577.60083 17019.611328
578.026306 17264.572266
578.451721 18217.796875
578.877136 18650.630859
579.302429 18755.566406
579.727661 19363.439453
580.152832 19682.798828
580.578064 20210.21875
581.003113 20321.876953
581.428223 20630.679688
581.853271 20880.464844
582.278198 21268.509766
582.703125 21525.175781
583.12793 21272.896484
583.552795 21108.435547
583.977539 20919.912109
584.402283 20120.466797
584.826965 18738.076172
585.251587 17575.074219
585.676208 15214.451172
586.100647 12835.753906
586.525208 10482.746094
586.949524 8234.78418
587.373962 6233.980469
587.798218 4529.837891
588.222534 3321.478271
588.646729 2329.377197
589.070984 1646.495117
589.495117 1153.067383
589.919128 921.026428
590.343201 823.097656
590.767151 663.666382
591.191101 830.447083
591.61499 1106.71875
592.038818 1617.414063
592.462524 2672.415283
592.886292 3994.73584
593.310059 5939.244629
593.733582 8010.939453
594.157227 10280.438477
594.58075 12321.003906
595.004272 13934.202148
595.427673 15563.321289
595.851074 16592.951172
596.274353 17640.666016
596.697632 18536.953125
597.120911 19085.712891
597.544067 19022.300781
597.967224 19267.212891
598.39032 19170.990234
598.813354 18904.232422
599.236328 18550.070313
599.659241 18335.837891
600.082153 18292.119141
600.505005 17616.615234
600.927795 16958.361328
601.350525 16649.853516
601.773254 16549.177734
602.195862 15975.431641
602.618408 15477.779297
603.040955 15223.232422
603.46344 14625.618164
603.885925 14324.166992
604.30835 13629.737305
604.730652 13364.662109
605.152893 13189.981445
605.575195 12545.266602
605.997375 12507.538086
606.419495 12176.53418
606.841553 11485.90918
607.263672 11535.012695
607.685608 11061.227539
608.107605 10850.709961
608.52948 10336.662109
608.951294 10266.942383
609.373108 10116.145508
609.7948 9556.624023
610.216553 9545.321289
610.638123 9160.486328
611.059753 9067.515625
611.481262 9038.023438
611.902832 8597.168945
612.324219 8540.255859
612.745605 8433.191406
613.166931 8138.896973
613.588196 7999.508301
614.00946 7770.686035
614.430664 7612.56543
614.851807 8161.733398
615.272827 8669.985352
615.693909 9940.398438
616.114929 10861.914063
616.535889 10669.081055
616.956787 9647.015625
617.377563 8960.862305
617.79834 8373.927734
618.219055 7795.875
618.639832 7603.393066
619.060364 6830.59082
619.481018 6451.680176
619.901611 6085.540527
620.322083 5799.751953
620.742493 5482.970703
621.162842 5310.251953
621.583191 5275.209961
622.003418 5230.80957
622.423706 5008.554199
622.843872 4884.374023
623.264038 4729.546875
623.684143 4543.946289
624.104126 4673.194336
624.52417 4482.795898
624.944031 4221.352539
625.364014 4228.426758
625.783752 4145.865723
626.203552 4152.944824
626.62323 3885.979492
627.042969 3928.549316
627.462585 3793.686279
627.882141 3592.253662
628.301697 3668.132813
628.72113 3499.700439
629.140625 3523.44043
629.559998 3497.326416
629.979309 3551.92041
630.39856 3200.107178
630.81781 3290.554443
631.237 3119.11084
631.656067 3011.806396
632.075195 3088.123779
632.494202 2923.489746
632.913208 2937.816895
633.332092 2861.380615
633.750977 2782.491699
634.169739 2713.11084
634.588562 2602.952148
635.007263 2717.897217
635.425964 2583.780518
635.844543 2693.962158
636.263123 2658.047852
636.681641 2602.952148
637.100037 2411.056641
637.518494 2478.266357
637.936829 2358.213867
638.355164 2276.486084
638.773438 2367.82373
639.19165 2148.935059
639.609863 2146.526611
640.027893 2189.867676
640.445984 2132.074463
640.863953 2252.433838
641.281921 2146.526611
641.699829 2120.029297
642.117676 2079.063232
642.535461 1927.075439
642.953247 1992.246582
643.370972 2013.959106
643.788635 1854.603394
644.206177 1902.925293
644.623718 1999.484741
645.04126 1774.810791
645.458618 1767.553223
645.876099 1745.776001
646.293396 1709.467896
646.710693 1728.834229
647.127991 1716.730957
647.545166 1791.743042
647.962341 1711.889038
648.379333 1532.533203
648.796448 1670.721436
649.213379 1508.264648
649.63031 1614.990112
650.04718 1581.047729
650.463989 1488.844482
650.880859 1415.975464
651.297546 1522.826538
651.714233 1576.19751
652.130859 1452.418701
652.547485 1384.377441
652.963928 1457.276245
653.380432 1474.276123
653.796814 1435.41394
654.213196 1316.275757
654.629578 1270.028931
655.045837 1270.028931
655.462036 1330.874023
655.878174 1179.887207
656.294312 1267.594116
656.710327 1201.82373
657.126404 1155.505981
657.542358 1160.38269
657.958252 1160.38269
658.374084 1162.821045
658.789917 1140.872925
659.205688 1101.838135
659.621338 1187.200195
660.037048 1209.134277
660.452637 1050.572876
660.868164 1143.312012
661.283691 996.827454
661.699158 1092.07605
662.114502 1018.819092
662.529846 1001.715088
662.945129 1006.602295
663.360413 1035.919067
663.775635 925.919189
664.190674 1018.819092
664.605835 1021.262207
665.020813 918.579834
665.435791 896.557129
665.850769 899.004333
666.265625 881.871338
666.68042 965.049683
667.095215 945.487183
667.509949 896.557129
667.924622 783.887573
668.339233 874.527344
668.753784 896.557129
669.168335 867.182617
669.582825 867.182617
669.997192 788.790039
670.41156 808.396545
670.825867 827.997437
671.240173 913.686523
671.654358 754.46521
672.068481 732.390259
672.482605 808.396545
672.896667 749.560303
673.310669 653.842957
673.724609 788.790039
674.138489 732.390259
674.552307 737.296509
674.966064 614.534912
675.379822 749.560303
675.793579 715.21582
676.207153 653.842957
676.620789 702.94574
677.034241 634.191895
677.447754 705.399841
677.861206 683.30896
678.274597 592.41394
678.687866 639.105164
679.101135 597.330322
679.514404 565.367126
679.927551 585.038696
680.340698 646.474426
680.753723 550.60968
681.166748 631.735046
681.579712 540.769531
681.992615 530.927917
682.405457 604.704224
682.818298 597.330322
683.231018 548.14978
683.643738 506.317352
684.056335 592.41394
684.468994 533.388489
684.881531 496.47049
685.293945 484.159821
685.706482 511.240112
686.118774 452.141266
686.531128 521.084717
686.943481 491.54657
687.355713 439.822296
687.767883 432.429749
688.179932 491.54657
688.592041 469.384033
689.004089 346.119904
689.416016 494.008514
689.827881 407.781708
690.239868 407.781708
690.651611 365.858093
691.063354 390.52243
691.475098 420.106873
691.886719 447.213989
692.29834 351.054993
692.7099 417.641968
693.12146 331.312195
693.532837 390.52243
693.944214 363.391235
694.355652 353.522461
694.766846 338.716492
695.178101 395.454071
695.589294 410.246857
696.000366 380.657898
696.411438 449.677734
696.82251 326.375397
697.233459 296.747192
697.644409 341.184296
698.055298 326.375397
698.466064 318.969666
698.876831 353.522461
699.287537 363.391235
699.698181 274.516693
700.108826 358.45697
700.519348 370.791779
700.92981 311.563049
701.340271 360.924164
701.750732 286.86795
702.161011 259.692047
702.57135 239.920242
702.981567 353.522461
703.391724 316.500854
703.80188 259.692047
704.211914 259.692047
704.621948 286.86795
705.031921 252.278397
705.441895 262.163116
705.851746 318.969666
706.261536 286.86795
706.671265 210.250854
707.081055 249.806946
707.490662 257.220886
707.90033 197.884277
708.309814 249.806946
708.719299 168.19458
709.128784 311.563049
709.538147 205.304474
709.94751 217.66954
710.35675 212.723755
710.766052 207.77771
711.175171 200.357819
711.58429 254.749756
711.993347 202.831268
712.402405 269.575592
712.811401 232.504242
713.220276 123.632759
713.62915 207.77771
714.037964 136.014374
714.446777 160.769897
714.855408 150.868866
715.264099 138.490295
715.672668 202.831268
716.081177 200.357819
716.489746 165.719742
716.898132 200.357819
717.306519 150.868866
717.714844 197.884277
718.123108 183.041229
718.531372 148.393326
718.939514 170.669189
719.347595 170.669189
719.755676 148.393326
720.163696 230.031998
720.571716 93.90667
720.979614 76.559669
721.387451 150.868866
721.795227 197.884277
722.202942 175.618362
722.610718 49.289913
723.018311 192.937042
723.425903 138.490295
723.833374 148.393326
724.240906 113.725662
724.648376 153.344177
725.055725 113.725662
725.463013 153.344177
725.8703 145.917679
726.277466 158.294754
726.684631 101.339546
727.091797 148.393326
727.498779 136.014374
727.905823 133.538223
728.312805 187.989273
728.719666 133.538223
729.126526 210.250854
729.533264 187.989273
729.940063 217.66954
730.34668 205.304474
730.753357 106.294312
731.159851 96.384377
731.566406 163.244797
731.9729 121.156105
732.379272 111.248604
732.785645 113.725662
733.191895 29.449575
733.598206 88.950882
734.004333 36.890469
734.410522 101.339546
734.816528 29.449575
735.222656 83.99469
735.628662 158.294754
736.034546 118.679482
736.44043 108.771576
736.846252 118.679482
737.252014 153.344177
737.657715 126.109306
738.063354 71.602448
738.468933 126.109306
738.874512 24.488438
739.280029 106.294312
739.685486 34.410297
740.090881 98.862045
740.496216 24.488438
740.90155 158.294754
741.306702 128.585632
741.711914 131.061981
742.117004 103.817017
742.522095 108.771576
742.927124 155.819519
743.332031 101.339546
743.737 86.47287
744.141785 9.602605
744.546631 81.516472
744.951355 39.370605
745.356079 93.90667
745.76062 -35.077572
746.165283 91.428864
746.569824 54.248985
746.974243 26.969091
747.378723 76.559669
747.78302 126.109306
748.187378 -17.697926
748.591614 26.969091
748.99585 138.490295
749.399963 31.929955
749.804077 -20.180389
750.20813 -17.697926
750.612122 44.330502
751.016052 108.771576
751.419922 14.564987
751.823792 113.725662
752.227478 14.564987
752.631226 64.165886
753.034851 -10.251097
753.438477 81.516472
753.842102 69.123718
754.245544 46.810261
754.648987 36.890469
755.052368 31.929955
755.45575 54.248985
755.859009 49.289913
756.262268 98.862045
756.665405 61.686779
757.068542 22.007748
757.47168 96.384377
757.874634 36.890469
758.277588 69.123718
758.68042 39.370605
759.083374 31.929955
759.486084 -10.251097
759.888916 -79.791771
760.291504 -59.91457
760.694214 101.339546
761.096802 -22.663025
761.499268 41.850571
761.901733 -5.287045
762.304199 74.081139
762.706543 126.109306
763.108826 24.488438
763.511108 -0.323412
763.913208 2.158215
764.315369 14.564987
764.717529 -25.145697
765.119568 34.410297
765.521545 56.728397
765.923462 131.061981
766.325317 237.448441
766.727112 183.041229
767.128845 239.920242
767.530518 145.917679
767.932251 148.393326
768.333862 91.428864
768.735413 88.950882
769.136841 190.463211
769.538269 205.304474
769.939636 185.515381
770.341003 215.196686
770.742249 123.632759
771.143433 133.538223
771.544617 71.602448
771.94574 86.47287
772.346802 126.109306
772.747803 -0.323412
773.148682 59.207642
773.549622 -20.180389
773.950439 36.890469
774.351196 36.890469
774.751892 61.686779
775.152588 9.602605
775.553162 49.289913
775.953735 126.109306
776.354309 31.929955
776.754639 26.969091
777.15509 -5.287045
777.55542 -47.494751
777.95575 -12.733246
778.355896 -20.180389
778.756104 -40.04414
779.156189 -2.805143
779.556274 64.165886
779.956299 -40.04414
780.356201 -79.791771
780.756165 -72.337036
781.156006 -40.04414
781.555786 12.083814
781.955505 46.810261
782.355225 29.449575
782.754761 -47.494751
783.154358 -17.697926
783.553894 26.969091
783.953369 -5.287045
784.352783 -54.946312
784.752075 -74.821884
785.151367 34.410297
785.550598 12.083814
785.949768 22.007748
786.348877 -59.91457
786.747986 29.449575
787.147034 -5.287045
787.545959 -49.978477
787.944885 -5.287045
788.34375 -10.251097
788.742493 12.083814
789.141235 4.639805
789.539917 -32.594414
789.938538 61.686779
790.337158 -7.768985
790.735718 -2.805143
791.134094 -42.52755
791.532532 -20.180389
791.930847 -12.733246
792.329224 14.564987
792.727417 26.969091
793.12561 -49.978477
793.523682 -17.697926
793.921753 -2.805143
794.319824 -7.768985
794.717773 29.449575
795.115723 69.123718
795.51355 -57.43042
795.911377 9.602605
796.309082 -0.323412
796.706787 -32.594414
797.10437 12.083814
797.501953 -57.43042
797.899536 -139.464386
798.296936 -57.43042
798.694397 9.602605
799.091736 74.081139
799.489014 7.121222
799.88623 39.370605
800.283447 9.602605
800.680542 39.370605
801.077637 -40.04414
801.47467 26.969091
801.871643 14.564987
802.268555 24.488438
802.665405 -7.768985
803.062256 46.810261
803.458923 7.121222
803.855652 -32.594414
804.252258 111.248604
804.648804 61.686779
805.04541 2.158215
805.441833 -2.805143
805.838257 17.045988
806.234619 14.564987
806.630859 -35.077572
807.0271 12.083814
807.423279 -25.145697
807.819458 -12.733246
808.215515 22.007748
808.611572 9.602605
809.007507 4.639805
809.403381 -30.111425
809.799194 34.410297
810.195068 46.810261
810.590759 -64.883255
810.98645 -92.218483
811.38208 49.289913
811.777649 4.639805
812.173157 91.428864
812.568665 -17.697926
812.96405 36.890469
813.359375 4.639805
813.754639 2.158215
814.149841 41.850571
814.545105 34.410297
814.940186 64.165886
815.335266 56.728397
815.730347 227.559784
816.125244 108.771576
816.520203 207.77771
816.914978 202.831268
817.309753 415.177094
817.704468 747.107727
818.099182 1013.932678
818.493774 1170.135742
818.888367 1328.441162
819.282898 1537.386108
819.677307 1634.379395
820.071716 1515.546143
820.466003 1432.984497
820.860291 1326.008179
821.254517 1035.919067
821.648743 921.026428
822.042786 820.647827
822.43689 557.988831
822.830872 508.778839
823.224792 336.248413
823.618774 343.652161
824.012512 262.163116
824.406311 113.725662
824.799988 126.109306
825.193665 98.862045
825.58728 103.817017
825.980835 39.370605
826.374329 71.602448
826.767761 128.585632
827.161194 86.47287
827.554443 -49.978477
827.947754 -57.43042
828.340942 -54.946312
828.734131 -59.91457
829.127136 -57.43042
829.520264 -45.011066
829.913208 46.810261
830.306152 -94.704185
830.699097 -5.287045
831.091797 -52.462379
831.484619 -30.111425
831.877319 44.330502
832.27002 -7.768985
832.662537 -7.768985
833.055054 -17.697926
833.44751 -7.768985
833.839966 -72.337036
834.232361 -59.91457
834.624634 -0.323412
835.016907 -30.111425
835.409058 -124.540482
835.801208 -49.978477
836.193298 -122.053497
836.585327 -0.323412
836.977295 -134.489365
837.369202 -117.079979
837.761047 -72.337036
838.152832 -134.489365
838.544617 -12.733246
838.936218 -74.821884
839.327942 -79.791771
839.719421 -7.768985
840.111023 -30.111425
840.50238 -64.883255
840.89386 -82.276939
841.285217 41.850571
841.676453 22.007748
842.067749 14.564987
842.458862 7.121222
842.849976 -69.852356
843.241028 -102.161797
843.632019 -87.247536
844.022949 -67.367722
844.413879 -112.106819
844.804749 -37.560772
845.195496 -42.52755
845.586182 -27.628542
845.976807 -45.011066
846.367432 9.602605
846.757996 -149.415863
847.148499 -45.011066
847.538879 -136.976822
847.92926 -117.079979
848.319641 -45.011066
848.709839 -139.464386
849.100098 -54.946312
849.490234 -129.514709
849.88031 -99.675842
850.270325 -52.462379
850.660339 -27.628542
851.050171 -127.027512
851.440125 -82.276939
851.829895 -52.462379
852.219604 -5.287045
852.609314 -30.111425
852.998901 -107.134102
853.38855 -54.946312
853.778015 -42.52755
854.16748 -92.218483
854.556885 -141.952133
854.946228 24.488438
855.335571 -196.708969
855.724731 -77.30677
856.113953 -141.952133
856.503052 -134.489365
856.892151 -127.027512
857.281067 -47.494751
857.670105 -69.852356
858.05896 -102.161797
858.447754 -17.697926
858.836609 24.488438
859.225281 -40.04414
859.613892 -42.52755
860.002502 -62.398827
860.391052 -22.663025
860.779541 -42.52755
861.167969 19.526886
861.556335 -59.91457
861.944702 -122.053497
862.332947 -79.791771
862.721069 -0.323412
863.109253 -69.852356
863.497314 -32.594414
863.885376 -99.675842
864.273315 -45.011066
864.661255 17.045988
865.049072 -52.462379
865.43689 -52.462379
865.824707 -12.733246
866.21228 -64.883255
866.599915 -17.697926
866.987488 -77.30677
867.375061 -52.462379
867.762451 -37.560772
868.149841 9.602605
868.53717 -64.883255
868.924438 -99.675842
869.311707 -49.978477
869.698853 -87.247536
870.085938 -62.398827
870.472961 -139.464386
870.859985 -59.91457
871.246887 64.165886
871.633789 -47.494751
872.020569 -69.852356
872.407349 31.929955
872.794067 17.045988
873.180725 -5.287045
873.567322 -27.628542
873.953796 -45.011066
874.340332 -52.462379
874.726624 -17.697926
875.113037 -47.494751
875.499329 -67.367722
875.885559 -82.276939
876.271729 -40.04414
876.657898 -112.106819
877.044006 -94.704185
877.429932 -87.247536
877.815918 7.121222
878.201782 -22.663025
878.587585 -49.978477
878.973389 -52.462379
879.35907 -94.704185
879.744751 -64.883255
880.13031 -32.594414
880.51593 -72.337036
880.901367 -104.647926
881.286804 -12.733246
881.67218 -132.001953
882.057434 -117.079979
882.442749 -112.106819
882.827942 -45.011066
883.213013 -69.852356
883.598145 -40.04414
883.983154 -42.52755
884.368042 -112.106819
884.753052 -89.732956
885.137817 -82.276939
885.522644 -2.805143
885.907349 -69.852356
886.292053 -92.218483
886.676636 -57.43042
887.061157 -72.337036
887.44574 -59.91457
887.830078 7.121222
888.214539 -54.946312
888.598816 -7.768985
888.983093 -45.011066
889.367249 -52.462379
889.751465 -164.346329
890.135498 -54.946312
890.519531 4.639805
890.903503 -104.647926
891.287415 -82.276939
891.671326 -32.594414
892.055054 -104.647926
892.438843 -45.011066
892.82251 -42.52755
893.206116 -57.43042
893.589661 -67.367722
893.973206 -32.594414
894.356628 -69.852356
894.73999 -57.43042
895.123352 -22.663025
895.506592 -17.697926
895.889832 -72.337036
896.272949 -77.30677
896.656067 19.526886
897.039063 -64.883255
897.422058 -74.821884
897.804993 -77.30677
898.187866 -136.976822
898.570618 -0.323412
898.953369 -89.732956
899.336121 -117.079979
899.718689 -45.011066
900.101257 44.330502
900.483704 19.526886
900.866211 -42.52755
901.248596 -82.276939
901.63092 -32.594414
902.013184 -37.560772
902.395386 -27.628542
902.777588 -77.30677
903.159668 -45.011066
903.541687 -109.620369
903.923645 -74.821884
904.305603 -52.462379
904.6875 -59.91457
905.069275 -54.946312
905.45105 -87.247536
905.832642 -52.462379
906.214294 -64.883255
906.595825 -52.462379
906.977417 -122.053497
907.358826 -102.161797
907.740234 -12.733246
908.121582 -10.251097
908.502869 -2.805143
908.884033 -25.145697
909.265198 14.564987
909.646301 -2.805143
910.027344 -37.560772
910.408325 -15.215499
910.789246 -20.180389
911.170105 22.007748
911.550903 -37.560772
911.931641 -136.976822
912.312317 -67.367722
912.692932 17.045988
913.073547 -17.697926
913.453979 -82.276939
913.834473 -104.647926
914.214783 -17.697926
914.595154 -20.180389
914.975464 -17.697926
915.355652 -17.697926
915.73584 -20.180389
916.115845 -47.494751
916.495972 -79.791771
916.875854 -84.762146
917.255859 -30.111425
917.63562 -112.106819
918.015503 -52.462379
918.395203 12.083814
918.774902 -45.011066
919.15448 -69.852356
919.534058 -17.697926
919.913574 -12.733246
920.292969 -54.946312
920.672363 -92.218483
921.051636 -40.04414
921.430969 -40.04414
921.810181 -57.43042
922.189331 -149.415863
922.56842 -79.791771
922.947388 -74.821884
923.326416 -49.978477
923.705261 -30.111425
924.084106 24.488438
924.462891 -82.276939
924.841675 -77.30677
925.220337 -57.43042
925.598938 -87.247536
925.977478 7.121222
926.355957 -25.145697
926.734436 -57.43042
927.112732 -32.594414
927.491089 -129.514709
927.869324 -54.946312
928.247559 -97.189926
928.625671 -114.593315
929.003723 -20.180389
929.381775 -22.663025
929.759705 -64.883255
930.137634 -54.946312
930.515381 36.890469
930.89325 -2.805143
931.270935 9.602605
931.64856 -144.439911
932.026123 -119.566689
932.403687 -79.791771
932.78125 -40.04414
933.15863 -7.768985
933.536011 -112.106819
933.913208 -109.620369
934.290527 -64.883255
934.667664 7.121222
935.0448 -87.247536
935.421814 -22.663025
935.798889 -129.514709
936.175842 -92.218483
936.552673 -20.180389
936.929504 26.969091
937.306274 -47.494751
937.683044 -107.134102
938.05957 -0.323412
938.436218 39.370605
938.812744 -104.647926
939.189148 -129.514709
939.565613 -119.566689
939.941956 -114.593315
940.318237 -42.52755
940.694458 -72.337036
941.070557 -161.857605
941.446655 -12.733246
941.822693 -35.077572
942.198669 -74.821884
942.574646 -92.218483
942.950562 -191.728882
943.326294 -59.91457
943.702026 -89.732956
944.077698 -117.079979
944.453369 -45.011066
944.828918 -35.077572
945.204468 -97.189926
945.579834 -42.52755
945.955261 -79.791771
946.330627 -82.276939
946.705811 -7.768985
947.081055 17.045988
947.456177 -82.276939
947.831238 -52.462379
948.206238 9.602605
948.581238 -2.805143
948.956116 -25.145697
949.330933 -112.106819
949.705811 -59.91457
950.080505 -82.276939
950.455139 -22.663025
950.829773 -94.704185
951.204346 51.769531
951.578735 36.890469
951.953186 -72.337036
952.327515 -77.30677
952.701843 -35.077572
953.076172 -89.732956
953.450195 -52.462379
953.824341 14.564987
954.198486 -141.952133
954.572449 -25.145697
954.94635 -79.791771
955.320251 -25.145697
955.694092 -132.001953
956.067871 -7.768985
956.441589 -82.276939
956.815125 -114.593315
957.188721 -49.978477
957.562256 -49.978477
957.93573 -87.247536
958.309021 -154.392258
958.682373 -82.276939
959.055664 -132.001953
959.428955 -89.732956
959.802063 -72.337036
960.17511 -109.620369
960.548157 -112.106819
960.921143 -99.675842
961.294128 -69.852356
961.666809 -59.91457
962.039612 -57.43042
962.412415 -117.079979
962.785095 -89.732956
963.157715 -139.464386
963.530151 -87.247536
963.902649 -40.04414
964.275146 -69.852356
964.647522 -112.106819
965.019714 -59.91457
965.392029 -47.494751
965.76416 -62.398827
966.136292 -94.704185
966.508423 -74.821884
966.880371 -79.791771
967.252319 36.890469
967.624207 -79.791771
967.996094 -74.821884
968.367737 17.045988
968.739441 -67.367722
969.111084 -12.733246
969.482666 -40.04414
969.854248 -32.594414
970.225586 -141.952133
970.596985 -67.367722
970.968323 -64.883255
971.339661 -52.462379
971.710754 -54.946312
972.081909 24.488438
972.453064 -32.594414
972.824097 -15.215499
973.194946 -104.647926
973.565918 -89.732956
973.936768 -30.111425
974.307556 -25.145697
974.678284 -47.494751
975.048828 -57.43042
975.419495 -54.946312
975.790039 -84.762146
976.160522 -54.946312
976.530884 -72.337036
976.901245 -134.489365
977.271606 -144.439911
977.641846 -112.106819
978.012024 -47.494751
978.382019 -69.852356
978.752136 -7.768985
979.122131 -17.697926
979.492065 -141.952133
979.861877 -82.276939
980.231689 -59.91457
980.60144 -69.852356
980.971191 -72.337036
981.34082 -69.852356
981.710266 -47.494751
982.079773 -30.111425
982.44928 -77.30677
982.818604 -32.594414
983.187866 -82.276939
983.557129 -129.514709
983.926331 -104.647926
984.295471 -52.462379
984.664612 29.449575
985.033569 -52.462379
985.402527 -25.145697
985.771362 -27.628542
986.140259 -47.494751
986.508911 -40.04414
986.877625 -5.287045
987.246277 -30.111425
987.614929 -67.367722
987.983459 -57.43042
988.351807 -82.276939
988.720215 -82.276939
989.088623 -57.43042
989.456909 -89.732956
989.825012 12.083814
990.193115 -199.199142
990.561279 -42.52755
990.929321 -45.011066
991.297302 -87.247536
991.6651 -114.593315
992.03302 -97.189926
992.400818 -107.134102
992.768494 -17.697926
993.136047 -77.30677
993.503723 -107.134102
993.871277 -2.805143
994.23877 -149.415863
994.60614 -107.134102
994.97345 -114.593315
995.340759 -99.675842
995.708008 -122.053497
996.075195 -67.367722
996.4422 -99.675842
996.809265 -45.011066
997.17627 -12.733246
997.543152 -82.276939
997.910095 -42.52755
998.276733 -54.946312
998.643494 -129.514709
999.010193 -119.566689
999.376831 -32.594414
999.743286 9.602605
1000.109802 -114.593315
1000.476257 -69.852356
1000.842651 -64.883255
1001.208923 -59.91457
1001.575134 -47.494751
1001.941284 -37.560772
1002.307434 -74.821884
1002.673523 -32.594414
1003.039429 -146.927872
1003.405334 -144.439911
1003.771179 -84.762146
1004.137024 -7.768985
1004.502808 -94.704185
1004.868408 -30.111425
1005.234009 -124.540482
1005.599609 -79.791771
1005.965149 -114.593315
1006.330444 -107.134102
1006.695862 -10.251097
1007.061218 -69.852356
1007.426453 -94.704185
1007.791626 -57.43042
1008.156677 -64.883255
1008.521729 59.207642
1008.88678 -104.647926
1009.251709 -64.883255
1009.616577 9.602605
1009.981384 -102.161797
1010.34613 -92.218483
1010.710754 -12.733246
1011.075439 -12.733246
1011.439941 -74.821884
1011.804443 -49.978477
1012.168884 -59.91457
1012.533325 -112.106819
1012.897522 -67.367722
1013.26178 -49.978477
1013.626038 -82.276939
1013.990112 -52.462379
1014.354187 -32.594414
1014.71814 -94.704185
1015.082153 -94.704185
1015.446045 -42.52755
1015.809937 -72.337036
1016.173523 -124.540482
1016.53717 -104.647926
1016.900879 -139.464386
1017.264404 -42.52755
1017.627991 -35.077572
1017.991333 -74.821884
1018.354675 -67.367722
1018.718018 -69.852356
1019.081299 -47.494751
1019.444397 -40.04414
1019.807495 -89.732956
1020.170593 -77.30677
1020.533691 -102.161797
1020.896606 -64.883255
1021.25946 -146.927872
1021.622253 -89.732956
1021.985046 -57.43042
1022.347778 -20.180389
1022.710327 -30.111425
1023.072876 -107.134102
1023.435364 -59.91457
1023.797852 -74.821884
1024.160278 -27.628542
1024.522461 -189.239044
1024.884766 -107.134102
1025.246948 -89.732956
1025.609131 -87.247536
1025.971069 -40.04414
1026.33313 -149.415863
1026.694946 -22.663025
1027.056885 22.007748
1027.418823 -119.566689
1027.780396 -124.540482
1028.14209 -17.697926
1028.503784 -25.145697
1028.865479 -64.883255
1029.226807 -74.821884
1029.588135 -82.276939
1029.949707 -87.247536
1030.310913 -77.30677
1030.672241 -67.367722
1031.033325 -94.704185
1031.394531 -7.768985
1031.755493 -27.628542
1032.116577 -117.079979
1032.477417 -59.91457
1032.838257 22.007748
1033.199097 -20.180389
1033.559937 -79.791771
1033.920654 -94.704185
1034.281128 -84.762146
1034.641724 -139.464386
1035.002197 -72.337036
1035.362671 -7.768985
1035.7229 -119.566689
1036.083252 -22.663025
1036.443481 -59.91457
1036.803711 -40.04414
1037.16394 56.728397
1037.523804 -25.145697
1037.883789 -117.079979
1038.243774 -97.189926
1038.603638 -5.287045
1038.963257 -27.628542
1039.32312 -161.857605
1039.682861 -37.560772
