188.301102 0.0
188.764923 0.0
189.228699 -12.17654
189.692459 -54.389206
190.156158 -133.931503
190.619812 0.233109
191.083435 -22.106224
191.547043 10.159032
192.01059 44.886604
192.474091 -39.487179
192.937561 -32.037586
193.401001 39.926823
193.86441 30.005882
194.327759 74.637039
194.791077 34.966492
195.254349 54.805061
195.717575 -24.588942
196.180786 42.406696
196.643951 -19.623613
197.107071 2.71478
197.570145 34.966492
198.033203 67.200844
198.496216 15.121435
198.959167 -29.554554
199.422089 -12.17654
199.884979 84.550423
200.347855 2.71478
200.810654 10.159032
201.273422 -84.204826
201.73616 -22.106224
202.198853 37.446709
202.661514 2.71478
203.12413 0.233109
203.5867 -9.694348
204.04924 0.233109
204.511734 25.044725
204.974197 10.159032
205.436615 -37.00383
205.899002 -34.520721
206.361343 -84.204826
206.823654 -91.661087
207.285919 -7.212394
207.748123 -37.00383
208.210327 39.926823
208.672485 -17.141241
209.134583 -24.588942
209.596649 -17.141241
210.05867 30.005882
210.520676 34.966492
210.982635 -34.520721
211.444534 -49.421486
211.906403 -66.810555
212.36824 2.71478
212.830048 -14.658838
213.291779 -12.17654
213.753494 -34.520721
214.215179 -119.009026
214.676819 -89.175514
215.138412 -81.719574
215.59996 -76.749519
216.061493 -84.204826
216.522949 -24.588942
216.984406 -46.937717
217.445801 -46.937717
217.907166 -56.873291
218.368484 87.028587
218.829773 -34.520721
219.291031 -96.632416
219.752228 52.325565
220.213379 -44.454052
220.6745 15.121435
221.135574 -19.623613
221.596634 -22.106224
222.057648 44.886604
222.5186 -24.588942
222.979553 -32.037586
223.44043 -71.779762
223.901276 -51.905361
224.362076 -32.037586
224.822845 -59.357483
225.283569 -9.694348
225.744278 -7.212394
226.20491 -17.141241
226.665512 -49.421486
227.126114 -66.810555
227.586639 -19.623613
228.047119 -49.421486
228.507568 -91.661087
228.967972 -44.454052
229.428345 -37.00383
229.888687 -116.522278
230.348984 -22.106224
230.809219 -46.937717
231.26944 -12.17654
231.729614 22.564127
232.189758 -34.520721
232.649841 -44.454052
233.109894 -71.779762
233.569901 42.406696
234.029892 -89.175514
234.489822 -49.421486
234.949707 -29.554554
235.409561 -84.204826
235.869385 -46.937717
236.329163 -39.487179
236.788895 5.196346
237.248581 -2.248531
237.708237 -61.841648
238.167847 2.71478
238.627441 17.602346
239.08696 -61.841648
239.546463 -7.212394
240.00592 -61.841648
240.465332 -2.248531
240.924698 -39.487179
241.384033 -51.905361
241.843338 52.325565
242.302597 5.196346
242.76181 -32.037586
243.220993 -17.141241
243.680115 5.196346
244.139221 54.805061
244.598282 -64.32605
245.057297 -96.632416
245.516266 -136.418991
245.975189 -59.357483
246.434082 -49.421486
246.892944 -99.118309
247.351761 -7.212394
247.810516 -66.810555
248.269272 -32.037586
248.727951 15.121435
249.1866 -69.295036
249.645218 -39.487179
250.10379 -109.062813
250.562317 -17.141241
251.020813 -56.873291
251.479279 -39.487179
251.937668 0.233109
252.396057 -74.264587
252.854385 -41.970631
253.312683 -64.32605
253.77092 -12.17654
254.229126 -64.32605
254.687302 -9.694348
255.145432 -2.248531
255.6035 -51.905361
256.061584 7.677809
256.519592 -14.658838
256.97757 0.233109
257.435455 -41.970631
257.893372 34.966492
258.351196 -22.106224
258.80899 -61.841648
259.266754 -7.212394
259.724487 -39.487179
260.18219 -54.389206
260.639832 -29.554554
261.097443 -99.118309
261.554993 -41.970631
262.012512 -64.32605
262.469971 -34.520721
262.927429 15.121435
263.384827 -109.062813
263.842194 -56.873291
264.29953 -34.520721
264.756805 -2.248531
265.21405 -81.719574
265.671234 -46.937717
266.128387 -56.873291
266.58551 -34.520721
267.042572 37.446709
267.499573 -37.00383
267.956604 10.159032
268.413574 5.196346
268.870483 -19.623613
269.327362 -171.254807
269.78418 -12.17654
270.240936 -56.873291
270.697693 -119.009026
271.154419 -81.719574
271.611053 -9.694348
272.067688 -22.106224
272.524292 -41.970631
272.980835 -49.421486
273.437347 7.677809
273.893799 -76.749519
274.35025 -96.632416
274.80661 -86.690048
275.262939 27.525356
275.719238 12.640285
276.175507 -49.421486
276.631714 -34.520721
277.087891 -61.841648
277.544067 25.044725
278.000122 27.525356
278.456177 -14.658838
278.912201 -14.658838
279.368164 -96.632416
279.824097 -54.389206
280.279968 -84.204826
280.73584 -51.905361
281.19162 -81.719574
281.6474 -37.00383
282.103149 -17.141241
282.558838 -4.73041
283.014465 25.044725
283.470062 17.602346
283.925629 2.71478
284.381134 12.640285
284.836639 -76.749519
285.292053 -24.588942
285.747467 -64.32605
286.20282 -56.873291
286.658142 10.159032
287.113434 -39.487179
287.568634 -34.520721
288.023804 5.196346
288.478973 0.233109
288.934113 30.005882
289.38913 79.593933
289.844208 17.602346
290.299164 52.325565
290.754089 37.446709
291.208984 5.196346
291.663879 34.966492
292.118683 37.446709
292.573456 34.966492
293.028198 -17.141241
293.482849 -24.588942
293.937561 -17.141241
294.392151 2.71478
294.846741 -46.937717
295.301239 -71.779762
295.755737 30.005882
296.210175 49.846104
296.664581 -86.690048
297.118958 -46.937717
297.573242 -17.141241
298.027557 -44.454052
298.481812 -39.487179
298.935974 -14.658838
299.390137 -99.118309
299.844238 -84.204826
300.29834 -106.576492
300.75235 -46.937717
301.20636 39.926823
301.660278 2.71478
302.114197 -44.454052
302.568054 -59.357483
303.021881 7.677809
303.475677 17.602346
303.929413 -66.810555
304.383118 54.805061
304.836761 -2.248531
305.290375 -123.982704
305.743958 -17.141241
306.19751 -12.17654
306.65097 -29.554554
307.104431 -59.357483
307.5578 84.550423
308.011169 -39.487179
308.464508 -4.73041
308.917755 -46.937717
309.371063 39.926823
309.824219 -24.588942
310.277374 -17.141241
310.730499 -4.73041
311.183563 -7.212394
311.636597 -17.141241
312.089569 -81.719574
312.542511 -7.212394
312.995422 -51.905361
313.448273 17.602346
313.901093 25.044725
314.353882 -91.661087
314.80658 -96.632416
315.259308 -69.295036
315.711975 -121.49575
316.164581 -39.487179
316.617126 30.005882
317.069672 -14.658838
317.522156 44.886604
317.974579 -71.779762
318.427002 -2.248531
318.879333 20.083288
319.331665 -54.389206
319.783936 -2.248531
320.236176 -27.071629
320.688354 -49.421486
321.140503 -9.694348
321.592651 -116.522278
322.044647 -24.588942
322.496704 -54.389206
322.948639 -22.106224
323.400604 -14.658838
323.852509 -56.873291
324.304352 -89.175514
324.756165 104.372566
325.207916 42.406696
325.659668 -2.248531
326.111328 10.159032
326.562988 -7.212394
327.014557 -7.212394
327.466156 15.121435
327.917664 -59.357483
328.36911 -12.17654
328.820557 -24.588942
329.271942 -12.17654
329.723297 34.966492
330.174561 -54.389206
330.625854 -7.212394
331.077026 -19.623613
331.528229 5.196346
331.97937 27.525356
332.43045 -32.037586
332.8815 -14.658838
333.332489 -9.694348
333.783478 2.71478
334.234406 -44.454052
334.685303 -7.212394
335.136078 -7.212394
335.586914 27.525356
336.037659 67.200844
336.488342 129.141022
336.939026 87.028587
337.389648 49.846104
337.84024 -51.905361
338.290771 -27.071629
338.741272 22.564127
339.191681 79.593933
339.64212 99.417709
340.092468 89.506638
340.542816 99.417709
340.993103 32.486309
341.443329 54.805061
341.893555 99.417709
342.343689 156.374664
342.793793 104.372566
343.243866 168.749603
343.693878 178.647736
344.14389 131.61734
344.593842 166.274796
345.043732 193.491852
345.493591 265.188232
345.943359 188.544113
346.393158 282.481842
346.842896 238.002716
347.292542 247.889832
347.742218 218.223969
348.191803 260.246246
348.641357 307.178528
349.090881 329.39743
349.540314 260.246246
349.989777 368.878387
350.439148 514.253418
350.888489 568.377991
351.337799 686.314453
351.787048 948.481201
352.236267 1195.058716
352.685425 1316.821411
353.134552 1370.334717
353.583649 1277.87915
354.032684 1214.554199
354.481659 1063.329712
354.930634 985.155151
355.379517 926.467712
355.82843 826.096924
356.277222 865.283264
356.726013 906.894714
357.174774 931.360229
357.623444 1056.004639
358.072113 1190.184326
358.520721 1209.68103
358.969299 1307.087769
359.417786 1270.575073
359.866302 1197.495972
360.314697 1314.388062
360.763123 1431.099609
361.211456 1435.958862
361.65976 1353.31189
362.108032 1547.634766
362.556244 1542.782837
363.004456 1523.371094
363.452576 1642.192627
363.900696 1695.483032
364.348663 2079.60376
364.796722 2212.070068
365.24469 2442.805664
365.692596 2325.109375
366.140472 2125.388184
366.588287 2156.699951
367.036102 2171.147705
367.483826 2103.703857
367.931549 2103.703857
368.379181 2016.912109
368.826843 2135.023682
369.274384 2365.960205
369.721924 2279.430176
370.169403 2502.795166
370.616821 2377.971436
371.06427 2226.508789
371.511566 2228.915039
371.958923 1992.787842
372.406158 2084.424316
372.853424 2007.263306
373.300568 2050.675049
373.747711 2269.810547
374.194794 2050.675049
374.641846 2243.350586
375.088898 2365.960205
375.535828 2236.133057
375.982758 2305.87915
376.429596 2428.4021
376.876465 2151.883301
377.323242 1980.7229
377.769989 1588.866211
378.216675 1280.313354
378.66333 1026.696167
379.109985 902.000488
379.556519 779.534485
380.003052 774.631531
380.449524 718.21991
380.895996 669.128357
381.342377 681.40448
381.788727 639.65625
382.235046 772.179749
382.681274 938.698425
383.127533 1065.771362
383.573669 1336.285156
384.019836 1387.35376
384.465912 1363.039551
384.911957 1302.220337
385.357971 1068.212891
385.803925 1041.351807
386.249847 1173.120483
386.695679 1350.879639
387.141541 1617.957642
387.587311 1833.391724
388.033051 1719.694702
388.478729 1751.158569
388.924408 1596.139893
389.369995 1639.769409
389.815552 1564.61499
390.261078 1547.634766
390.706543 1520.944214
391.152008 1508.809204
391.597351 1741.478882
392.042725 1838.226563
392.487976 1821.303955
392.933289 1855.14563
393.378479 1954.174194
393.823639 1932.446167
394.268768 1997.613159
394.713837 2067.55127
395.158905 2065.140625
395.603851 2214.476807
396.048798 2219.289795
396.493683 2221.696289
396.938568 2221.696289
397.383392 2269.810547
397.828156 2341.932617
398.272888 2385.177979
398.71756 2363.558105
399.162201 2401.989502
399.606781 2438.004639
400.051361 2286.644287
400.495819 2586.7146
400.940308 2649.005127
401.384705 2581.921143
401.829102 2457.206543
402.273438 2615.469238
402.717682 2771.06958
403.161926 2713.647461
403.60611 2861.91626
404.050293 2859.5271
404.494385 3060.046631
404.938446 3219.689697
405.382477 3179.207275
405.826447 3029.040771
406.270386 2794.985596
406.714233 2562.745605
407.158081 2787.811035
407.601868 2957.451904
408.045624 3169.680176
408.489319 3274.432617
408.933014 3248.255371
409.376617 3300.604004
409.82019 3160.151367
410.263702 3307.740479
410.707184 3421.854248
411.150635 3267.294189
411.594025 2928.801025
412.037384 2873.864014
412.480682 2935.9646
412.923981 3457.488281
413.367126 3777.643311
413.810333 4110.992676
414.253479 4153.474121
414.696533 4120.43457
415.139587 3886.51001
415.582581 4101.550293
416.025543 4077.940186
416.468414 4346.791016
416.911285 4762.933105
417.354065 5027.811523
417.796875 5273.397949
418.239594 5565.098145
418.682281 5616.363281
419.124908 6079.098633
419.567505 6211.318848
420.010071 6255.360352
420.452545 6447.570801
420.89502 6320.23584
421.337372 6549.345215
421.779785 6644.106934
422.222107 7001.708008
422.664368 7033.958008
423.106628 6704.161621
423.548798 5960.675781
423.990967 5448.503906
424.433044 5257.041504
424.875092 4934.119141
425.317078 4830.96875
425.759064 4678.417969
426.200989 4511.550781
426.642853 4243.102051
427.084686 4273.747559
427.526459 4049.601807
427.968201 4054.325439
428.409912 4023.618164
428.851563 4049.601807
429.293121 4073.217773
429.734711 3999.991455
430.176239 4044.87793
430.617706 3981.086426
431.059113 4492.733398
431.500488 4360.922363
431.941833 4358.567383
432.383087 4073.217773
432.824341 3919.621338
433.265533 3898.33667
433.706726 3595.157471
434.147827 3538.213379
434.588867 3647.328613
435.029877 3744.487793
435.470825 3905.431641
435.911804 4247.817383
436.352661 4398.598633
436.793518 4269.033691
437.234283 3997.628662
437.675049 3782.37915
438.115723 3478.862793
438.556396 3474.113281
438.99704 3371.945313
439.437561 3426.606201
439.878113 3360.058838
440.318573 3388.584473
440.759033 3592.785645
441.199341 3843.92334
441.639709 3732.644043
442.079956 3474.113281
442.520264 3383.830566
442.96051 3224.450928
443.400604 3083.890137
443.840759 3193.49707
444.280762 3471.738525
444.720825 3609.388672
445.160767 3919.621338
445.600739 3877.047607
446.040558 3988.176025
446.480438 3886.51001
446.920258 3888.875244
447.359955 3685.255127
447.799713 4113.353516
448.239319 4342.07959
448.678955 4528.013672
449.1185 4645.533691
449.558014 4363.277832
449.997498 4337.368652
450.436951 4294.958984
450.876343 4061.4104
451.315674 3962.177246
451.754974 4063.772217
452.194183 4110.992676
452.633392 4073.217773
453.07251 4332.656738
453.511688 4193.580078
453.950684 4085.023682
454.38974 3806.054199
454.828735 4007.079834
455.267639 4342.07959
455.706543 4617.340332
456.145325 4887.243652
456.584137 5165.871094
457.022858 5102.711426
457.461578 4988.001465
457.900208 4708.944336
458.338867 4924.745117
458.777405 5427.504883
459.215912 5357.480957
459.654388 5427.504883
460.092773 5259.37793
460.531189 5098.032227
460.969513 4948.177246
461.407806 5217.309082
461.846008 5212.634277
462.284241 4957.548828
462.722351 4706.596191
463.160461 4612.640625
463.598541 4612.640625
464.03653 5002.053711
464.474518 4654.930176
464.912384 4600.890625
465.350281 4398.598633
465.788086 4353.856934
466.225891 4772.319336
466.663605 5233.671387
467.101318 5751.413086
467.539001 6079.098633
467.976563 6183.495117
468.414124 5981.582031
468.851593 5672.264648
469.289063 5525.46875
469.72644 5569.759766
470.163849 5537.125977
470.601135 5653.633301
471.038422 5527.800293
471.475677 5172.886719
471.912811 5669.935547
472.350006 6475.335938
472.787048 7181.283691
473.224121 7346.821777
473.661072 7569.505859
474.098053 7390.470703
474.534943 7043.170898
474.971802 6104.625977
475.40863 6081.419434
475.845367 5446.17041
476.282104 5434.504883
476.71875 5821.20752
477.155426 6858.789063
477.591949 7720.805176
478.028503 7979.443359
478.464966 8221.602539
478.901428 8515.71582
479.33786 8538.488281
479.77417 8337.957031
480.21051 8360.759766
480.646698 8558.980469
481.082947 8613.611328
481.519073 9308.261719
481.9552 10026.550781
482.391266 10483.25
482.827301 10692.018555
483.263306 10148.172852
483.699188 9446.325195
484.135101 8709.163086
484.570923 8404.074219
485.006744 8025.16748
485.442413 7716.222168
485.878174 7608.493164
486.313782 7615.37207
486.74939 7498.379883
487.184998 7855.90918
487.620453 8420.02832
488.055939 9020.381836
488.491333 9344.487305
488.926727 9541.307617
489.36203 9692.697266
489.797302 9577.474609
490.232513 9484.777344
490.667755 8734.177734
491.102905 9185.927734
491.537964 9321.84668
491.973022 9459.898438
492.40799 8854.636719
492.842957 8604.508789
493.277832 8180.512207
493.712738 8296.902344
494.147491 8417.749023
494.582275 8543.042969
495.017029 8488.383789
495.45166 8255.834961
495.886292 8290.057617
496.320831 8054.879395
496.755402 7544.271484
497.18985 7551.154297
497.624298 7314.650391
498.058655 7270.976563
498.493042 7415.733398
498.927368 7539.683594
499.361572 7564.91748
499.795807 8321.992188
500.229919 8611.335938
500.664063 8970.452148
501.098083 8643.194336
501.532104 8672.770508
501.966064 8841.005859
502.399994 9120.186523
502.833893 9749.144531
503.2677 9611.373047
503.701477 10265.197266
504.135193 11005.769531
504.568909 11774.130859
505.002502 11869.930664
505.436127 11856.566406
505.869629 11287.618164
506.303162 10873.621094
506.736603 10397.865234
507.169983 10044.575195
507.603363 9194.993164
508.036621 8474.714844
508.46994 7844.464844
508.903107 7415.733398
509.336304 7192.786133
509.769379 7619.95752
510.202484 8280.932617
510.635529 9176.861328
511.068481 9600.074219
511.501434 10543.889648
511.934265 11327.842773
512.367126 11591.294922
512.799927 11097.536133
513.232605 10730.151367
513.665344 10211.197266
514.097961 9627.19043
514.530579 9278.820313
514.963135 9396.546875
515.395691 9961.193359
515.828064 10555.117188
516.260498 10797.418945
516.692871 10505.711914
517.125183 10523.679688
517.557373 9760.431641
517.989624 9455.374023
518.421753 9147.393555
518.853943 8945.480469
519.286072 9165.52832
519.718018 8766.007813
520.150024 8670.496094
520.581909 8399.514648
521.013855 8066.305664
521.445679 8011.45166
521.877502 7537.389648
522.309204 7819.284668
522.740906 8175.945313
523.172546 8410.911133
523.604187 8239.860352
524.035767 7816.995605
524.467224 7227.287598
524.898682 6644.106934
525.330078 6533.159668
525.761475 7434.104004
526.192749 8426.865234
526.624023 8943.209961
527.055237 9274.291016
527.486389 9355.806641
527.917542 9308.261719
528.348572 8922.774414
528.779663 8294.620117
529.210571 7640.591797
529.641541 8036.595703
530.072388 8248.989258
530.503235 8606.78418
530.934082 8913.692383
531.364746 9358.069336
531.795532 9679.146484
532.226135 9423.701172
532.656738 9353.542969
533.08728 9292.40918
533.517822 9717.536133
533.948242 11843.201172
534.378662 17125.09375
534.809082 25013.150391
535.239319 33255.191406
535.669617 39057.480469
536.099792 40206.027344
536.529968 37448.246094
536.960083 33026.503906
537.390137 27972.716797
537.82019 24652.712891
538.250183 22331.666016
538.680115 19775.183594
539.109985 18801.96875
539.539795 16619.705078
539.969543 15052.461914
540.399292 13312.105469
540.828979 11901.109375
541.258606 10649.390625
541.688171 10278.694336
542.117737 10525.924805
542.547302 10393.370117
542.976685 9346.750977
543.406128 8150.827637
543.835388 6856.482422
544.264771 6322.552246
544.69397 6104.625977
545.12323 6611.757324
545.552307 8388.117188
545.981506 9364.861328
546.410583 9954.430664
546.839539 9344.487305
547.268555 8148.543945
547.697449 7567.211914
548.126282 6637.174805
548.555054 6109.266602
548.983887 5930.471191
549.412598 6209.0
549.841309 6685.686035
550.269958 6990.188477
550.698486 7192.786133
551.127075 6847.255859
551.555481 6378.131836
551.983948 5907.231445
552.412292 5867.714844
552.840698 5960.675781
553.26886 6310.969727
553.697205 6299.386719
554.125366 6826.494141
554.553467 7326.141113
554.981628 7273.275391
555.409607 7390.470703
555.837646 7220.387695
556.265564 6803.421875
556.693481 6814.958984
557.121338 6711.089355
557.549133 6849.5625
557.976929 7008.619629
558.404602 6987.884277
558.832275 6868.014648
559.259888 6426.743164
559.687439 6155.664551
560.114929 6192.769531
560.542419 6431.371582
560.969788 6877.238281
561.397156 6909.519531
561.824524 6653.347656
562.25177 6653.347656
562.679016 6287.802734
563.10614 6083.740234
563.533264 6570.152832
563.960327 7245.685059
564.387329 7899.388672
564.814331 8171.379395
565.241272 7885.659668
565.668213 7551.154297
566.094971 7116.849609
566.52179 6994.795898
566.948425 6660.27832
567.375183 6523.909668
567.801819 6292.436523
568.228394 6153.344727
568.654846 6151.025391
569.081421 5888.636719
569.507874 5872.364258
569.934265 6004.807617
570.360596 6537.78418
570.786865 6424.428711
571.213074 6718.01709
571.639282 7252.583008
572.06543 7486.904785
572.491516 7537.389648
572.917603 7178.981934
573.343567 6895.686035
573.769531 6794.191895
574.195435 6718.01709
574.621277 6923.353027
575.047119 7252.583008
575.472839 7555.741699
575.89856 7958.862305
576.324158 8155.39502
576.749817 7906.251953
577.175293 7273.275391
577.60083 6699.542969
578.026306 6014.09668
578.451721 5939.765625
578.877136 5986.227539
579.302429 5837.486816
579.727661 6014.09668
580.152832 6354.976563
580.578064 6604.82373
581.003113 6584.022949
581.428223 6067.493652
581.853271 5953.705566
582.278198 5646.645996
582.703125 5191.593262
583.12793 5254.70459
583.552795 5048.882324
583.977539 5186.916992
584.402283 5460.168457
584.826965 5315.446777
585.251587 5422.837891
585.676208 5427.504883
586.100647 5364.485352
586.525208 5359.81543
586.949524 5315.446777
587.373962 5100.37207
587.798218 5236.008789
588.222534 5037.177246
588.646729 5278.070801
589.070984 5476.49707
589.495117 5364.485352
589.919128 5420.504395
590.343201 5439.171387
590.767151 5280.407227
591.191101 5226.65918
591.61499 5292.088379
592.038818 5443.837402
592.462524 5462.500977
592.886292 5600.053711
593.310059 5814.22998
593.733582 6099.984863
594.157227 6394.337891
594.58075 6528.53418
595.004272 6514.658691
595.427673 6016.417969
595.851074 5960.675781
596.274353 6213.637207
596.697632 6547.033691
597.120911 7082.317383
597.544067 7445.584473
597.967224 7860.486816
598.39032 8004.593262
598.813354 8358.478516
599.236328 8517.993164
599.659241 7773.489746
600.082153 7594.734375
600.505005 7755.166504
600.927795 7784.939941
601.350525 7876.506348
601.773254 7475.428223
602.195862 7162.876953
602.618408 6819.572754
603.040955 6752.647461
603.46344 6371.185059
603.885925 6144.066406
604.30835 5918.852051
604.730652 5662.949219
605.152893 5695.548828
605.575195 5700.205078
605.997375 5616.363281
606.419495 5707.189453
606.841553 5448.503906
607.263672 5586.072754
607.685608 5646.645996
608.107605 6206.681641
608.52948 7139.865234
608.951294 7558.036621
609.373108 7523.62207
609.7948 7231.886719
610.216553 6994.795898
610.638123 6771.113281
611.059753 6828.80127
611.481262 6551.657715
611.902832 6417.485352
612.324219 6484.589355
612.745605 6401.282227
613.166931 6262.312988
613.588196 6213.637207
614.00946 5618.692871
614.430664 5520.805664
614.851807 5569.759766
615.272827 5976.937012
615.693909 6011.773926
616.114929 6468.39502
616.535889 7008.619629
616.956787 7259.480957
617.377563 7107.641602
617.79834 6803.421875
618.219055 6361.923828
618.639832 6468.39502
619.060364 5928.147461
619.481018 5632.67041
619.901611 5839.8125
620.322083 5586.072754
620.742493 5763.04834
621.162842 5544.119141
621.583191 5233.671387
622.003418 5182.240234
622.423706 4847.385254
622.843872 4788.744141
623.264038 4532.716797
623.684143 4457.442383
624.104126 4302.02832
624.52417 4250.174805
624.944031 4172.349121
625.364014 4884.899902
625.783752 5937.441895
626.203552 6440.628906
626.62323 6558.59375
627.042969 5863.064941
627.462585 5341.13623
627.882141 4767.625977
628.301697 4306.741211
628.72113 3798.952148
629.140625 3637.845215
629.559998 3744.487793
629.979309 3630.731445
630.39856 3697.104248
630.81781 3580.924072
631.237 3576.179688
631.656067 3483.612305
632.075195 3611.760254
632.494202 3725.537109
632.913208 4089.746094
633.332092 4004.717285
633.750977 4141.675781
634.169739 4313.80957
634.588562 4316.165527
635.007263 4113.353516
635.425964 3978.722656
635.844543 3900.70166
636.263123 3552.451904
636.681641 3405.220703
637.100037 3602.273193
637.518494 3725.537109
637.936829 3983.449219
638.355164 4080.301758
638.773438 4040.153564
639.19165 3860.486816
639.609863 3813.155518
640.027893 3713.690674
640.445984 3609.388672
640.863953 3552.451904
641.281921 3578.552002
641.699829 3746.855957
642.117676 3940.901367
642.535461 4110.992676
642.953247 4014.168457
643.370972 3763.434814
643.788635 4023.618164
644.206177 3671.034424
644.623718 3312.497559
645.04126 3345.79248
645.458618 3485.986572
645.876099 3611.760254
646.293396 3768.171143
646.710693 3585.668701
647.127991 3257.774902
647.545166 3305.361816
647.962341 3160.151367
648.379333 3269.674072
648.796448 3466.98877
649.213379 3233.973389
649.63031 3126.794434
650.04718 3081.506104
650.463989 2919.249268
650.880859 2881.03125
651.297546 2797.376465
651.714233 2744.755615
652.130859 2725.613281
652.547485 2704.073486
652.963928 2818.894775
653.380432 2964.613037
653.796814 2797.376465
654.213196 2912.084229
654.629578 3283.950684
655.045837 3566.689209
655.462036 3775.275635
655.878174 3711.321533
656.294312 3590.41333
656.710327 3405.220703
657.126404 3245.874756
657.542358 3462.23877
657.958252 3758.69873
658.374084 4278.461914
658.789917 4429.20166
659.205688 4405.662109
659.621338 4136.955566
660.037048 3784.746582
660.452637 3293.467285
660.868164 3148.239502
661.283691 2778.245117
661.699158 2529.178223
662.114502 2462.006592
662.529846 2413.996582
662.945129 2363.558105
663.360413 2488.401367
663.775635 2509.991699
664.190674 2601.093262
664.605835 2629.843506
665.020813 2634.634277
665.435791 2931.189209
665.850769 3291.087891
666.265625 4174.708496
666.68042 4478.618652
667.095215 4685.462891
667.509949 4259.604492
667.924622 3921.985596
668.339233 3469.363525
668.753784 3148.239502
669.168335 2892.976074
669.582825 2569.937012
669.997192 2337.126221
670.41156 2236.133057
670.825867 2389.981689
671.240173 2353.947266
671.654358 2739.970459
672.068481 2708.860596
672.482605 2943.127441
672.896667 2993.25293
673.310669 2814.113281
673.724609 2581.921143
674.138489 2670.557617
674.552307 2821.285156
674.966064 2840.408447
675.379822 2869.085205
675.793579 2871.474365
676.207153 3095.80957
676.620789 3176.825684
677.034241 3248.255371
677.447754 3081.506104
677.861206 2792.59375
678.274597 2728.006348
678.687866 2761.501953
679.101135 2608.281494
679.514404 2418.79834
679.927551 2327.512695
680.340698 2207.256836
680.753723 2286.644287
681.166748 2192.815186
681.579712 2236.133057
681.992615 2228.915039
682.405457 2531.57666
682.818298 2593.904541
683.231018 2802.158691
683.643738 2990.866943
684.056335 2931.189209
684.468994 3064.815674
684.881531 3291.087891
685.293945 3659.182617
685.706482 3718.429199
686.118774 3324.389893
686.531128 2914.472656
686.943481 2737.577637
687.355713 2310.686768
687.767883 2151.883301
688.179932 1898.636108
688.592041 2026.560181
689.004089 2149.474854
689.416016 2178.370605
689.827881 2036.206787
690.239868 2031.383667
690.651611 2216.883301
691.063354 2231.321045
691.475098 1978.30957
691.886719 2026.560181
692.29834 1794.704224
692.7099 1869.644897
693.12146 1758.417847
693.532837 1700.32605
693.944214 1891.389282
694.355652 1934.86084
694.766846 1843.060913
695.178101 2026.560181
695.589294 2036.206787
696.000366 2019.324341
696.411438 2062.729736
696.82251 2094.064453
697.233459 2289.049072
697.644409 2385.177979
698.055298 2277.025146
698.466064 2291.453369
698.876831 2130.205811
699.287537 2411.594971
699.698181 2531.57666
700.108826 2560.348389
700.519348 2277.025146
700.92981 2077.193604
701.340271 1995.200317
701.750732 1893.805054
702.161011 1951.760254
702.57135 1680.952759
702.981567 1530.650879
703.391724 1462.678467
703.80188 1516.090332
704.211914 1387.35376
704.621948 1367.903076
705.031921 1277.87915
705.441895 1275.444458
705.851746 1375.197754
706.261536 1182.871582
706.671265 1273.009766
707.081055 1234.044556
707.490662 1170.682495
707.90033 1170.682495
708.309814 1221.86377
708.719299 1141.420166
709.128784 1107.265991
709.538147 1080.419189
709.94751 1068.212891
710.35675 1026.696167
710.766052 980.266296
711.175171 933.806396
711.58429 889.763611
711.993347 982.710693
712.402405 1153.614136
712.811401 1153.614136
713.220276 1112.145996
713.62915 1019.367065
714.037964 1129.223877
714.446777 955.817627
714.855408 950.926758
715.264099 943.589905
715.672668 958.262878
716.081177 1053.562622
716.489746 1077.978027
716.898132 1146.297852
717.306519 1077.978027
717.714844 958.262878
718.123108 965.598083
718.531372 928.914001
718.939514 838.345215
719.347595 857.937683
719.755676 843.243652
720.163696 877.524414
720.571716 1014.48053
720.979614 1136.54187
721.387451 1214.554199
721.795227 1275.444458
722.202942 1199.933105
722.610718 1326.554077
723.018311 1255.964966
723.425903 1158.491333
723.833374 1129.223877
724.240906 921.575073
724.648376 943.589905
725.055725 1007.150452
725.463013 970.487854
725.8703 909.341431
726.277466 904.447571
726.684631 902.000488
727.091797 855.488892
727.498779 772.179749
727.905823 784.437378
728.312805 774.631531
728.719666 811.396423
729.126526 777.082886
729.533264 779.534485
729.940063 757.467712
730.34668 622.45813
730.753357 580.672729
731.159851 651.937805
731.566406 624.915039
731.9729 514.253418
732.379272 585.590088
732.785645 610.170898
733.191895 519.175781
733.598206 543.781372
734.004333 551.161377
734.410522 590.506836
734.816528 622.45813
735.222656 686.314453
735.628662 597.881653
736.034546 588.048645
736.44043 492.098602
736.846252 580.672729
737.252014 659.305542
737.657715 958.262878
738.063354 1009.593933
738.468933 982.710693
738.874512 875.076538
739.280029 870.180115
739.685486 794.241821
740.090881 828.546753
740.496216 875.076538
740.90155 1002.263123
741.306702 1104.825806
741.711914 950.926758
742.117004 948.481201
742.522095 975.37738
742.927124 835.895752
743.332031 818.747192
743.737 747.657776
744.141785 583.13147
744.546631 654.39386
744.951355 590.506836
745.356079 543.781372
745.76062 588.048645
746.165283 499.484497
746.569824 521.636536
746.974243 494.560669
747.378723 445.302734
747.78302 440.374786
748.187378 546.241455
748.591614 479.787262
748.99585 492.098602
749.399963 487.17453
749.804077 521.636536
750.20813 511.792175
750.612122 455.157196
751.016052 435.446747
751.419922 432.982452
751.823792 467.473541
752.227478 452.693939
752.631226 460.084015
753.034851 445.302734
753.438477 632.286072
753.842102 728.033875
754.245544 904.447571
754.648987 1041.351807
755.052368 1041.351807
755.45575 1221.86377
755.859009 1095.063965
756.262268 1080.419189
756.665405 914.235168
757.068542 875.076538
757.47168 683.859497
757.874634 639.65625
758.277588 585.590088
758.68042 666.672791
759.083374 642.112488
759.486084 745.205017
759.888916 696.133057
760.291504 570.837158
760.694214 620.000854
761.096802 627.372131
761.499268 639.65625
761.901733 647.02533
762.304199 514.253418
762.706543 447.766571
763.108826 484.712189
763.511108 597.881653
763.913208 762.371948
764.315369 752.562866
764.717529 799.143616
765.119568 941.144348
765.521545 1117.025757
765.923462 1190.184326
766.325317 1336.285156
766.727112 1263.270264
767.128845 1136.54187
767.530518 865.283264
767.932251 804.045105
768.333862 602.797729
768.735413 494.560669
769.136841 341.737762
769.538269 450.230286
769.939636 432.982452
770.341003 361.477478
770.742249 457.620667
771.143433 403.403687
771.544617 531.479736
771.94574 487.17453
772.346802 615.08606
772.747803 501.946259
773.148682 432.982452
773.549622 474.861969
773.950439 346.67337
774.351196 354.075714
774.751892 270.129578
775.152588 341.737762
775.553162 376.278137
775.953735 403.403687
776.354309 413.264893
776.754639 307.178528
777.15509 230.586594
777.55542 265.188232
777.95575 252.832535
778.355896 378.744598
778.756104 415.72995
779.156189 418.194916
779.556274 420.659515
779.956299 452.693939
780.356201 425.588959
780.756165 501.946259
781.156006 501.946259
781.555786 629.829163
781.955505 597.881653
782.355225 497.022644
782.754761 529.019104
783.154358 363.944519
783.553894 371.344879
783.953369 272.60022
784.352783 277.541199
784.752075 354.075714
785.151367 368.878387
785.550598 319.523224
785.949768 304.709259
786.348877 250.361099
786.747986 317.054688
787.147034 208.332367
787.545959 265.188232
787.944885 148.948532
788.34375 171.224182
788.742493 181.122055
789.141235 218.223969
789.539917 200.912415
789.938538 223.169327
790.337158 191.018036
790.735718 233.058807
791.134094 280.011566
791.532532 319.523224
791.930847 324.46051
792.329224 220.696701
792.727417 188.544113
793.12561 166.274796
793.523682 297.301086
793.921753 235.53067
794.319824 242.946472
794.717773 277.541199
795.115723 198.439178
795.51355 309.647705
795.911377 247.889832
796.309082 339.269836
796.706787 289.891754
797.10437 351.608551
797.501953 297.301086
797.899536 272.60022
798.296936 376.278137
798.694397 289.891754
799.091736 334.333984
799.489014 277.541199
799.88623 228.114273
800.283447 230.586594
800.680542 257.775116
801.077637 309.647705
801.47467 188.544113
801.871643 309.647705
802.268555 381.211029
802.665405 376.278137
803.062256 361.477478
803.458923 292.361633
803.855652 213.278519
804.252258 242.946472
804.648804 223.169327
805.04541 208.332367
805.441833 220.696701
805.838257 178.647736
806.234619 153.899338
806.630859 116.758133
807.0271 161.32486
807.423279 161.32486
807.819458 238.002716
808.215515 235.53067
808.611572 270.129578
809.007507 309.647705
809.403381 257.775116
809.799194 203.385834
810.195068 225.641846
810.590759 186.070114
810.98645 166.274796
811.38208 158.849884
811.777649 139.045578
812.173157 134.093567
812.568665 136.56955
812.96405 139.045578
813.359375 146.472916
813.754639 111.804153
814.149841 205.859161
814.545105 158.849884
814.940186 267.658813
815.335266 270.129578
815.730347 205.859161
816.125244 240.474625
816.520203 240.474625
816.914978 257.775116
817.309753 124.188194
817.704468 151.424057
818.099182 176.173309
818.493774 89.506638
818.888367 156.374664
819.282898 129.141022
819.677307 104.372566
820.071716 181.122055
820.466003 148.948532
820.860291 183.595993
821.254517 129.141022
821.648743 77.115471
822.042786 109.327148
822.43689 82.072296
822.830872 94.462311
823.224792 91.984589
823.618774 44.886604
824.012512 109.327148
824.406311 91.984589
824.799988 106.849907
825.193665 220.696701
825.58728 186.070114
825.980835 131.61734
826.374329 139.045578
826.767761 134.093567
827.161194 82.072296
827.554443 223.169327
827.947754 168.749603
828.340942 153.899338
828.734131 136.56955
829.127136 173.698792
829.520264 104.372566
829.913208 183.595993
830.306152 109.327148
830.699097 119.234825
831.091797 106.849907
831.484619 228.114273
831.877319 208.332367
832.27002 267.658813
832.662537 354.075714
833.055054 346.67337
833.44751 351.608551
833.839966 280.011566
834.232361 193.491852
834.624634 178.647736
835.016907 124.188194
835.409058 104.372566
835.801208 141.521515
836.193298 34.966492
836.585327 67.200844
836.977295 136.56955
837.369202 109.327148
837.761047 74.637039
838.152832 114.281197
838.544617 94.462311
838.936218 134.093567
839.327942 47.366405
839.719421 34.966492
840.111023 109.327148
840.50238 126.664719
840.89386 176.173309
841.285217 89.506638
841.676453 193.491852
842.067749 208.332367
842.458862 158.849884
842.849976 225.641846
843.241028 153.899338
843.632019 101.895126
844.022949 126.664719
844.413879 121.711555
844.804749 126.664719
845.195496 119.234825
845.586182 101.895126
845.976807 116.758133
846.367432 151.424057
846.757996 161.32486
847.148499 161.32486
847.538879 124.188194
847.92926 183.595993
848.319641 57.284451
848.709839 109.327148
849.100098 82.072296
849.490234 156.374664
849.88031 136.56955
850.270325 143.99733
850.660339 176.173309
851.050171 275.07077
851.440125 629.829163
851.829895 999.819336
852.219604 1090.182861
852.609314 1411.660278
852.998901 1397.077148
853.38855 1375.197754
853.778015 1290.050781
854.16748 1021.810181
854.556885 860.386108
854.946228 696.133057
855.335571 553.621216
855.724731 494.560669
856.113953 408.334503
856.503052 356.54306
856.892151 393.54126
857.281067 334.333984
857.670105 203.385834
858.05896 255.303879
858.447754 225.641846
858.836609 272.60022
859.225281 240.474625
859.613892 139.045578
860.002502 141.521515
860.391052 148.948532
860.779541 171.224182
861.167969 141.521515
861.556335 89.506638
861.944702 82.072296
862.332947 101.895126
862.721069 188.544113
863.109253 134.093567
863.497314 131.61734
863.885376 106.849907
864.273315 94.462311
864.661255 91.984589
865.049072 74.637039
865.43689 109.327148
865.824707 79.593933
866.21228 166.274796
866.599915 91.984589
866.987488 114.281197
867.375061 141.521515
867.762451 136.56955
868.149841 124.188194
868.53717 101.895126
868.924438 59.763603
869.311707 74.637039
869.698853 49.846104
870.085938 69.679588
870.472961 89.506638
870.859985 74.637039
871.246887 89.506638
871.633789 49.846104
872.020569 44.886604
872.407349 64.72187
872.794067 20.083288
873.180725 74.637039
873.567322 91.984589
873.953796 32.486309
874.340332 79.593933
874.726624 82.072296
875.113037 186.070114
875.499329 193.491852
875.885559 265.188232
876.271729 334.333984
876.657898 247.889832
877.044006 277.541199
877.429932 195.965561
877.815918 257.775116
878.201782 178.647736
878.587585 134.093567
878.973389 77.115471
879.35907 47.366405
879.744751 52.325565
880.13031 32.486309
880.51593 104.372566
880.901367 84.550423
881.286804 -17.141241
881.67218 109.327148
882.057434 -37.00383
882.442749 27.525356
882.827942 77.115471
883.213013 44.886604
883.598145 54.805061
883.983154 -41.970631
884.368042 57.284451
884.753052 -59.357483
885.137817 -46.937717
885.522644 15.121435
885.907349 67.200844
886.292053 20.083288
886.676636 77.115471
887.061157 34.966492
887.44574 39.926823
887.830078 27.525356
888.214539 47.366405
888.598816 87.028587
888.983093 -22.106224
889.367249 67.200844
889.751465 39.926823
890.135498 -9.694348
890.519531 57.284451
890.903503 42.406696
891.287415 -17.141241
891.671326 -41.970631
892.055054 79.593933
892.438843 57.284451
892.82251 17.602346
893.206116 106.849907
893.589661 247.889832
893.973206 336.801819
894.356628 615.08606
894.73999 629.829163
895.123352 718.21991
895.506592 723.127197
895.889832 597.881653
896.272949 430.518036
896.656067 445.302734
897.039063 405.869171
897.422058 235.53067
897.804993 233.058807
898.187866 220.696701
898.570618 104.372566
898.953369 134.093567
899.336121 111.804153
899.718689 74.637039
900.101257 57.284451
900.483704 89.506638
900.866211 37.446709
901.248596 91.984589
901.63092 67.200844
902.013184 67.200844
902.395386 7.677809
902.777588 44.886604
903.159668 74.637039
903.541687 89.506638
903.923645 82.072296
904.305603 146.472916
904.6875 134.093567
905.069275 148.948532
905.45105 69.679588
905.832642 59.763603
906.214294 52.325565
906.595825 22.564127
906.977417 47.366405
907.358826 47.366405
907.740234 22.564127
908.121582 89.506638
908.502869 22.564127
908.884033 -14.658838
909.265198 89.506638
909.646301 62.242786
910.027344 74.637039
910.408325 49.846104
910.789246 104.372566
911.170105 7.677809
911.550903 72.158363
911.931641 -37.00383
912.312317 -19.623613
912.692932 -17.141241
913.073547 -44.454052
913.453979 20.083288
913.834473 74.637039
914.214783 -9.694348
914.595154 82.072296
914.975464 12.640285
915.355652 47.366405
915.73584 15.121435
916.115845 101.895126
916.495972 104.372566
916.875854 213.278519
917.255859 351.608551
917.63562 351.608551
918.015503 344.205627
918.395203 319.523224
918.774902 267.658813
919.15448 233.058807
919.534058 223.169327
919.913574 114.281197
920.292969 193.491852
920.672363 213.278519
921.051636 166.274796
921.430969 178.647736
921.810181 121.711555
922.189331 49.846104
922.56842 44.886604
922.947388 -66.810555
923.326416 22.564127
923.705261 74.637039
924.084106 96.940063
924.462891 15.121435
924.841675 -14.658838
925.220337 15.121435
925.598938 111.804153
925.977478 42.406696
926.355957 47.366405
926.734436 -4.73041
927.112732 104.372566
927.491089 72.158363
927.869324 -34.520721
928.247559 42.406696
928.625671 -4.73041
929.003723 27.525356
929.381775 -51.905361
929.759705 37.446709
930.137634 -41.970631
930.515381 52.325565
930.89325 -44.454052
931.270935 -86.690048
931.64856 20.083288
932.026123 -27.071629
932.403687 -12.17654
932.78125 5.196346
933.15863 -7.212394
933.536011 -84.204826
933.913208 15.121435
934.290527 -2.248531
934.667664 -39.487179
935.0448 96.940063
935.421814 2.71478
935.798889 -37.00383
936.175842 44.886604
936.552673 47.366405
936.929504 -19.623613
937.306274 -2.248531
937.683044 25.044725
938.05957 30.005882
938.436218 -4.73041
938.812744 37.446709
939.189148 -49.421486
939.565613 -79.234428
939.941956 32.486309
940.318237 44.886604
940.694458 34.966492
941.070557 27.525356
941.446655 62.242786
941.822693 -51.905361
942.198669 -34.520721
942.574646 -34.520721
942.950562 -123.982704
943.326294 -64.32605
943.702026 -61.841648
944.077698 -59.357483
944.453369 -84.204826
944.828918 -7.212394
945.204468 -84.204826
945.579834 82.072296
945.955261 -37.00383
946.330627 -14.658838
946.705811 -79.234428
947.081055 -32.037586
947.456177 -79.234428
947.831238 0.233109
948.206238 -32.037586
948.581238 22.564127
948.956116 -7.212394
949.330933 -34.520721
949.705811 64.72187
950.080505 57.284451
950.455139 -41.970631
950.829773 -34.520721
951.204346 0.233109
951.578735 -14.658838
951.953186 20.083288
952.327515 -12.17654
952.701843 -14.658838
953.076172 -9.694348
953.450195 -51.905361
953.824341 -59.357483
954.198486 -12.17654
954.572449 -32.037586
954.94635 -24.588942
955.320251 49.846104
955.694092 -84.204826
956.067871 -44.454052
956.441589 0.233109
956.815125 -29.554554
957.188721 -9.694348
957.562256 -29.554554
957.93573 5.196346
958.309021 -9.694348
958.682373 -37.00383
959.055664 -9.694348
959.428955 -4.73041
959.802063 -9.694348
960.17511 42.406696
960.548157 -37.00383
960.921143 -94.146767
961.294128 27.525356
961.666809 -39.487179
962.039612 -34.520721
962.412415 32.486309
962.785095 54.805061
963.157715 -41.970631
963.530151 -19.623613
963.902649 20.083288
964.275146 -74.264587
964.647522 -84.204826
965.019714 15.121435
965.392029 2.71478
965.76416 -2.248531
966.136292 -101.604309
966.508423 -44.454052
966.880371 15.121435
967.252319 -12.17654
967.624207 -44.454052
967.996094 52.325565
968.367737 17.602346
968.739441 -22.106224
969.111084 -22.106224
969.482666 -29.554554
969.854248 12.640285
970.225586 -32.037586
970.596985 -4.73041
970.968323 -9.694348
971.339661 -84.204826
971.710754 -74.264587
972.081909 -24.588942
972.453064 -69.295036
972.824097 0.233109
973.194946 -9.694348
973.565918 47.366405
973.936768 15.121435
974.307556 -17.141241
974.678284 39.926823
975.048828 25.044725
975.419495 -4.73041
975.790039 -37.00383
976.160522 12.640285
976.530884 -17.141241
976.901245 7.677809
977.271606 -12.17654
977.641846 -2.248531
978.012024 -104.090279
978.382019 -96.632416
978.752136 -34.520721
979.122131 -46.937717
979.492065 -34.520721
979.861877 10.159032
980.231689 -69.295036
980.60144 -46.937717
980.971191 -49.421486
981.34082 -56.873291
981.710266 -12.17654
982.079773 -34.520721
982.44928 27.525356
982.818604 42.406696
983.187866 -54.389206
983.557129 -41.970631
983.926331 -19.623613
984.295471 -9.694348
984.664612 -29.554554
985.033569 2.71478
985.402527 -12.17654
985.771362 5.196346
986.140259 -22.106224
986.508911 -9.694348
986.877625 -74.264587
987.246277 -7.212394
987.614929 -37.00383
987.983459 7.677809
988.351807 12.640285
988.720215 -12.17654
989.088623 5.196346
989.456909 17.602346
989.825012 30.005882
990.193115 22.564127
990.561279 -84.204826
990.929321 -17.141241
991.297302 -29.554554
991.6651 -39.487179
992.03302 32.486309
992.400818 -27.071629
992.768494 -76.749519
993.136047 -46.937717
993.503723 -32.037586
993.871277 5.196346
994.23877 -29.554554
994.60614 -39.487179
994.97345 -71.779762
995.340759 -19.623613
995.708008 -51.905361
996.075195 -84.204826
996.4422 -34.520721
996.809265 -19.623613
997.17627 10.159032
997.543152 -7.212394
997.910095 -12.17654
998.276733 -9.694348
998.643494 -7.212394
999.010193 -104.090279
999.376831 -44.454052
999.743286 -69.295036
1000.109802 47.366405
1000.476257 2.71478
1000.842651 -4.73041
1001.208923 -56.873291
1001.575134 5.196346
1001.941284 -37.00383
1002.307434 0.233109
1002.673523 -37.00383
1003.039429 54.805061
1003.405334 32.486309
1003.771179 -7.212394
1004.137024 59.763603
1004.502808 -69.295036
1004.868408 0.233109
1005.234009 22.564127
1005.599609 -61.841648
1005.965149 -96.632416
1006.330444 -22.106224
1006.695862 -64.32605
1007.061218 5.196346
1007.426453 -61.841648
1007.791626 12.640285
1008.156677 -17.141241
1008.521729 -66.810555
1008.88678 -46.937717
1009.251709 0.233109
1009.616577 -4.73041
1009.981384 -44.454052
1010.34613 -69.295036
1010.710754 -29.554554
1011.075439 -54.389206
1011.439941 22.564127
1011.804443 -22.106224
1012.168884 -2.248531
1012.533325 -4.73041
1012.897522 -69.295036
1013.26178 5.196346
1013.626038 -69.295036
1013.990112 -7.212394
1014.354187 -9.694348
1014.71814 -14.658838
1015.082153 -51.905361
1015.446045 17.602346
1015.809937 -4.73041
1016.173523 -51.905361
1016.53717 7.677809
1016.900879 -2.248531
1017.264404 15.121435
1017.627991 27.525356
1017.991333 2.71478
1018.354675 -39.487179
1018.718018 42.406696
1019.081299 -44.454052
1019.444397 7.677809
1019.807495 -9.694348
1020.170593 2.71478
1020.533691 -14.658838
1020.896606 -89.175514
1021.25946 -7.212394
1021.622253 -51.905361
1021.985046 -56.873291
1022.347778 -94.146767
1022.710327 2.71478
1023.072876 -2.248531
1023.435364 -49.421486
1023.797852 12.640285
1024.160278 12.640285
1024.522461 -136.418991
1024.884766 64.72187
1025.246948 -14.658838
1025.609131 -12.17654
1025.971069 -64.32605
1026.33313 25.044725
1026.694946 -24.588942
1027.056885 -37.00383
1027.418823 -81.719574
1027.780396 20.083288
1028.14209 -12.17654
1028.503784 -4.73041
1028.865479 -24.588942
1029.226807 -51.905361
1029.588135 -56.873291
1029.949707 -96.632416
1030.310913 -9.694348
1030.672241 -59.357483
1031.033325 2.71478
1031.394531 10.159032
1031.755493 7.677809
1032.116577 -22.106224
1032.477417 34.966492
1032.838257 -32.037586
1033.199097 -59.357483
1033.559937 -22.106224
1033.920654 -9.694348
1034.281128 -84.204826
1034.641724 5.196346
1035.002197 -24.588942
1035.362671 -44.454052
1035.7229 -7.212394
1036.083252 -69.295036
1036.443481 0.233109
1036.803711 -86.690048
1037.16394 -84.204826
1037.523804 -24.588942
1037.883789 -64.32605
1038.243774 -4.73041
1038.603638 17.602346
1038.963257 -59.357483
1039.32312 20.083288
1039.682861 -94.146767
