188.301102 0.0
188.764923 0.0
189.228699 -35.009773
189.692459 -10.183326
190.156158 -35.009773
190.619812 -22.595171
191.083435 -22.595171
191.547043 -15.147723
192.01059 -10.183326
192.474091 27.036821
192.937561 59.275333
193.401001 -10.183326
193.86441 -37.492901
194.327759 -57.36253
194.791077 54.31675
195.254349 39.438385
195.717575 59.275333
196.180786 -30.043564
196.643951 27.036821
197.107071 36.958256
197.570145 31.997812
198.033203 -2.737312
198.496216 49.35775
198.959167 -49.910664
199.422089 -12.665404
199.884979 -17.630146
200.347855 -12.665404
200.810654 -5.219212
201.273422 24.556171
201.73616 19.594692
202.198853 -67.299881
202.661514 9.670353
203.12413 -20.112537
203.5867 -87.179535
204.04924 -10.183326
204.511734 -77.23893
204.974197 -15.147723
205.436615 -22.595171
205.899002 -35.009773
206.361343 -42.459743
206.823654 -25.077908
207.285919 -69.784515
207.748123 -12.665404
208.210327 -32.526615
208.672485 -22.595171
209.134583 -54.878422
209.596649 4.707626
210.05867 17.113729
210.520676 -57.36253
210.982635 -7.701217
211.444534 -69.784515
211.906403 -54.878422
212.36824 -30.043564
212.830048 -27.560616
213.291779 -82.209023
213.753494 -37.492901
214.215179 -32.526615
214.676819 -57.36253
215.138412 -22.595171
215.59996 31.997812
216.061493 49.35775
216.522949 -2.737312
216.984406 9.670353
217.445801 -42.459743
217.907166 -57.36253
218.368484 -15.147723
218.829773 22.07555
219.291031 -72.269127
219.752228 -30.043564
220.213379 -30.043564
220.6745 -77.23893
221.135574 -25.077908
221.596634 39.438385
222.057648 -54.878422
222.5186 -62.330925
222.979553 -15.147723
223.44043 -42.459743
223.901276 -15.147723
224.362076 -35.009773
224.822845 -5.219212
225.283569 -32.526615
225.744278 7.188974
226.20491 -72.269127
226.665512 -77.23893
227.126114 -25.077908
227.586639 -30.043564
228.047119 -57.36253
228.507568 -22.595171
228.967972 -97.121986
229.428345 -7.701217
229.888687 -79.723854
230.348984 51.837231
230.809219 4.707626
231.26944 44.398209
231.729614 -5.219212
232.189758 -39.976269
232.649841 12.151627
233.109894 -47.426868
233.569901 -72.269127
234.029892 51.837231
234.489822 -49.910664
234.949707 -64.815353
235.409561 -49.910664
235.869385 -37.492901
236.329163 -64.815353
236.788895 -10.183326
237.248581 -32.526615
237.708237 -10.183326
238.167847 -49.910664
238.627441 -79.723854
239.08696 -30.043564
239.546463 -17.630146
240.00592 -44.943184
240.465332 -20.112537
240.924698 -44.943184
241.384033 -5.219212
241.843338 -12.665404
242.302597 34.478016
242.76181 49.35775
243.220993 -37.492901
243.680115 -107.066147
244.139221 -82.209023
244.598282 -64.815353
245.057297 -92.150612
245.516266 -7.701217
245.975189 -32.526615
246.434082 -10.183326
246.892944 -10.183326
247.351761 39.438385
247.810516 -0.255652
248.269272 -20.112537
248.727951 31.997812
249.1866 -20.112537
249.645218 -20.112537
250.10379 -42.459743
250.562317 -39.976269
251.020813 -69.784515
251.479279 -20.112537
251.937668 -62.330925
252.396057 -49.910664
252.854385 -7.701217
253.312683 -0.255652
253.77092 4.707626
254.229126 -44.943184
254.687302 4.707626
255.145432 17.113729
255.6035 9.670353
256.061584 -57.36253
256.519592 19.594692
256.97757 -47.426868
257.435455 -5.219212
257.893372 -79.723854
258.351196 -7.701217
258.80899 9.670353
259.266754 -22.595171
259.724487 -44.943184
260.18219 -5.219212
260.639832 44.398209
261.097443 -39.976269
261.554993 -94.636314
262.012512 -30.043564
262.469971 56.796158
262.927429 7.188974
263.384827 41.918282
263.842194 27.036821
264.29953 -30.043564
264.756805 -49.910664
265.21405 -10.183326
265.671234 -77.23893
266.128387 -94.636314
266.58551 -87.179535
267.042572 -89.665024
267.499573 4.707626
267.956604 9.670353
268.413574 44.398209
268.870483 -20.112537
269.327362 -77.23893
269.78418 -27.560616
270.240936 -79.723854
270.697693 -39.976269
271.154419 12.151627
271.611053 -7.701217
272.067688 27.036821
272.524292 31.997812
272.980835 2.22604
273.437347 -109.55249
273.893799 -25.077908
274.35025 -12.665404
274.80661 -39.976269
275.262939 -5.219212
275.719238 -27.560616
276.175507 -112.03894
276.631714 -57.36253
277.087891 -84.69429
277.544067 22.07555
278.000122 -2.737312
278.456177 -57.36253
278.912201 19.594692
279.368164 -35.009773
279.824097 -64.815353
280.279968 -7.701217
280.73584 -109.55249
281.19162 -7.701217
281.6474 12.151627
282.103149 -20.112537
282.558838 -27.560616
283.014465 -59.846741
283.470062 -84.69429
283.925629 -22.595171
284.381134 59.275333
284.836639 -104.57991
285.292053 -94.636314
285.747467 -54.878422
286.20282 14.632797
286.658142 -5.219212
287.113434 -10.183326
287.568634 -2.737312
288.023804 -12.665404
288.478973 -82.209023
288.934113 -69.784515
289.38913 -44.943184
289.844208 -64.815353
290.299164 -0.255652
290.754089 12.151627
291.208984 -39.976269
291.663879 -2.737312
292.118683 -15.147723
292.573456 -49.910664
293.028198 -47.426868
293.482849 -57.36253
293.937561 -37.492901
294.392151 -97.121986
294.846741 -47.426868
295.301239 14.632797
295.755737 -47.426868
296.210175 -87.179535
296.664581 9.670353
297.118958 -0.255652
297.573242 -27.560616
298.027557 -64.815353
298.481812 -67.299881
298.935974 -99.607903
299.390137 -22.595171
299.844238 -44.943184
300.29834 -15.147723
300.75235 -10.183326
301.20636 -47.426868
301.660278 -42.459743
302.114197 -27.560616
302.568054 61.754539
303.021881 49.35775
303.475677 14.632797
303.929413 4.707626
304.383118 4.707626
304.836761 -57.36253
305.290375 -35.009773
305.743958 -0.255652
306.19751 -39.976269
306.65097 24.556171
307.104431 19.594692
307.5578 17.113729
308.011169 4.707626
308.464508 -64.815353
308.917755 19.594692
309.371063 -54.878422
309.824219 -57.36253
310.277374 -102.093918
310.730499 -82.209023
311.183563 -52.394558
311.636597 -37.492901
312.089569 -79.723854
312.542511 -62.330925
312.995422 -49.910664
313.448273 -89.665024
313.901093 -7.701217
314.353882 -22.595171
314.80658 -35.009773
315.259308 -0.255652
315.711975 -47.426868
316.164581 -2.737312
316.617126 -112.03894
317.069672 -5.219212
317.522156 12.151627
317.974579 -54.878422
318.427002 -30.043564
318.879333 -35.009773
319.331665 -39.976269
319.783936 -52.394558
320.236176 7.188974
320.688354 -77.23893
321.140503 -27.560616
321.592651 19.594692
322.044647 -59.846741
322.496704 -32.526615
322.948639 -74.753967
323.400604 -2.737312
323.852509 51.837231
324.304352 39.438385
324.756165 29.517368
325.207916 -10.183326
325.659668 -12.665404
326.111328 -49.910664
326.562988 -10.183326
327.014557 -15.147723
327.466156 -52.394558
327.917664 27.036821
328.36911 49.35775
328.820557 27.036821
329.271942 -10.183326
329.723297 -10.183326
330.174561 -32.526615
330.625854 -0.255652
331.077026 12.151627
331.528229 7.188974
331.97937 29.517368
332.43045 24.556171
332.8815 -17.630146
333.332489 -57.36253
333.783478 -32.526615
334.234406 -20.112537
334.685303 -49.910664
335.136078 -77.23893
335.586914 19.594692
336.037659 -72.269127
336.488342 -52.394558
336.939026 -117.012016
337.389648 -12.665404
337.84024 -42.459743
338.290771 -102.093918
338.741272 -5.219212
339.191681 -42.459743
339.64212 -20.112537
340.092468 -37.492901
340.542816 -67.299881
340.993103 -74.753967
341.443329 -20.112537
341.893555 -84.69429
342.343689 -87.179535
342.793793 -2.737312
343.243866 9.670353
343.693878 17.113729
344.14389 29.517368
344.593842 27.036821
345.043732 36.958256
345.493591 -15.147723
345.943359 -27.560616
346.393158 9.670353
346.842896 -27.560616
347.292542 -64.815353
347.742218 -22.595171
348.191803 -7.701217
348.641357 -25.077908
349.090881 -5.219212
349.540314 12.151627
349.989777 -5.219212
350.439148 12.151627
350.888489 -47.426868
351.337799 -32.526615
351.787048 -25.077908
352.236267 -35.009773
352.685425 -59.846741
353.134552 -30.043564
353.583649 -74.753967
354.032684 -22.595171
354.481659 17.113729
354.930634 49.35775
355.379517 2.22604
355.82843 -49.910664
356.277222 -69.784515
356.726013 -22.595171
357.174774 -10.183326
357.623444 9.670353
358.072113 -42.459743
358.520721 24.556171
358.969299 -22.595171
359.417786 31.997812
359.866302 17.113729
360.314697 -112.03894
360.763123 -37.492901
361.211456 -0.255652
361.65976 -0.255652
362.108032 -22.595171
362.556244 22.07555
363.004456 34.478016
363.452576 49.35775
363.900696 17.113729
364.348663 12.151627
364.796722 -7.701217
365.24469 76.627335
365.692596 54.31675
366.140472 34.478016
366.588287 54.31675
367.036102 27.036821
367.483826 4.707626
367.931549 138.55809
368.379181 79.105827
368.826843 4.707626
369.274384 12.151627
369.721924 49.35775
370.169403 36.958256
370.616821 79.105827
371.06427 41.918282
371.511566 138.55809
371.958923 153.411957
372.406158 59.275333
372.853424 190.530685
373.300568 56.796158
373.747711 98.929764
374.194794 180.634613
374.641846 160.837402
375.088898 188.057022
375.535828 249.874481
375.982758 153.411957
376.429596 360.991455
376.876465 299.284149
377.323242 356.057281
377.769989 232.571808
378.216675 210.318298
378.66333 126.176857
379.109985 175.685837
379.556519 -2.737312
380.003052 143.509598
380.449524 41.918282
380.895996 108.839149
381.342377 113.793358
381.788727 93.974327
382.235046 138.55809
382.681274 242.459518
383.127533 239.987946
383.573669 306.692352
384.019836 232.571808
384.465912 358.524536
384.911957 311.630402
385.357971 336.315887
385.803925 333.847748
386.249847 383.191467
386.695679 348.654877
387.141541 284.465393
387.587311 333.847748
388.033051 412.779266
388.478729 575.270874
388.924408 523.612976
389.369995 614.601929
389.815552 582.647095
390.261078 533.455566
390.706543 484.227081
391.152008 550.676819
391.597351 590.022766
392.042725 661.277832
392.487976 631.802063
392.933289 607.229248
393.378479 597.3974
393.823639 533.455566
394.268768 597.3974
394.713837 612.144653
395.158905 793.759216
395.603851 771.696777
396.048798 759.43689
396.493683 796.210205
396.938568 806.012939
397.383392 783.954468
397.828156 693.195129
398.272888 639.172302
398.71756 604.771423
399.162201 703.012695
399.606781 747.174866
400.051361 835.413147
400.495819 791.308167
400.940308 906.412598
401.384705 756.984619
401.829102 752.079773
402.273438 903.965515
402.717682 857.455261
403.161926 921.09314
403.60611 996.894226
404.050293 1184.829346
404.494385 1491.338623
404.938446 1719.218018
405.382477 1878.833984
405.826447 1823.245361
406.270386 1728.900513
406.714233 1488.910767
407.158081 1340.671143
407.601868 1194.578857
408.045624 1101.904663
408.489319 1223.82019
408.933014 1214.074463
409.376617 1420.901855
409.82019 1442.768433
410.263702 1733.741333
410.707184 1973.007813
411.150635 1970.59436
411.594025 1934.385376
412.037384 1999.550781
412.480682 1953.698608
412.923981 1944.04248
413.367126 2038.143311
413.810333 1965.767578
414.253479 2069.487061
414.696533 1859.503052
415.139587 1825.663086
415.582581 1699.849243
416.025543 1736.161499
416.468414 1890.913452
416.911285 2226.034912
417.354065 2218.815674
417.796875 2475.932373
418.239594 2437.532227
418.682281 2509.519287
419.124908 2492.727539
419.567505 2751.46167
420.010071 2715.569824
420.452545 2894.894775
420.89502 2892.505615
421.337372 3116.79248
421.779785 3178.739014
422.222107 3340.569092
422.664368 3473.64624
423.106628 3297.756836
423.548798 2947.432373
423.990967 2655.71875
424.433044 2413.523682
424.875092 2120.095215
425.317078 2132.140625
425.759064 1876.417847
426.200989 2026.085083
426.642853 1958.526489
427.084686 1992.312622
427.526459 1786.97168
427.968201 1699.849243
428.409912 1561.711792
428.851563 1627.175171
429.293121 1675.631836
429.734711 1602.935669
430.176239 1602.935669
430.617706 1615.056396
431.059113 1687.741333
431.500488 1615.056396
431.941833 1653.829834
432.383087 1559.286133
432.824341 1593.237915
433.265533 1547.157104
433.706726 1578.688965
434.147827 1581.114014
434.588867 1741.002075
435.029877 2139.366699
435.470825 3050.037598
435.911804 3968.803711
436.352661 4445.212891
436.793518 4407.552246
437.234283 4016.06543
437.675049 3651.60376
438.115723 3028.571533
438.556396 2540.695801
438.99704 2355.877197
439.437561 2370.291992
439.878113 2245.283203
440.318573 2262.121582
440.759033 2245.283203
441.199341 2290.979736
441.639709 2283.765869
442.079956 2112.867432
442.520264 2228.441406
442.96051 2240.471436
443.400604 2093.590088
443.840759 2322.232666
444.280762 2228.441406
444.720825 2206.782715
445.160767 2221.222168
445.600739 2153.817139
446.040558 2276.551514
446.480438 2201.968994
446.920258 2214.00293
447.359955 2076.71875
447.799713 2151.408936
448.239319 2011.612793
448.678955 1987.486816
449.1185 2086.359863
449.558014 2108.04834
449.997498 2047.789063
450.436951 2038.143311
450.876343 2115.276855
451.315674 2163.449951
451.754974 2228.441406
452.194183 2327.039551
452.633392 2235.659424
453.07251 2413.523682
453.511688 2413.523682
453.950684 2377.498535
454.38974 2394.312012
454.828735 2377.498535
455.267639 2312.617676
455.706543 2389.509033
456.145325 2502.323486
456.584137 2600.621582
457.022858 2468.733887
457.461578 2451.934326
457.900208 2439.932861
458.338867 2523.909668
458.777405 2555.081787
459.215912 2528.706055
459.654388 2658.113281
460.092773 2492.727539
460.531189 2598.225586
460.969513 2603.017822
461.407806 2631.767578
461.846008 2355.877197
462.284241 2391.910645
462.722351 2339.056641
463.160461 2451.934326
463.598541 2459.134277
464.03653 2372.69458
464.474518 2278.956787
464.912384 2379.900879
465.350281 2266.931396
465.788086 2363.084961
466.225891 2355.877197
466.663605 2370.291992
467.101318 2523.909668
467.539001 2586.243164
467.976563 2894.894775
468.414124 3030.956787
468.851593 3023.800293
469.289063 3204.934814
469.72644 3216.839844
470.163849 3228.743408
470.601135 3364.345459
471.038422 3385.739746
471.475677 3426.138428
471.912811 3423.762695
472.350006 3419.010498
472.787048 3549.612061
473.224121 3627.893555
473.661072 3566.222168
474.098053 3497.391602
474.534943 3366.722656
474.971802 3297.756836
475.40863 3126.325195
475.845367 3045.268311
476.282104 2909.22583
476.71875 2851.887451
477.155426 2882.950195
477.591949 2923.555176
478.028503 2890.117188
478.464966 2808.86084
478.901428 2863.835938
479.33786 3045.268311
479.77417 2949.820313
480.21051 2949.820313
480.646698 2947.432373
481.082947 2949.820313
481.519073 2992.782959
481.9552 2923.555176
482.391266 3081.036865
482.827301 2968.917236
483.263306 3119.176025
483.699188 3138.239746
484.135101 3112.026123
484.570923 3221.601563
485.006744 3200.172119
485.442413 3131.091309
485.878174 3126.325195
486.313782 3133.473877
486.74939 3221.601563
487.184998 3288.240479
487.620453 3357.213379
488.055939 3411.881592
488.491333 3468.896484
488.926727 3753.495605
489.36203 3798.486084
489.797302 3841.091064
490.232513 3691.898438
490.667755 3741.652832
491.102905 3739.283936
491.537964 3871.850342
491.973022 3883.678711
492.40799 3926.249512
492.842957 3997.16333
493.277832 4178.962402
493.712738 4360.459473
494.147491 4567.521484
494.582275 4642.722168
495.017029 4398.135742
495.45166 4600.427734
495.886292 4628.625977
496.320831 4638.023926
496.755402 4936.000488
497.18985 5050.762207
497.624298 5627.552734
498.058655 6291.980469
498.493042 6793.737305
498.927368 7146.316406
499.361572 7206.134766
499.795807 7134.808594
500.229919 6959.777832
500.664063 6606.680664
501.098083 6166.804688
501.532104 5837.029297
501.966064 5385.036133
502.399994 5321.994141
502.833893 5074.169434
503.2677 5017.984863
503.701477 4757.776855
504.135193 4980.513672
504.568909 5067.147461
505.002502 4987.540527
505.436127 4853.958496
505.869629 4823.470703
506.303162 5120.968262
506.736603 4889.126465
507.169983 4924.28418
507.603363 4781.243164
508.036621 4828.161621
508.46994 4717.873535
508.903107 4555.766602
509.336304 4384.008301
509.769379 4211.983887
510.202484 4256.783203
510.635529 4221.416992
511.068481 4282.711426
511.501434 4308.633301
511.934265 4358.103516
512.367126 4616.877441
512.799927 4558.118164
513.232605 4771.857422
513.665344 4621.577148
514.097961 4602.77832
514.530579 4635.674316
514.963135 4816.434082
515.395691 5027.350586
515.828064 5195.809082
516.260498 5494.696289
516.692871 5221.524414
517.125183 5413.043945
517.557373 5480.702637
517.989624 5436.378906
518.421753 5459.708984
518.853943 5557.646484
519.286072 5557.646484
519.718018 5532.003906
520.150024 5336.005859
520.581909 5478.370605
521.013855 5431.712402
521.445679 5769.570801
521.877502 5648.51709
522.309204 5857.957031
522.740906 5781.204102
523.172546 6013.63916
523.604187 5981.125
524.035767 5760.263184
524.467224 5597.265137
524.898682 5417.711426
525.330078 5193.470703
525.761475 5048.421387
526.192749 5006.276367
526.624023 4776.550293
527.055237 4764.817383
527.486389 4769.510742
527.917542 4837.54248
528.348572 4797.666992
528.779663 4687.349121
529.210571 4870.371582
529.641541 5036.71582
530.072388 5562.308594
530.503235 6317.463379
530.934082 6736.033203
531.364746 6812.197266
531.795532 6948.254395
532.226135 7019.68457
532.656738 7603.455566
533.08728 7985.853027
533.517822 9042.624023
533.948242 11423.454102
534.378662 16247.110352
534.809082 19997.955078
535.239319 22812.894531
535.669617 25209.644531
536.099792 30517.970703
536.529968 36202.707031
536.960083 39758.890625
537.390137 40787.464844
537.82019 42387.671875
538.250183 43569.421875
538.680115 43340.21875
539.109985 42554.527344
539.539795 39671.535156
539.969543 36382.085938
540.399292 33237.0
540.828979 29307.166016
541.258606 25096.787109
541.688171 20615.40625
542.117737 17166.216797
542.547302 14674.056641
542.976685 12241.064453
543.406128 10109.452148
543.835388 8870.091797
544.264771 8081.851074
544.69397 7674.523926
545.12323 7766.16748
545.552307 9967.511719
545.981506 14333.033203
546.410583 18195.994141
546.839539 18991.748047
547.268555 16295.286133
547.697449 15161.822266
548.126282 14471.693359
548.555054 13043.996094
548.983887 10464.834961
549.412598 8298.734375
549.841309 7157.821777
550.269958 6419.344727
550.698486 6169.123535
551.127075 5727.681152
551.555481 5823.075195
551.983948 5599.595703
552.412292 5592.60498
552.840698 5662.491211
553.26886 5622.894043
553.697205 5709.05957
554.125366 5625.223145
554.553467 5855.631836
554.981628 5867.256836
555.409607 6050.788086
555.837646 5871.907227
556.265564 5739.318848
556.693481 5753.282227
557.121338 5783.530762
557.549133 5669.477539
557.976929 5527.341309
558.404602 5606.585449
558.832275 5497.02832
559.259888 5529.672852
559.687439 5573.961914
560.114929 5532.003906
560.542419 5413.043945
560.969788 5373.36377
561.397156 5462.041992
561.824524 5571.631348
562.25177 5941.632324
562.679016 6157.526855
563.10614 6634.409668
563.533264 7150.918457
563.960327 7348.666992
564.387329 7376.236328
564.814331 7644.726074
565.241272 7699.731934
565.668213 8104.697266
566.094971 8515.267578
566.52179 8838.286133
566.948425 9893.107422
567.375183 11099.332031
567.801819 12149.912109
568.228394 13852.667969
568.654846 16001.783203
569.081421 18628.828125
569.507874 20713.988281
569.934265 21167.695313
570.360596 20168.683594
570.786865 18996.123047
571.213074 17579.505859
571.639282 16297.475586
572.06543 14429.881836
572.491516 12367.714844
572.917603 10821.634766
573.343567 9881.830078
573.769531 9097.0625
574.195435 8551.702148
574.621277 8111.550781
575.047119 8038.432129
575.472839 7887.498047
575.89856 8253.103516
576.324158 8822.379883
576.749817 9411.941406
577.175293 9610.927734
577.60083 9780.301758
578.026306 9759.987305
578.451721 9811.896484
578.877136 10149.981445
579.302429 10113.955078
579.727661 9748.700195
580.152832 9787.072266
580.578064 9888.59668
581.003113 9875.063477
581.428223 10023.853516
581.853271 9965.257813
582.278198 9947.222656
582.703125 10154.483398
583.12793 10711.765625
583.552795 11068.00293
583.977539 11720.198242
584.402283 12294.401367
584.826965 13453.115234
585.251587 14632.275391
585.676208 16231.78125
586.100647 17907.439453
586.525208 19888.533203
586.949524 21926.958984
587.373962 23281.884766
587.798218 23919.072266
588.222534 22432.357422
588.646729 19647.855469
589.070984 15740.988281
589.495117 12840.246094
589.919128 10512.006836
590.343201 8471.988281
590.767151 6939.034668
591.191101 6673.683105
591.61499 7026.594238
592.038818 7853.169922
592.462524 9278.374023
592.886292 11255.884766
593.310059 12795.925781
593.733582 14491.495117
594.157227 16354.40625
594.58075 18060.462891
595.004272 19262.896484
595.427673 20306.609375
595.851074 21323.402344
596.274353 22540.103516
596.697632 23676.427734
597.120911 24270.054688
597.544067 24855.675781
597.967224 24875.578125
598.39032 25442.087891
598.813354 25920.617188
599.236328 26155.619141
599.659241 26455.070313
600.082153 26339.707031
600.505005 26530.511719
600.927795 26058.058594
601.350525 26126.792969
601.773254 26115.705078
602.195862 26060.275391
602.618408 25411.085938
603.040955 25280.470703
603.46344 24886.636719
603.885925 25087.9375
604.30835 24362.816406
604.730652 24113.291016
605.152893 23444.947266
605.575195 23290.699219
605.997375 23063.837891
606.419495 22705.076172
606.841553 22434.554688
607.263672 21861.078125
607.685608 21575.705078
608.107605 21562.539063
608.52948 21516.458984
608.951294 20928.740234
609.373108 20762.191406
609.7948 20282.523438
610.216553 19785.689453
610.638123 19477.232422
611.059753 19107.636719
611.481262 19011.427734
611.902832 18366.503906
612.324219 18226.599609
612.745605 17750.039063
613.166931 17441.757813
613.588196 17310.554688
614.00946 16805.277344
614.430664 17008.732422
614.851807 16387.246094
615.272827 16829.34375
615.693909 16840.283203
616.114929 17341.171875
616.535889 17813.4375
616.956787 17461.4375
617.377563 16781.207031
617.79834 16564.558594
618.219055 15979.87207
618.639832 15523.902344
619.060364 15056.421875
619.481018 14473.892578
619.901611 14048.889648
620.322083 13623.175781
620.742493 13141.371094
621.162842 12855.755859
621.583191 12662.905273
622.003418 12329.952148
622.423706 12100.980469
622.843872 11909.579102
623.264038 11731.34375
623.684143 11381.019531
624.104126 11094.856445
624.52417 11309.525391
624.944031 10886.624023
625.364014 10826.118164
625.783752 10895.584961
626.203552 10837.324219
626.62323 10752.134766
627.042969 10368.200195
627.462585 10161.237305
627.882141 10084.677734
628.301697 9870.552734
628.72113 9617.707031
629.140625 9606.408203
629.559998 9330.457031
629.979309 9083.455078
630.39856 9072.114258
630.81781 9049.429688
631.237 8876.90625
631.656067 8704.166016
632.075195 8544.871094
632.494202 8487.935547
632.913208 8419.580078
633.332092 8273.639648
633.750977 8161.795898
634.169739 8127.539551
634.588562 7885.208984
635.007263 7848.592285
635.425964 7976.706543
635.844543 7708.897949
636.263123 7690.565918
636.681641 7665.355957
637.100037 7825.702148
637.518494 7681.398926
637.936829 7525.46582
638.355164 7353.262695
638.773438 7481.862305
639.19165 7192.333008
639.609863 7194.633301
640.027893 7360.154785
640.445984 6955.169434
640.863953 6975.909668
641.281921 7074.957031
641.699829 6966.691895
642.117676 7024.291016
642.535461 6856.02832
642.953247 7015.07666
643.370972 6655.203125
643.788635 6706.016602
644.206177 6655.203125
644.623718 6701.397461
645.04126 6578.944336
645.458618 6484.134277
645.876099 6551.202637
646.293396 6546.578125
646.710693 6442.487305
647.127991 6393.882324
647.545166 6317.463379
647.962341 6467.939941
648.379333 6410.085938
648.796448 6178.399902
649.213379 6150.568848
649.63031 5990.416016
650.04718 5897.477051
650.463989 5811.446289
650.880859 5876.556641
651.297546 5650.846191
651.714233 5678.791504
652.130859 5622.894043
652.547485 5452.710449
652.963928 5441.04541
653.380432 5445.711426
653.796814 5613.574707
654.213196 5590.274902
654.629578 5660.162109
655.045837 5764.916992
655.462036 5827.727051
655.878174 6317.463379
656.294312 6245.634277
656.710327 6171.442871
657.126404 6074.0
657.542358 6227.089844
657.958252 6201.587891
658.374084 6352.205078
658.789917 6141.290039
659.205688 5709.05957
659.621338 5955.571777
660.037048 5816.097656
660.452637 5846.330566
660.868164 5960.218262
661.283691 5776.55127
661.699158 5406.04248
662.114502 5357.021484
662.529846 5219.187012
662.945129 5156.056152
663.360413 5156.056152
663.775635 5013.30127
664.190674 4811.742676
664.605835 4638.023926
665.020813 4748.38916
665.435791 4722.568848
665.850769 4734.306152
666.265625 4685.001465
666.68042 4630.975586
667.095215 4802.358887
667.509949 4926.627441
667.924622 4928.970703
668.339233 4863.337402
668.753784 4844.578613
669.168335 4860.993164
669.582825 4912.565918
669.997192 5017.984863
670.41156 4978.170898
670.825867 5254.244629
671.240173 5160.733398
671.654358 5156.056152
672.068481 5022.667969
672.482605 5350.016602
672.896667 5212.174316
673.310669 5092.891113
673.724609 5104.59082
674.138489 5144.361328
674.552307 4980.513672
674.966064 4762.471191
675.379822 4713.177734
675.793579 4442.859863
676.207153 4567.521484
676.620789 4492.270508
677.034241 4426.384277
677.447754 4277.997559
677.861206 4186.039063
678.274597 4249.710938
678.687866 4108.16748
679.101135 4068.030518
679.514404 3904.966309
679.927551 3914.426025
680.340698 3765.336914
680.753723 3578.084717
681.166748 3483.144775
681.579712 3428.51416
681.992615 3364.345459
682.405457 3214.458984
682.818298 3254.926514
683.231018 3202.553955
683.643738 3221.601563
684.056335 3216.839844
684.468994 3119.176025
684.881531 2990.396973
685.293945 3104.875244
685.706482 2880.561035
686.118774 2825.595703
686.531128 2792.123047
686.943481 2720.355713
687.355713 2595.828857
687.767883 2535.900635
688.179932 2317.425293
688.592041 2259.71582
689.004089 2144.183838
689.416016 2168.265625
689.827881 2028.496948
690.239868 2074.30835
690.651611 1941.628418
691.063354 1936.799561
691.475098 1968.181152
691.886719 1970.59436
692.29834 1835.333252
692.7099 1803.901367
693.12146 1791.809204
693.532837 1825.663086
693.944214 1811.156006
694.355652 1738.581787
694.766846 1801.483276
695.178101 1760.360962
695.589294 1796.646362
696.000366 1716.797119
696.411438 1799.064941
696.82251 1682.897949
697.233459 1661.0979
697.644409 1668.365356
698.055298 1665.942993
698.466064 1476.770752
698.876831 1532.599609
699.287537 1648.984375
699.698181 1535.026123
700.108826 1467.057495
700.519348 1530.173096
700.92981 1474.342529
701.340271 1505.903809
701.750732 1394.167725
702.161011 1394.167725
702.57135 1416.041992
702.981567 1418.472046
703.391724 1333.373413
703.80188 1382.012817
704.211914 1352.832764
704.621948 1401.459961
705.031921 1340.671143
705.441895 1323.641724
705.851746 1218.947266
706.261536 1294.439453
706.671265 1262.790771
707.081055 1270.095337
707.490662 1274.964844
707.90033 1257.920532
708.309814 1253.049927
708.719299 1223.82019
709.128784 1233.564819
709.538147 1138.50061
709.94751 1194.578857
710.35675 1116.545532
710.766052 1111.665527
711.175171 1194.578857
711.58429 1153.133789
711.993347 1087.26123
712.402405 1250.614746
712.811401 1197.016113
713.220276 1155.572388
713.62915 1116.545532
714.037964 1138.50061
714.446777 1075.056152
714.855408 1143.378662
715.264099 1160.449341
715.672668 1101.904663
716.081177 1101.904663
716.489746 1050.639771
716.898132 1106.785278
717.306519 994.450317
717.714844 1087.26123
718.123108 1075.056152
718.531372 1035.985718
718.939514 1023.771912
719.347595 1028.657837
719.755676 982.229431
720.163696 965.116638
720.571716 1031.100586
720.979614 987.117859
721.387451 1011.556091
721.795227 1089.702026
722.202942 1006.669067
722.610718 1031.100586
723.018311 921.09314
723.425903 908.859619
723.833374 957.781189
724.240906 970.006226
724.648376 994.450317
725.055725 960.22644
725.463013 950.445007
725.8703 864.801147
726.277466 1009.11261
726.684631 874.594238
727.091797 935.77063
727.498779 877.042358
727.905823 947.999695
728.312805 906.412598
728.719666 808.463501
729.126526 886.83374
729.533264 913.753357
729.940063 913.753357
730.34668 984.673584
730.753357 923.539612
731.159851 965.116638
731.566406 815.81427
731.9729 923.539612
732.379272 810.91394
732.785645 884.385925
733.191895 859.904053
733.598206 901.518311
734.004333 867.249329
734.410522 965.116638
734.816528 950.445007
735.222656 906.412598
735.628662 928.432373
736.034546 842.761414
736.44043 884.385925
736.846252 943.108337
737.252014 906.412598
737.657715 987.117859
738.063354 896.624023
738.468933 933.324768
738.874512 857.455261
739.280029 928.432373
739.685486 906.412598
740.090881 901.518311
740.496216 947.999695
740.90155 996.894226
741.306702 837.862671
741.711914 935.77063
742.117004 901.518311
742.522095 947.999695
742.927124 1013.999512
743.332031 952.890503
743.737 899.07135
744.141785 918.646545
744.546631 889.281433
744.951355 911.306519
745.356079 771.696777
745.76062 994.450317
746.165283 793.759216
746.569824 828.064453
746.974243 769.244934
747.378723 947.999695
747.78302 820.7146
748.187378 832.963562
748.591614 828.064453
748.99585 786.405762
749.399963 945.554077
749.804077 886.83374
750.20813 820.7146
750.612122 845.210632
751.016052 764.341187
751.419922 828.064453
751.823792 903.965515
752.227478 845.210632
752.631226 815.81427
753.034851 830.51416
753.438477 806.012939
753.842102 737.363403
754.245544 808.463501
754.648987 774.148499
755.052368 837.862671
755.45575 864.801147
755.859009 788.856995
756.262268 1006.669067
756.665405 950.445007
757.068542 786.405762
757.47168 955.335876
757.874634 930.878662
758.277588 881.938416
758.68042 781.503296
759.083374 769.244934
759.486084 739.816406
759.888916 658.822021
760.291504 739.816406
760.694214 710.375183
761.096802 744.722107
761.499268 720.190186
761.901733 663.733643
762.304199 621.97406
762.706543 663.733643
763.108826 646.541687
763.511108 651.453979
763.913208 599.855469
764.315369 626.888367
764.717529 639.172302
765.119568 651.453979
765.521545 626.888367
765.923462 688.285706
766.325317 850.108582
766.727112 1043.31311
767.128845 1038.428223
767.530518 960.22644
767.932251 908.859619
768.333862 906.412598
768.735413 864.801147
769.136841 759.43689
769.538269 793.759216
769.939636 737.363403
770.341003 781.503296
770.742249 820.7146
771.143433 737.363403
771.544617 734.910339
771.94574 698.104004
772.346802 742.269348
772.747803 653.910095
773.148682 604.771423
773.549622 609.687012
773.950439 585.105774
774.351196 521.151978
774.751892 594.939453
775.152588 567.893494
775.553162 466.988342
775.953735 486.689453
776.354309 452.208618
776.754639 545.75708
777.15509 592.48114
777.55542 474.377045
777.95575 501.461304
778.355896 420.174194
778.756104 521.151978
779.156189 432.496979
779.556274 464.525238
779.956299 430.032562
780.356201 484.227081
780.756165 530.994995
781.156006 459.59903
781.555786 434.961273
781.955505 550.676819
782.355225 521.151978
782.754761 494.075928
783.154358 442.353668
783.553894 459.59903
783.953369 464.525238
784.352783 501.461304
784.752075 439.889618
785.151367 405.383728
785.550598 449.744965
785.949768 521.151978
786.348877 277.054565
786.747986 378.258728
787.147034 373.325897
787.545959 383.191467
787.944885 368.392395
788.34375 375.792511
788.742493 294.344849
789.141235 351.122437
789.539917 388.12381
789.938538 422.639008
790.337158 284.465393
790.735718 380.725128
791.134094 353.589905
791.532532 368.392395
791.930847 341.251892
792.329224 378.258728
792.727417 390.589844
793.12561 469.451355
793.523682 380.725128
793.921753 410.314362
794.319824 422.639008
794.717773 360.991455
795.115723 363.458527
795.51355 356.057281
795.911377 306.692352
796.309082 328.911163
796.706787 269.643097
797.10437 346.187225
797.501953 311.630402
797.899536 395.521332
798.296936 393.055786
798.694397 326.442749
799.091736 321.505859
799.489014 331.379517
799.88623 358.524536
800.283447 346.187225
800.680542 314.099396
801.077637 289.405457
801.47467 323.974487
801.871643 370.859192
802.268555 311.630402
802.665405 274.584351
803.062256 284.465393
803.458923 264.701477
803.855652 252.345932
804.252258 319.03714
804.648804 267.172333
805.04541 299.284149
805.441833 390.589844
805.838257 262.230499
806.234619 311.630402
806.630859 412.779266
807.0271 353.589905
807.423279 420.174194
807.819458 378.258728
808.215515 341.251892
808.611572 257.288544
809.007507 299.284149
809.403381 326.442749
809.799194 296.814545
810.195068 393.055786
810.590759 311.630402
810.98645 358.524536
811.38208 422.639008
811.777649 373.325897
812.173157 301.753662
812.568665 358.524536
812.96405 363.458527
813.359375 338.783936
813.754639 444.817352
814.149841 498.999542
814.545105 380.725128
814.940186 476.839783
815.335266 462.062012
815.730347 491.613861
816.125244 562.974854
816.520203 744.722107
816.914978 766.792969
817.309753 1148.256592
817.704468 1588.388428
818.099182 2492.727539
818.493774 3245.40625
818.888367 4001.889404
819.282898 4682.652344
819.677307 5125.647461
820.071716 5618.234375
820.466003 5888.179688
820.860291 5941.632324
821.254517 5697.418945
821.648743 5113.950195
822.042786 4685.001465
822.43689 4209.625488
822.830872 3831.624756
823.224792 3193.02832
823.618774 2591.035889
824.012512 2396.713867
824.406311 1989.899658
824.799988 1762.780518
825.193665 1503.476318
825.58728 1413.611694
825.980835 1257.920532
826.374329 1065.290649
826.767761 996.894226
827.161194 1001.781677
827.554443 1004.225403
827.947754 879.490417
828.340942 815.81427
828.734131 663.733643
829.127136 624.431274
829.520264 673.555481
829.913208 624.431274
830.306152 646.541687
830.699097 511.307526
831.091797 582.647095
831.484619 491.613861
831.877319 439.889618
832.27002 540.836731
832.662537 612.144653
833.055054 474.377045
833.44751 489.151733
833.839966 432.496979
834.232361 442.353668
834.624634 365.925537
835.016907 346.187225
835.409058 410.314362
835.801208 314.099396
836.193298 343.719482
836.585327 388.12381
836.977295 415.244354
837.369202 230.099564
837.761047 230.099564
838.152832 326.442749
838.544617 304.223053
838.936218 284.465393
839.327942 328.911163
839.719421 417.709351
840.111023 346.187225
840.50238 299.284149
840.89386 279.524933
841.285217 296.814545
841.676453 289.405457
842.067749 284.465393
842.458862 254.817291
842.849976 301.753662
843.241028 277.054565
843.632019 202.898849
844.022949 272.11377
844.413879 281.995209
844.804749 197.951889
845.195496 227.627213
845.586182 269.643097
845.976807 207.845154
846.367432 281.995209
846.757996 254.817291
847.148499 294.344849
847.538879 227.627213
847.92926 239.987946
848.319641 193.004517
848.709839 193.004517
849.100098 227.627213
849.490234 252.345932
849.88031 200.42543
850.270325 193.004517
850.660339 178.160278
851.050171 173.211319
851.440125 217.737106
851.829895 212.791351
852.219604 257.288544
852.609314 294.344849
852.998901 173.211319
853.38855 249.874481
853.778015 235.043945
854.16748 133.605896
854.556885 212.791351
854.946228 190.530685
855.335571 279.524933
855.724731 200.42543
856.113953 235.043945
856.503052 195.478256
856.892151 220.209854
857.281067 170.736954
857.670105 188.057022
858.05896 141.033768
858.447754 232.571808
858.836609 195.478256
859.225281 197.951889
859.613892 227.627213
860.002502 160.837402
860.391052 128.653305
860.779541 195.478256
861.167969 118.747177
861.556335 118.747177
861.944702 84.062492
862.332947 185.582993
862.721069 116.270317
863.109253 143.509598
863.497314 197.951889
863.885376 155.887024
864.273315 118.747177
864.661255 121.22393
865.049072 143.509598
865.43689 111.316299
865.824707 200.42543
866.21228 153.411957
866.599915 106.361885
866.987488 188.057022
867.375061 170.736954
867.762451 215.264282
868.149841 235.043945
868.53717 103.884789
868.924438 143.509598
869.311707 193.004517
869.698853 116.270317
870.085938 158.362274
870.472961 183.108856
870.859985 143.509598
871.246887 215.264282
871.633789 173.211319
872.020569 165.787369
872.407349 188.057022
872.794067 193.004517
873.180725 116.270317
873.567322 118.747177
873.953796 96.452095
874.340332 126.176857
874.726624 76.627335
875.113037 153.411957
875.499329 141.033768
875.885559 173.211319
876.271729 141.033768
876.657898 131.129654
877.044006 81.584206
877.429932 133.605896
877.815918 116.270317
878.201782 163.312439
878.587585 126.176857
878.973389 96.452095
879.35907 106.361885
879.744751 123.700302
880.13031 74.148888
880.51593 96.452095
880.901367 54.31675
881.286804 123.700302
881.67218 160.837402
882.057434 96.452095
882.442749 143.509598
882.827942 133.605896
883.213013 106.361885
883.598145 106.361885
883.983154 96.452095
884.368042 51.837231
884.753052 69.191399
885.137817 39.438385
885.522644 74.148888
885.907349 71.670197
886.292053 86.540672
886.676636 168.262222
887.061157 158.362274
887.44574 93.974327
887.830078 84.062492
888.214539 106.361885
888.598816 150.936523
888.983093 138.55809
889.367249 96.452095
889.751465 116.270317
890.135498 89.018478
890.519531 121.22393
890.903503 44.398209
891.287415 163.312439
891.671326 101.407333
892.055054 7.188974
892.438843 108.839149
892.82251 86.540672
893.206116 91.496452
893.589661 150.936523
893.973206 98.929764
894.356628 106.361885
894.73999 64.233635
895.123352 39.438385
895.506592 51.837231
895.889832 96.452095
896.272949 81.584206
896.656067 9.670353
897.039063 173.211319
897.422058 66.712502
897.804993 14.632797
898.187866 86.540672
898.570618 101.407333
898.953369 39.438385
899.336121 91.496452
899.718689 19.594692
900.101257 -7.701217
900.483704 86.540672
900.866211 133.605896
901.248596 24.556171
901.63092 69.191399
902.013184 103.884789
902.395386 121.22393
902.777588 141.033768
903.159668 89.018478
903.541687 103.884789
903.923645 54.31675
904.305603 106.361885
904.6875 74.148888
905.069275 106.361885
905.45105 108.839149
905.832642 150.936523
906.214294 133.605896
906.595825 81.584206
906.977417 89.018478
907.358826 22.07555
907.740234 74.148888
908.121582 81.584206
908.502869 89.018478
908.884033 76.627335
909.265198 108.839149
909.646301 56.796158
910.027344 44.398209
910.408325 96.452095
910.789246 86.540672
911.170105 -7.701217
911.550903 61.754539
911.931641 22.07555
912.312317 113.793358
912.692932 150.936523
913.073547 93.974327
913.453979 131.129654
913.834473 -12.665404
914.214783 89.018478
914.595154 4.707626
914.975464 56.796158
915.355652 -25.077908
915.73584 81.584206
916.115845 106.361885
916.495972 126.176857
916.875854 9.670353
917.255859 -22.595171
917.63562 113.793358
918.015503 81.584206
918.395203 101.407333
918.774902 89.018478
919.15448 61.754539
919.534058 118.747177
919.913574 103.884789
920.292969 36.958256
920.672363 66.712502
921.051636 101.407333
921.430969 158.362274
921.810181 108.839149
922.189331 76.627335
922.56842 -20.112537
922.947388 111.316299
923.326416 61.754539
923.705261 93.974327
924.084106 155.887024
924.462891 66.712502
924.841675 64.233635
925.220337 51.837231
925.598938 96.452095
925.977478 24.556171
926.355957 34.478016
926.734436 108.839149
927.112732 103.884789
927.491089 39.438385
927.869324 69.191399
928.247559 31.997812
928.625671 54.31675
929.003723 -15.147723
929.381775 2.22604
929.759705 4.707626
930.137634 19.594692
930.515381 54.31675
930.89325 138.55809
931.270935 17.113729
931.64856 29.517368
932.026123 4.707626
932.403687 -5.219212
932.78125 22.07555
933.15863 -0.255652
933.536011 -37.492901
933.913208 -2.737312
934.290527 79.105827
934.667664 64.233635
935.0448 93.974327
935.421814 89.018478
935.798889 -15.147723
936.175842 46.878033
936.552673 34.478016
936.929504 69.191399
937.306274 36.958256
937.683044 22.07555
938.05957 -7.701217
938.436218 9.670353
938.812744 79.105827
939.189148 -22.595171
939.565613 -77.23893
939.941956 -27.560616
940.318237 39.438385
940.694458 22.07555
941.070557 -17.630146
941.446655 -35.009773
941.822693 -49.910664
942.198669 -64.815353
942.574646 4.707626
942.950562 -35.009773
943.326294 -39.976269
943.702026 12.151627
944.077698 -64.815353
944.453369 -72.269127
944.828918 -94.636314
945.204468 -69.784515
945.579834 9.670353
945.955261 -37.492901
946.330627 -32.526615
946.705811 14.632797
947.081055 -2.737312
947.456177 -5.219212
947.831238 4.707626
948.206238 -30.043564
948.581238 7.188974
948.956116 4.707626
949.330933 14.632797
949.705811 -5.219212
950.080505 9.670353
950.455139 -44.943184
950.829773 27.036821
951.204346 59.275333
951.578735 -7.701217
951.953186 -15.147723
952.327515 29.517368
952.701843 39.438385
953.076172 -74.753967
953.450195 4.707626
953.824341 -35.009773
954.198486 71.670197
954.572449 51.837231
954.94635 -32.526615
955.320251 39.438385
955.694092 -49.910664
956.067871 -10.183326
956.441589 -10.183326
956.815125 -72.269127
957.188721 -62.330925
957.562256 -54.878422
957.93573 -17.630146
958.309021 7.188974
958.682373 22.07555
959.055664 24.556171
959.428955 9.670353
959.802063 -27.560616
960.17511 4.707626
960.548157 56.796158
960.921143 -67.299881
961.294128 56.796158
961.666809 34.478016
962.039612 31.997812
962.412415 -49.910664
962.785095 -30.043564
963.157715 -7.701217
963.530151 -94.636314
963.902649 64.233635
964.275146 -10.183326
964.647522 29.517368
965.019714 39.438385
965.392029 -42.459743
965.76416 -32.526615
966.136292 84.062492
966.508423 -47.426868
966.880371 -67.299881
967.252319 24.556171
967.624207 -0.255652
967.996094 -22.595171
968.367737 91.496452
968.739441 34.478016
969.111084 -0.255652
969.482666 14.632797
969.854248 -5.219212
970.225586 -25.077908
970.596985 46.878033
970.968323 2.22604
971.339661 -7.701217
971.710754 -27.560616
972.081909 -10.183326
972.453064 -12.665404
972.824097 -62.330925
973.194946 -20.112537
973.565918 111.316299
973.936768 -57.36253
974.307556 -27.560616
974.678284 -12.665404
975.048828 -44.943184
975.419495 -22.595171
975.790039 -47.426868
976.160522 7.188974
976.530884 -67.299881
976.901245 61.754539
977.271606 -27.560616
977.641846 118.747177
978.012024 -94.636314
978.382019 -2.737312
978.752136 -30.043564
979.122131 -25.077908
979.492065 -59.846741
979.861877 -17.630146
980.231689 -47.426868
980.60144 -92.150612
980.971191 -0.255652
981.34082 -7.701217
981.710266 44.398209
982.079773 22.07555
982.44928 -52.394558
982.818604 -20.112537
983.187866 -20.112537
983.557129 -57.36253
983.926331 22.07555
984.295471 79.105827
984.664612 31.997812
985.033569 31.997812
985.402527 19.594692
985.771362 27.036821
986.140259 -27.560616
986.508911 -2.737312
986.877625 -22.595171
987.246277 -47.426868
987.614929 -39.976269
987.983459 -17.630146
988.351807 -69.784515
988.720215 -42.459743
989.088623 -54.878422
989.456909 29.517368
989.825012 2.22604
990.193115 -49.910664
990.561279 -30.043564
990.929321 -89.665024
991.297302 -5.219212
991.6651 27.036821
992.03302 -47.426868
992.400818 -59.846741
992.768494 -12.665404
993.136047 -84.69429
993.503723 -32.526615
993.871277 39.438385
994.23877 -25.077908
994.60614 -2.737312
994.97345 -57.36253
995.340759 -44.943184
995.708008 27.036821
996.075195 41.918282
996.4422 -114.52536
996.809265 -32.526615
997.17627 -64.815353
997.543152 -0.255652
997.910095 -7.701217
998.276733 31.997812
998.643494 69.191399
999.010193 22.07555
999.376831 -10.183326
999.743286 19.594692
1000.109802 -20.112537
1000.476257 29.517368
1000.842651 -39.976269
1001.208923 27.036821
1001.575134 -20.112537
1001.941284 -17.630146
1002.307434 -0.255652
1002.673523 -134.421387
1003.039429 -44.943184
1003.405334 -22.595171
1003.771179 -22.595171
1004.137024 -44.943184
1004.502808 -10.183326
1004.868408 -17.630146
1005.234009 2.22604
1005.599609 -97.121986
1005.965149 4.707626
1006.330444 -35.009773
1006.695862 -151.836029
1007.061218 -104.57991
1007.426453 -67.299881
1007.791626 -37.492901
1008.156677 46.878033
1008.521729 -74.753967
1008.88678 31.997812
1009.251709 -54.878422
1009.616577 -42.459743
1009.981384 -15.147723
1010.34613 -5.219212
1010.710754 -27.560616
1011.075439 -114.52536
1011.439941 -44.943184
1011.804443 -82.209023
1012.168884 -0.255652
1012.533325 -112.03894
1012.897522 -25.077908
1013.26178 -15.147723
1013.626038 -47.426868
1013.990112 -42.459743
1014.354187 -2.737312
1014.71814 -2.737312
1015.082153 71.670197
1015.446045 7.188974
1015.809937 -94.636314
1016.173523 -10.183326
1016.53717 27.036821
1016.900879 -87.179535
1017.264404 -27.560616
1017.627991 -42.459743
1017.991333 -20.112537
1018.354675 -47.426868
1018.718018 2.22604
1019.081299 -62.330925
1019.444397 -77.23893
1019.807495 -27.560616
1020.170593 93.974327
1020.533691 -10.183326
1020.896606 -57.36253
1021.25946 -42.459743
1021.622253 -22.595171
1021.985046 12.151627
1022.347778 -7.701217
1022.710327 -7.701217
1023.072876 -69.784515
1023.435364 -17.630146
1023.797852 -59.846741
1024.160278 -136.908905
1024.522461 27.036821
1024.884766 -30.043564
1025.246948 -74.753967
1025.609131 -32.526615
1025.971069 14.632797
1026.33313 -77.23893
1026.694946 -62.330925
1027.056885 -54.878422
1027.418823 -54.878422
1027.780396 22.07555
1028.14209 19.594692
1028.503784 -25.077908
1028.865479 -25.077908
1029.226807 -7.701217
1029.588135 -57.36253
1029.949707 34.478016
1030.310913 -30.043564
1030.672241 -69.784515
1031.033325 59.275333
1031.394531 -39.976269
1031.755493 24.556171
1032.116577 9.670353
1032.477417 -52.394558
1032.838257 19.594692
1033.199097 -12.665404
1033.559937 -44.943184
1033.920654 -25.077908
1034.281128 -87.179535
1034.641724 -10.183326
1035.002197 -12.665404
1035.362671 -47.426868
1035.7229 -7.701217
1036.083252 -27.560616
1036.443481 -72.269127
1036.803711 -12.665404
1037.16394 -25.077908
1037.523804 -17.630146
1037.883789 -67.299881
1038.243774 -52.394558
1038.603638 -17.630146
1038.963257 -25.077908
1039.32312 -7.701217
1039.682861 24.556171
