188.301102 0.0
188.764923 0.0
189.228699 -98.696594
189.692459 -101.182579
190.156158 -96.210716
190.619812 -61.420204
191.083435 70.100098
191.547043 -36.582565
192.01059 8.098619
192.474091 52.746193
192.937561 -34.099476
193.401001 32.90694
193.86441 57.705044
194.327759 127.084694
194.791077 8.098619
195.254349 -41.549332
195.717575 -39.065895
196.180786 -68.87368
196.643951 84.970825
197.107071 22.984966
197.570145 25.465548
198.033203 25.465548
198.496216 25.465548
198.959167 30.42667
199.422089 0.654107
199.884979 0.654107
200.347855 30.42667
200.810654 -29.133345
201.273422 92.404945
201.73616 -16.720118
202.198853 35.387245
202.661514 30.42667
203.12413 -21.685068
203.5867 32.90694
204.04924 18.02322
204.511734 -16.720118
204.974197 -49.000134
205.436615 -26.65057
205.899002 -49.000134
206.361343 -4.309377
206.823654 -83.783218
207.285919 3.13576
207.748123 -31.616358
208.210327 -76.327972
208.672485 -66.389084
209.134583 -39.065895
209.596649 -93.72509
210.05867 22.984966
210.520676 -36.582565
210.982635 -44.032738
211.444534 -44.032738
211.906403 -39.065895
212.36824 112.224365
212.830048 -81.297981
213.291779 18.02322
213.753494 -88.753876
214.215179 -6.791343
214.676819 -73.843056
215.138412 -16.720118
215.59996 -16.720118
216.061493 -31.616358
216.522949 25.465548
216.984406 13.061195
217.445801 -4.309377
217.907166 20.504145
218.368484 8.098619
218.829773 10.579959
219.291031 -4.309377
219.752228 -93.72509
220.213379 3.13576
220.6745 -93.72509
221.135574 -39.065895
221.596634 -31.616358
222.057648 -46.516384
222.5186 -68.87368
222.979553 -56.451885
223.44043 5.617309
223.901276 35.387245
224.362076 35.387245
224.822845 -46.516384
225.283569 0.654107
225.744278 -24.167767
226.20491 -11.755454
226.665512 -24.167767
227.126114 -4.309377
227.586639 -9.273415
228.047119 82.492722
228.507568 -61.420204
228.967972 -34.099476
229.428345 30.42667
229.888687 -46.516384
230.348984 -9.273415
230.809219 30.42667
231.26944 -58.936058
231.729614 -9.273415
232.189758 50.266617
232.649841 -39.065895
233.109894 -34.099476
233.569901 25.465548
234.029892 27.946159
234.489822 -11.755454
234.949707 0.654107
235.409561 -1.827515
235.869385 3.13576
236.329163 25.465548
236.788895 15.542327
237.248581 -68.87368
237.708237 25.465548
238.167847 -24.167767
238.627441 -49.000134
239.08696 -11.755454
239.546463 52.746193
240.00592 30.42667
240.465332 -63.904591
240.924698 -14.237735
241.384033 -41.549332
241.843338 -44.032738
242.302597 -56.451885
242.76181 70.100098
243.220993 -29.133345
243.680115 -63.904591
244.139221 -51.48399
244.598282 -39.065895
245.057297 -39.065895
245.516266 -44.032738
245.975189 0.654107
246.434082 -78.812859
246.892944 -6.791343
247.351761 20.504145
247.810516 -1.827515
248.269272 15.542327
248.727951 5.617309
249.1866 0.654107
249.645218 -53.967815
250.10379 20.504145
250.562317 27.946159
251.020813 -63.904591
251.479279 -36.582565
251.937668 -31.616358
252.396057 15.542327
252.854385 -58.936058
253.312683 -6.791343
253.77092 -41.549332
254.229126 15.542327
254.687302 -19.202473
255.145432 -26.65057
255.6035 47.787067
256.061584 -29.133345
256.519592 18.02322
256.97757 -16.720118
257.435455 -41.549332
257.893372 -41.549332
258.351196 30.42667
258.80899 -29.133345
259.266754 -29.133345
259.724487 35.387245
260.18219 42.827393
260.639832 18.02322
261.097443 -126.047867
261.554993 -66.389084
262.012512 -76.327972
262.469971 25.465548
262.927429 25.465548
263.384827 22.984966
263.842194 -58.936058
264.29953 -61.420204
264.756805 -16.720118
265.21405 -73.843056
265.671234 -26.65057
266.128387 -21.685068
266.58551 -63.904591
267.042572 -21.685068
267.499573 -53.967815
267.956604 -39.065895
268.413574 52.746193
268.870483 77.535919
269.327362 -14.237735
269.78418 35.387245
270.240936 -34.099476
270.697693 -61.420204
271.154419 -29.133345
271.611053 -34.099476
272.067688 82.492722
272.524292 -111.127434
272.980835 -4.309377
273.437347 18.02322
273.893799 -16.720118
274.35025 -11.755454
274.80661 3.13576
275.262939 -44.032738
275.719238 -11.755454
276.175507 67.621239
276.631714 -11.755454
277.087891 25.465548
277.544067 -34.099476
278.000122 -81.297981
278.456177 13.061195
278.912201 5.617309
279.368164 30.42667
279.824097 -11.755454
280.279968 -6.791343
280.73584 -41.549332
281.19162 -44.032738
281.6474 15.542327
282.103149 75.057503
282.558838 -4.309377
283.014465 0.654107
283.470062 35.387245
283.925629 62.663345
284.381134 20.504145
284.836639 -46.516384
285.292053 -16.720118
285.747467 -46.516384
286.20282 -73.843056
286.658142 -24.167767
287.113434 -71.358246
287.568634 -68.87368
288.023804 32.90694
288.478973 -34.099476
288.934113 -78.812859
289.38913 -76.327972
289.844208 -11.755454
290.299164 -68.87368
290.754089 -14.237735
291.208984 -6.791343
291.663879 -41.549332
292.118683 18.02322
292.573456 -63.904591
293.028198 -24.167767
293.482849 -93.72509
293.937561 -21.685068
294.392151 27.946159
294.846741 -44.032738
295.301239 -63.904591
295.755737 -14.237735
296.210175 -121.073868
296.664581 -24.167767
297.118958 -91.239426
297.573242 -73.843056
298.027557 -58.936058
298.481812 -66.389084
298.935974 25.465548
299.390137 5.617309
299.844238 20.504145
300.29834 -9.273415
300.75235 8.098619
301.20636 18.02322
301.660278 -6.791343
302.114197 45.307281
302.568054 -41.549332
303.021881 -39.065895
303.475677 -1.827515
303.929413 -11.755454
304.383118 22.984966
304.836761 3.13576
305.290375 55.22567
305.743958 -71.358246
306.19751 -71.358246
306.65097 10.579959
307.104431 13.061195
307.5578 10.579959
308.011169 -49.000134
308.464508 -58.936058
308.917755 22.984966
309.371063 -26.65057
309.824219 -9.273415
310.277374 -44.032738
310.730499 -41.549332
311.183563 3.13576
311.636597 15.542327
312.089569 -4.309377
312.542511 99.838013
312.995422 -14.237735
313.448273 40.347538
313.901093 -14.237735
314.353882 -36.582565
314.80658 40.347538
315.259308 8.098619
315.711975 -26.65057
316.164581 32.90694
316.617126 42.827393
317.069672 0.654107
317.522156 -41.549332
317.974579 -91.239426
318.427002 -39.065895
318.879333 45.307281
319.331665 -31.616358
319.783936 -4.309377
320.236176 -39.065895
320.688354 -61.420204
321.140503 -61.420204
321.592651 -88.753876
322.044647 -34.099476
322.496704 -39.065895
322.948639 -51.48399
323.400604 -46.516384
323.852509 -4.309377
324.304352 -51.48399
324.756165 25.465548
325.207916 -56.451885
325.659668 40.347538
326.111328 -4.309377
326.562988 -51.48399
327.014557 50.266617
327.466156 70.100098
327.917664 13.061195
328.36911 77.535919
328.820557 8.098619
329.271942 -61.420204
329.723297 10.579959
330.174561 15.542327
330.625854 -6.791343
331.077026 25.465548
331.528229 15.542327
331.97937 20.504145
332.43045 25.465548
332.8815 -29.133345
333.332489 5.617309
333.783478 67.621239
334.234406 13.061195
334.685303 -19.202473
335.136078 -14.237735
335.586914 -4.309377
336.037659 80.014374
336.488342 3.13576
336.939026 70.100098
337.389648 32.90694
337.84024 50.266617
338.290771 -29.133345
338.741272 60.184177
339.191681 60.184177
339.64212 50.266617
340.092468 -14.237735
340.542816 -11.755454
340.993103 42.827393
341.443329 37.867439
341.893555 62.663345
342.343689 15.542327
342.793793 77.535919
343.243866 27.946159
343.693878 18.02322
344.14389 25.465548
344.593842 97.360374
345.043732 32.90694
345.493591 42.827393
345.943359 94.882645
346.393158 -39.065895
346.842896 146.892883
347.292542 107.270157
347.742218 5.617309
348.191803 65.14241
348.641357 104.792831
349.090881 -1.827515
349.540314 52.746193
349.989777 52.746193
350.439148 99.838013
350.888489 65.14241
351.337799 107.270157
351.787048 52.746193
352.236267 50.266617
352.685425 119.654991
353.134552 40.347538
353.583649 35.387245
354.032684 102.315399
354.481659 196.385071
354.930634 60.184177
355.379517 132.037415
355.82843 82.492722
356.277222 30.42667
356.726013 80.014374
357.174774 99.838013
357.623444 70.100098
358.072113 -34.099476
358.520721 55.22567
358.969299 -1.827515
359.417786 57.705044
359.866302 5.617309
360.314697 119.654991
360.763123 179.067337
361.211456 146.892883
361.65976 40.347538
362.108032 112.224365
362.556244 55.22567
363.004456 35.387245
363.452576 89.92701
363.900696 80.014374
364.348663 193.911499
364.796722 181.541641
365.24469 156.794556
365.692596 193.911499
366.140472 198.858658
366.588287 141.941513
367.036102 144.417191
367.483826 149.3685
367.931549 213.697891
368.379181 164.219727
368.826843 203.80542
369.274384 198.858658
369.721924 282.900757
370.169403 169.169296
370.616821 169.169296
371.06427 186.489807
371.511566 166.694626
371.958923 213.697891
372.406158 164.219727
372.853424 154.31926
373.300568 136.989594
373.747711 141.941513
374.194794 102.315399
374.641846 119.654991
375.088898 211.225021
375.535828 245.837357
375.982758 134.513626
376.429596 156.794556
376.876465 238.422043
377.323242 174.118591
377.769989 218.6436
378.216675 270.548828
378.66333 226.061279
379.109985 233.478058
379.556519 302.658905
380.003052 270.548828
380.449524 250.780487
380.895996 186.489807
381.342377 184.015839
381.788727 144.417191
382.235046 223.58876
382.681274 211.225021
383.127533 127.084694
383.573669 201.332153
384.019836 211.225021
384.465912 233.478058
384.911957 223.58876
385.357971 211.225021
385.803925 223.58876
386.249847 188.963791
386.695679 231.005859
387.141541 243.365768
387.587311 349.559448
388.033051 211.225021
388.478729 203.80542
388.924408 221.11615
389.369995 253.251907
389.815552 208.751923
390.261078 319.942139
390.706543 364.362915
391.152008 186.489807
391.597351 255.723083
392.042725 235.950165
392.487976 243.365768
392.933289 164.219727
393.378479 235.950165
393.823639 203.80542
394.268768 213.697891
394.713837 315.004486
395.158905 270.548828
395.603851 255.723083
396.048798 248.308975
396.493683 401.356567
396.938568 322.410706
397.383392 344.624237
397.828156 216.170792
398.272888 287.840942
398.71756 337.220642
399.162201 332.284332
399.606781 418.612915
400.051361 428.471619
400.495819 401.356567
400.940308 472.817078
401.384705 529.436462
401.829102 514.670959
402.273438 450.648102
402.717682 438.328827
403.161926 401.356567
403.60611 453.111725
404.050293 531.897156
404.494385 556.498108
404.938446 583.548523
405.382477 549.118774
405.826447 477.742401
406.270386 536.818054
406.714233 494.978333
407.158081 573.713257
407.601868 492.516296
408.045624 475.279724
408.489319 554.038391
408.933014 630.246033
409.376617 541.738647
409.82019 482.667511
410.263702 600.756531
410.707184 544.19873
411.150635 453.111725
411.594025 544.19873
412.037384 563.876526
412.480682 576.172119
412.923981 586.007019
413.367126 536.818054
413.810333 539.278381
414.253479 568.795044
414.696533 578.631042
415.139587 549.118774
415.582581 664.633545
416.025543 701.45813
416.468414 558.957703
416.911285 632.702698
417.354065 777.498962
417.796875 725.996765
418.239594 721.089661
418.682281 684.275818
419.124908 649.898193
419.567505 740.715576
420.010071 647.442139
420.452545 755.431213
420.89502 657.266418
421.337372 718.636047
421.779785 858.352966
422.222107 821.612732
422.664368 782.401917
423.106628 581.089844
423.548798 681.820862
423.990967 733.356445
424.433044 799.559204
424.875092 730.903503
425.317078 733.356445
425.759064 738.262634
426.200989 728.450195
426.642853 767.691833
427.084686 706.366638
427.526459 748.073975
427.968201 718.636047
428.409912 632.702698
428.851563 779.950439
429.293121 728.450195
429.734711 730.903503
430.176239 689.185608
430.617706 640.072876
431.059113 674.455566
431.500488 755.431213
431.941833 838.760559
432.383087 875.491699
432.824341 1005.121216
433.265533 966.012939
433.706726 963.567932
434.147827 860.801636
434.588867 968.457642
435.029877 865.69873
435.470825 1002.677551
435.911804 990.458069
436.352661 1100.359131
436.793518 1024.66748
437.234283 1063.744019
437.675049 978.236572
438.115723 1007.564819
438.556396 951.341492
438.99704 1117.439819
439.437561 1075.95105
439.878113 1071.068481
440.318573 1110.119873
440.759033 1095.478149
441.199341 997.790161
441.639709 1000.234009
442.079956 1095.478149
442.520264 1075.95105
442.96051 961.122803
443.400604 921.990051
443.840759 917.097107
444.280762 919.543457
444.720825 914.650391
445.160767 890.178711
445.600739 868.146912
446.040558 897.521179
446.480438 887.731018
446.920258 1012.451782
447.359955 1068.626953
447.799713 1224.713257
448.239319 1188.160156
448.678955 1390.197021
449.1185 1535.915649
449.558014 1720.105225
449.997498 1894.214722
450.436951 1944.927612
450.876343 1860.388916
451.315674 1899.045898
451.754974 1647.449585
452.194183 1565.026611
452.633392 1460.661743
453.07251 1317.234375
453.511688 1258.813232
453.950684 1273.422607
454.38974 1334.265259
454.828735 1339.130371
455.267639 1290.463501
455.706543 1261.248413
456.145325 1251.507568
456.584137 1224.713257
457.022858 1005.121216
457.461578 1044.208496
457.900208 1002.677551
458.338867 992.902222
458.777405 951.341492
459.215912 1019.781372
459.654388 1007.564819
460.092773 1083.274414
460.531189 1022.224426
460.969513 990.458069
461.407806 1058.860596
461.846008 1139.394775
462.284241 1249.072021
462.722351 1183.285278
463.160461 1295.331665
463.598541 1365.883911
464.03653 1307.500488
464.474518 1399.920288
464.912384 1671.675293
465.350281 1877.303589
465.788086 2217.291748
466.225891 2855.153076
466.663605 3474.516357
467.101318 4156.234375
467.539001 3988.577148
467.976563 3908.198486
468.414124 3434.136719
468.851593 3041.372314
469.289063 2723.626465
469.72644 2282.24292
470.163849 2005.26001
470.601135 1913.537598
471.038422 1906.29187
471.475677 1712.842773
471.912811 1715.263672
472.350006 1586.852661
472.787048 1615.945068
473.224121 1548.046509
473.661072 1596.55127
474.098053 1579.578003
474.534943 1833.80188
474.971802 2224.510742
475.40863 2469.613037
475.845367 2354.35498
476.282104 2104.112549
476.71875 1966.652466
477.155426 1995.609863
477.591949 1749.149414
478.028503 1758.828247
478.464966 1751.569214
478.901428 1550.472412
479.33786 1649.872559
479.77417 1734.628784
480.21051 1688.62915
480.646698 1649.872559
481.082947 1676.519653
481.519073 1802.369751
481.9552 1855.55542
482.391266 1821.713867
482.827301 1891.799072
483.263306 1884.551758
483.699188 1954.583618
484.135101 2063.138916
484.570923 1964.23877
485.006744 2017.321533
485.442413 1935.270508
485.878174 2039.027466
486.313782 1998.022461
486.74939 1894.214722
487.184998 1857.97229
487.620453 1978.719116
488.055939 2026.969238
488.491333 1983.545532
488.926727 2116.159912
489.36203 2145.06665
489.797302 2186.001465
490.232513 2414.403809
490.667755 2407.199951
491.102905 2555.960693
491.537964 2505.601318
491.973022 2632.645264
492.40799 2500.803711
492.842957 2615.875732
493.277832 2565.549316
493.712738 2651.806885
494.147491 2668.56958
494.582275 2764.299805
495.017029 2936.369873
495.45166 3027.060303
495.886292 3550.481934
496.320831 4274.147949
496.755402 5462.897461
497.18985 7801.356445
497.624298 12032.825195
498.058655 16663.847656
498.493042 19047.214844
498.927368 18688.65625
499.361572 16164.689453
499.795807 13153.244141
500.229919 10900.887695
500.664063 8623.099609
501.098083 6443.335938
501.532104 5138.20166
501.966064 4085.424805
502.399994 3529.122314
502.833893 3067.604736
503.2677 2778.650391
503.701477 2792.999512
504.135193 2625.458984
504.568909 2472.012939
505.002502 2424.007568
505.436127 2448.013672
505.869629 2484.01001
506.303162 2414.403809
506.736603 2375.977295
507.169983 2507.999756
507.603363 2383.18335
508.036621 2448.013672
508.46994 2507.999756
508.903107 2424.007568
509.336304 2474.412109
509.769379 2467.213379
510.202484 2424.007568
510.635529 2383.18335
511.068481 2584.724854
511.501434 2575.137695
511.934265 2608.688232
512.367126 2685.32959
512.799927 2397.594238
513.232605 2539.177246
513.665344 2539.177246
514.097961 2797.782227
514.530579 3730.677246
514.963135 5565.493652
515.395691 7098.824219
515.828064 7128.748535
516.260498 5681.974121
516.692871 4667.073242
517.125183 4318.921387
517.557373 3590.815674
517.989624 3086.678955
518.421753 2749.946289
518.853943 2491.20752
519.286072 2579.931396
519.718018 2589.518066
520.150024 2486.40918
520.581909 2529.585205
521.013855 2524.788818
521.445679 2519.992188
521.877502 2486.40918
522.309204 2534.381348
522.740906 2448.013672
523.172546 2344.743408
523.604187 2412.002441
524.035767 2505.601318
524.467224 2351.951904
524.898682 2565.549316
525.330078 2404.798828
525.761475 2337.533936
526.192749 2339.937012
526.624023 2263.003174
527.055237 2178.779297
527.486389 2236.54126
527.917542 2248.570313
528.348572 2272.623291
528.779663 2284.647217
529.210571 2219.697754
529.641541 2306.286621
530.072388 2462.413818
530.503235 2339.937012
530.934082 2361.562744
531.364746 2313.498779
531.795532 2272.623291
532.226135 2332.727295
532.656738 2205.258301
533.08728 2207.665039
533.517822 2226.916992
533.948242 2294.265625
534.378662 2253.381592
534.809082 2414.403809
535.239319 2496.005615
535.669617 2548.767822
536.099792 2555.960693
536.529968 2424.007568
536.960083 2558.35791
537.390137 2474.412109
537.82019 2448.013672
538.250183 2335.130615
538.680115 2517.593994
539.109985 2553.562744
539.539795 2496.005615
539.969543 2296.670166
540.399292 2428.809326
540.828979 2486.40918
541.258606 2385.585205
541.688171 2402.396973
542.117737 2359.1604
542.547302 2397.594238
542.976685 2390.388916
543.406128 2460.01416
543.835388 2531.983154
544.264771 2522.390869
544.69397 2531.983154
545.12323 2615.875732
545.552307 2883.826172
545.981506 2981.72583
546.410583 3193.901367
546.839539 3134.347656
547.268555 3229.615967
547.697449 3381.857178
548.126282 3538.616211
548.555054 3920.022461
548.983887 4050.002441
549.412598 4655.329102
549.841309 4920.456055
550.269958 5385.891602
550.698486 5712.240723
551.127075 6035.388184
551.555481 6408.619141
551.983948 6475.729004
552.412292 6720.717773
552.840698 6845.340332
553.26886 6999.79541
553.697205 7041.258301
554.125366 7121.842773
554.553467 7140.255859
554.981628 7195.476563
555.409607 7252.972656
555.837646 7457.452637
556.265564 7867.741699
556.693481 7913.503906
557.121338 8144.36377
557.549133 8527.488281
557.976929 8995.802734
558.404602 9584.638672
558.832275 9812.722656
559.259888 10069.736328
559.687439 10404.988281
560.114929 10880.722656
560.542419 11200.810547
560.969788 11319.282227
561.397156 11287.996094
561.824524 11194.101563
562.25177 11584.979492
562.679016 11743.305664
563.10614 11747.763672
563.533264 11992.766602
563.960327 11914.848633
564.387329 12108.46875
564.814331 12288.550781
565.241272 12590.517578
565.668213 13341.217773
566.094971 14395.474609
566.52179 15800.976563
566.948425 18647.117188
567.375183 21850.90625
567.801819 27806.339844
568.228394 37058.511719
568.654846 47208.132813
569.081421 51308.390625
569.507874 48524.867188
569.934265 41966.542969
570.360596 36205.730469
570.786865 31482.203125
571.213074 27204.078125
571.639282 23300.320313
572.06543 20335.876953
572.491516 18332.330078
572.917603 17158.273438
573.343567 16171.261719
573.769531 16136.21582
574.195435 16044.211914
574.621277 16171.261719
575.047119 16394.615234
575.472839 16797.328125
575.89856 17274.181641
576.324158 17733.351563
576.749817 18218.660156
577.175293 18596.839844
577.60083 19141.240234
578.026306 19801.808594
578.451721 20504.498047
578.877136 20804.628906
579.302429 21824.556641
579.727661 22886.326172
580.152832 23064.646484
580.578064 23924.294922
581.003113 24986.982422
581.428223 25879.318359
581.853271 26890.925781
582.278198 27426.257813
582.703125 28088.728516
583.12793 28876.244141
583.552795 29486.037109
583.977539 29512.746094
584.402283 29397.009766
584.826965 29254.566406
585.251587 28211.050781
585.676208 26380.453125
586.100647 24544.792969
586.525208 21949.726563
586.949524 18712.705078
587.373962 15338.224609
587.798218 11899.260742
588.222534 8918.618164
588.646729 6605.216797
589.070984 5107.789063
589.495117 3912.928223
589.919128 3120.049805
590.343201 3143.878662
590.767151 3400.87085
591.191101 4323.633789
591.61499 5968.039063
592.038818 8185.46582
592.462524 11211.990234
592.886292 14973.761719
593.310059 18150.892578
593.733582 21278.148438
594.157227 24001.53125
594.58075 26728.857422
595.004272 28275.550781
595.427673 29842.166016
595.851074 30605.582031
596.274353 31055.076172
596.697632 31540.035156
597.120911 30972.753906
597.544067 30699.048828
597.967224 30347.414063
598.39032 29735.324219
598.813354 29149.966797
599.236328 28006.449219
599.659241 27539.597656
600.082153 26577.927734
600.505005 25349.908203
600.927795 24883.027344
601.350525 24500.597656
601.773254 23458.980469
602.195862 22499.128906
602.618408 22048.568359
603.040955 21444.859375
603.46344 20497.929688
603.885925 20077.550781
604.30835 19274.634766
604.730652 18867.925781
605.152893 18179.3125
605.575195 17836.101563
605.997375 17136.400391
606.419495 16832.333984
606.841553 16475.615234
607.263672 15976.293945
607.685608 15439.15625
608.107605 14951.792969
608.52948 14481.299805
608.951294 14146.648438
609.373108 14164.271484
609.7948 13453.924805
610.216553 12991.674805
610.638123 13024.884766
611.059753 12677.023438
611.481262 12488.435547
611.902832 12015.023438
612.324219 11734.390625
612.745605 11747.763672
613.166931 11343.860352
613.588196 11292.46582
614.00946 10876.242188
614.430664 11156.080078
614.851807 12492.875
615.272827 14604.492188
615.693909 18288.609375
616.114929 19171.853516
616.535889 18627.445313
616.956787 15689.173828
617.377563 13879.942383
617.79834 13217.394531
618.219055 12392.961914
618.639832 11187.392578
619.060364 10195.825195
619.481018 9410.507813
619.901611 8857.292969
620.322083 8397.62207
620.742493 8406.740234
621.162842 8078.118164
621.583191 7803.646973
622.003418 7670.780273
622.423706 7602.003418
622.843872 7374.781738
623.264038 7183.974609
623.684143 7080.405762
624.104126 6769.196777
624.52417 6810.735352
624.944031 6626.014648
625.364014 6487.29541
625.783752 6274.292969
626.203552 6348.421875
626.62323 6244.165527
627.042969 6179.25
627.462585 5891.355957
627.882141 5649.371094
628.301697 5591.128906
628.72113 5663.344727
629.140625 5336.861816
629.559998 5250.427734
629.979309 5276.130859
630.39856 5170.944824
630.81781 4988.398926
631.237 5117.146973
631.656067 5128.844238
632.075195 5028.208984
632.494202 4913.425293
632.913208 4983.714844
633.332092 4702.299316
633.750977 4692.906738
634.169739 4793.834473
634.588562 4570.734375
635.007263 4657.678223
635.425964 4601.289551
635.844543 4742.208496
636.263123 4377.807617
636.681641 4436.661621
637.100037 4514.301758
637.518494 4450.782227
637.936829 4474.3125
638.355164 4297.715332
638.773438 4434.308105
639.19165 4196.339355
639.609863 4394.289551
640.027893 4267.07666
640.445984 4304.784668
640.863953 4248.217773
641.281921 4028.743896
641.699829 4090.146973
642.117676 4205.773438
642.535461 4005.118164
642.953247 3953.123535
643.370972 3894.007324
643.788635 3983.850586
644.206177 3950.759277
644.623718 3962.579102
645.04126 3948.395264
645.458618 3853.790039
645.876099 3697.506836
646.293396 3782.780762
646.710693 3796.986572
647.127991 3633.505371
647.545166 3751.995117
647.962341 3567.092041
648.379333 3517.253906
648.796448 3619.277832
649.213379 3564.719482
649.63031 3543.362549
650.04718 3507.758057
650.463989 3597.932129
650.880859 3462.641602
651.297546 3400.87085
651.714233 3365.217041
652.130859 3377.103027
652.547485 3279.595459
652.963928 3365.217041
653.380432 3279.595459
653.796814 3298.62915
654.213196 3296.25
654.629578 3455.516113
655.045837 3291.492188
655.462036 3270.077881
655.878174 3024.675049
656.294312 3193.901367
656.710327 3072.373535
657.126404 3120.049805
657.542358 3258.179199
657.958252 3158.173584
658.374084 3210.569824
658.789917 3255.799072
659.205688 3215.331787
659.621338 3093.830811
660.037048 3224.855225
660.452637 3098.598389
660.868164 3248.65918
661.283691 3215.331787
661.699158 3069.989502
662.114502 3174.848389
662.529846 3079.526855
662.945129 3015.13208
663.360413 3158.173584
663.775635 2974.565674
664.190674 3060.451172
664.605835 3043.757324
665.020813 2874.269287
665.435791 3093.830811
665.850769 2933.982422
666.265625 3003.202637
666.68042 2905.324463
667.095215 2957.857178
667.509949 2855.153076
667.924622 2838.423584
668.339233 2847.983887
668.753784 2945.92041
669.168335 2893.381348
669.582825 3010.360596
669.997192 2955.469482
670.41156 3007.974609
670.825867 2962.631348
671.240173 2976.952393
671.654358 3058.06665
672.068481 2962.631348
672.482605 2917.266602
672.896667 2926.818359
673.310669 2910.101318
673.724609 2902.936279
674.138489 2807.34668
674.552307 2819.300537
674.966064 2795.390625
675.379822 2749.946289
675.793579 2747.553955
676.207153 2802.564697
676.620789 2704.479736
677.034241 2843.203857
677.447754 2663.780518
677.861206 2702.086426
678.274597 2637.436035
678.687866 2685.32959
679.101135 2728.412598
679.514404 2539.177246
679.927551 2517.593994
680.340698 2599.103516
680.753723 2505.601318
681.166748 2467.213379
681.579712 2460.01416
681.992615 2481.611084
682.405457 2491.20752
682.818298 2519.992188
683.231018 2397.594238
683.643738 2395.192383
684.056335 2291.861328
684.468994 2246.164795
684.881531 2303.882568
685.293945 2207.665039
685.706482 2224.510742
686.118774 2193.223145
686.531128 2108.931641
686.943481 1768.506348
687.355713 1669.253418
687.767883 1477.661011
688.179932 1472.804321
688.592041 1467.947754
689.004089 1392.62793
689.416016 1458.233032
689.827881 1416.932861
690.239868 1506.793579
690.651611 1589.277344
691.063354 1516.502197
691.475098 1463.090576
691.886719 1664.408569
692.29834 1708.000488
692.7099 1778.182861
693.12146 1715.263672
693.532837 1812.04248
693.944214 1654.718018
694.355652 1734.628784
694.766846 1582.003052
695.178101 1708.000488
695.589294 1737.048828
696.000366 1676.519653
696.411438 1903.876465
696.82251 1737.048828
697.233459 1843.470947
697.644409 1778.182861
698.055298 1749.149414
698.466064 1790.277222
698.876831 1804.787842
699.287537 1758.828247
699.698181 1623.216309
700.108826 1778.182861
700.519348 1708.000488
700.92981 1625.640015
701.340271 1785.439819
701.750732 1669.253418
702.161011 1741.889282
702.57135 1695.894043
702.981567 1778.182861
703.391724 1715.263672
703.80188 1654.718018
704.211914 1640.180298
704.621948 1598.97583
705.031921 1695.894043
705.441895 1659.563477
705.851746 1722.526001
706.261536 1758.828247
706.671265 1824.131592
707.081055 1778.182861
707.490662 1666.830933
707.90033 1693.472412
708.309814 1649.872559
708.719299 1666.830933
709.128784 1756.408569
709.538147 1691.050903
709.94751 1770.925415
710.35675 1666.830933
710.766052 1688.62915
711.175171 1681.36377
711.58429 1567.452026
711.993347 1632.910645
712.402405 1611.096924
712.811401 1586.852661
713.220276 1717.68457
713.62915 1734.628784
714.037964 1700.736938
714.446777 1582.003052
714.855408 1594.126831
715.264099 1443.659058
715.672668 1591.702026
716.081177 1475.232666
716.489746 1472.804321
716.898132 1375.610107
717.306519 1190.597656
717.714844 1217.404297
718.123108 1193.035034
718.531372 1210.094238
718.939514 1146.711792
719.347595 1051.535034
719.755676 931.775391
720.163696 1061.302368
720.571716 1031.996094
720.979614 1144.272827
721.387451 1146.711792
721.795227 1234.457886
722.202942 1132.077271
722.610718 1212.531006
723.018311 1207.657471
723.425903 1190.597656
723.833374 1063.744019
724.240906 1136.955566
724.648376 1166.219849
725.055725 1068.626953
725.463013 1097.918701
725.8703 1071.068481
726.277466 1061.302368
726.684631 931.775391
727.091797 1022.224426
727.498779 1041.765991
727.905823 1112.559937
728.312805 1005.121216
728.719666 1136.955566
729.126526 1149.150635
729.533264 1000.234009
729.940063 1056.418701
730.34668 1090.596802
730.753357 1058.860596
731.159851 988.013916
731.566406 1107.67981
731.9729 1100.359131
732.379272 1190.597656
732.785645 1088.156006
733.191895 1141.833862
733.598206 1173.533936
734.004333 1197.909668
734.410522 1214.967651
734.816528 1285.595337
735.222656 1236.893555
735.628662 1256.378052
736.034546 1309.934082
736.44043 1361.020386
736.846252 1270.987915
737.252014 1263.683472
737.657715 1404.78125
738.063354 1499.511597
738.468933 1324.533691
738.874512 1229.585693
739.280029 1363.452271
739.685486 1249.072021
740.090881 1343.995483
740.496216 1407.21167
740.90155 1446.088257
741.306702 1409.64209
741.711914 1322.100586
742.117004 1438.800293
742.522095 1365.883911
742.927124 1358.588379
743.332031 1431.511963
743.737 1392.62793
744.141785 1353.724365
744.546631 1514.075195
744.951355 1268.553345
745.356079 1387.765991
745.76062 1146.711792
746.165283 1431.511963
746.569824 1234.457886
746.974243 1322.100586
747.378723 1253.942627
747.78302 1331.83252
748.187378 1229.585693
748.591614 1222.276855
748.99585 1185.7229
749.399963 1227.149536
749.804077 1212.531006
750.20813 1232.021851
750.612122 1171.095947
751.016052 1175.971924
751.419922 1171.095947
751.823792 1166.219849
752.227478 1183.285278
752.631226 1229.585693
753.034851 1171.095947
753.438477 1202.783569
753.842102 1268.553345
754.245544 1139.394775
754.648987 1073.509766
755.052368 1110.119873
755.45575 1158.904907
755.859009 1146.711792
756.262268 1097.918701
756.665405 1049.092896
757.068542 1105.239624
757.47168 1134.516602
757.874634 983.125549
758.277588 963.567932
758.68042 1056.418701
759.083374 821.612732
759.486084 703.912415
759.888916 613.045532
760.291504 509.748322
760.694214 416.14798
761.096802 381.629272
761.499268 396.425385
761.901733 352.026978
762.304199 260.665436
762.706543 292.780609
763.108826 408.752716
763.511108 255.723083
763.913208 310.066559
764.315369 250.780487
764.717529 282.900757
765.119568 391.493683
765.521545 627.789063
765.923462 904.86261
766.325317 1146.711792
766.727112 1506.793579
767.128845 1309.934082
767.530518 1102.799316
767.932251 1132.077271
768.333862 1066.185669
768.735413 1190.597656
769.136841 1302.633301
769.538269 1518.929199
769.939636 1654.718018
770.341003 1613.520996
770.742249 1414.502686
771.143433 1249.072021
771.544617 1124.758789
771.94574 1193.035034
772.346802 1166.219849
772.747803 988.013916
773.148682 980.681091
773.549622 858.352966
773.950439 863.250244
774.351196 895.07373
774.751892 968.457642
775.152588 851.006348
775.553162 904.86261
775.953735 797.108643
776.354309 809.361755
776.754639 873.043518
777.15509 882.835754
777.55542 789.755554
777.95575 843.659302
778.355896 821.612732
778.756104 792.206665
779.156189 855.904175
779.556274 826.512634
779.956299 711.274719
780.356201 826.512634
780.756165 757.883606
781.156006 775.047302
781.555786 775.047302
781.955505 821.612732
782.355225 931.775391
782.754761 802.01001
783.154358 885.283264
783.553894 789.755554
783.953369 711.274719
784.352783 806.911255
784.752075 824.062744
785.151367 757.883606
785.550598 792.206665
785.949768 772.59552
786.348877 745.621216
786.747986 755.431213
787.147034 777.498962
787.545959 799.559204
787.944885 718.636047
788.34375 853.455322
788.742493 738.262634
789.141235 684.275818
789.539917 667.089233
789.938538 730.903503
790.337158 716.182251
790.735718 681.820862
791.134094 681.820862
791.532532 794.657715
791.930847 782.401917
792.329224 696.5495
792.727417 728.450195
793.12561 568.795044
793.523682 762.788025
793.921753 703.912415
794.319824 689.185608
794.717773 642.529358
795.115723 775.047302
795.51355 814.262512
795.911377 652.354309
796.309082 735.80957
796.706787 625.332031
797.10437 745.621216
797.501953 752.978821
797.899536 676.910828
798.296936 708.82074
798.694397 730.903503
799.091736 689.185608
799.489014 627.789063
799.88623 711.274719
800.283447 657.266418
800.680542 669.544739
801.077637 676.910828
801.47467 735.80957
801.871643 740.715576
802.268555 718.636047
802.665405 681.820862
803.062256 593.382324
803.458923 728.450195
803.855652 593.382324
804.252258 760.335876
804.648804 669.544739
805.04541 620.417603
805.441833 743.168457
805.838257 806.911255
806.234619 794.657715
806.630859 706.366638
807.0271 738.262634
807.423279 654.810425
807.819458 782.401917
808.215515 718.636047
808.611572 794.657715
809.007507 664.633545
809.403381 617.960266
809.799194 699.003723
810.195068 821.612732
810.590759 637.616211
810.98645 642.529358
811.38208 721.089661
811.777649 706.366638
812.173157 694.094971
812.568665 723.543274
812.96405 841.209961
813.359375 681.820862
813.754639 743.168457
814.149841 804.460693
814.545105 787.304321
814.940186 899.968445
815.335266 1073.509766
815.730347 1312.367554
816.125244 1436.371094
816.520203 1857.97229
816.914978 2380.781494
817.309753 3315.280273
817.704468 4486.075195
818.099182 6030.744141
818.493774 6755.347168
818.888367 7608.882324
819.282898 7817.383789
819.677307 8438.646484
820.071716 8210.577148
820.466003 7863.163574
820.860291 6863.793457
821.254517 6070.208984
821.648743 5308.835938
822.042786 4333.057617
822.43689 3491.138672
822.830872 3036.601807
823.224792 2301.478271
823.618774 2128.205566
824.012512 1572.30249
824.406311 1528.635986
824.799988 1134.516602
825.193665 1158.904907
825.58728 951.341492
825.980835 946.450623
826.374329 797.108643
826.767761 779.950439
827.161194 745.621216
827.554443 676.910828
827.947754 632.702698
828.340942 578.631042
828.734131 576.172119
829.127136 502.363739
829.520264 445.720703
829.913208 416.14798
830.306152 379.163025
830.699097 470.354218
831.091797 428.471619
831.484619 423.542542
831.877319 475.279724
832.27002 487.592102
832.662537 347.091949
833.055054 379.163025
833.44751 492.516296
833.839966 450.648102
834.232361 337.220642
834.624634 300.189453
835.016907 470.354218
835.409058 258.194336
835.801208 376.696564
836.193298 389.027832
836.585327 324.879272
836.977295 371.763458
837.369202 329.816162
837.761047 342.156433
838.152832 376.696564
838.544617 327.347778
838.936218 352.026978
839.327942 393.959564
839.719421 273.019348
840.111023 344.624237
840.50238 277.960297
840.89386 268.078094
841.285217 337.220642
841.676453 443.256775
842.067749 317.473358
842.458862 290.31076
842.849976 315.004486
843.241028 201.332153
843.632019 315.004486
844.022949 307.597412
844.413879 198.858658
844.804749 334.752533
845.195496 250.780487
845.586182 238.422043
845.976807 300.189453
846.367432 297.719879
846.757996 332.284332
847.148499 332.284332
847.538879 270.548828
847.92926 292.780609
848.319641 356.961609
848.709839 297.719879
849.100098 258.194336
849.490234 258.194336
849.88031 282.900757
850.270325 263.136322
850.660339 233.478058
851.050171 344.624237
851.440125 265.607269
851.829895 285.37088
852.219604 223.58876
852.609314 305.128143
852.998901 369.296692
853.38855 315.004486
853.778015 223.58876
854.16748 287.840942
854.556885 218.6436
854.946228 161.74472
855.335571 263.136322
855.724731 156.794556
856.113953 243.365768
856.503052 273.019348
856.892151 253.251907
857.281067 292.780609
857.670105 179.067337
858.05896 297.719879
858.447754 352.026978
858.836609 315.004486
859.225281 248.308975
859.613892 208.751923
860.002502 181.541641
860.391052 184.015839
860.779541 176.593079
861.167969 255.723083
861.556335 258.194336
861.944702 275.489868
862.332947 231.005859
862.721069 310.066559
863.109253 292.780609
863.497314 233.478058
863.885376 208.751923
864.273315 231.005859
864.661255 265.607269
865.049072 302.658905
865.43689 282.900757
865.824707 245.837357
866.21228 213.697891
866.599915 179.067337
866.987488 203.80542
867.375061 134.513626
867.762451 226.061279
868.149841 169.169296
868.53717 290.31076
868.924438 164.219727
869.311707 174.118591
869.698853 223.58876
870.085938 223.58876
870.472961 188.963791
870.859985 300.189453
871.246887 213.697891
871.633789 129.561111
872.020569 196.385071
872.407349 307.597412
872.794067 273.019348
873.180725 240.893967
873.567322 268.078094
873.953796 315.004486
874.340332 233.478058
874.726624 235.950165
875.113037 171.643982
875.499329 198.858658
875.885559 255.723083
876.271729 193.911499
876.657898 233.478058
877.044006 159.26976
877.429932 253.251907
877.815918 201.332153
878.201782 176.593079
878.587585 265.607269
878.973389 109.747238
879.35907 206.278732
879.744751 139.465607
880.13031 119.654991
880.51593 198.858658
880.901367 270.548828
881.286804 203.80542
881.67218 188.963791
882.057434 124.608315
882.442749 208.751923
882.827942 112.224365
883.213013 77.535919
883.598145 208.751923
883.983154 119.654991
884.368042 99.838013
884.753052 132.037415
885.137817 124.608315
885.522644 112.224365
885.907349 102.315399
886.292053 174.118591
886.676636 132.037415
887.061157 233.478058
887.44574 169.169296
887.830078 223.58876
888.214539 203.80542
888.598816 245.837357
888.983093 132.037415
889.367249 206.278732
889.751465 159.26976
890.135498 102.315399
890.519531 169.169296
890.903503 184.015839
891.287415 191.437698
891.671326 136.989594
892.055054 52.746193
892.438843 117.178299
892.82251 136.989594
893.206116 112.224365
893.589661 75.057503
893.973206 25.465548
894.356628 144.417191
894.73999 84.970825
895.123352 84.970825
895.506592 72.57885
895.889832 94.882645
896.272949 80.014374
896.656067 57.705044
897.039063 67.621239
897.422058 50.266617
897.804993 -41.549332
898.187866 82.492722
898.570618 0.654107
898.953369 -78.812859
899.336121 84.970825
899.718689 -19.202473
900.101257 -6.791343
900.483704 35.387245
900.866211 18.02322
901.248596 52.746193
901.63092 55.22567
902.013184 -4.309377
902.395386 32.90694
902.777588 20.504145
903.159668 57.705044
903.541687 47.787067
903.923645 10.579959
904.305603 55.22567
904.6875 87.448967
905.069275 32.90694
905.45105 117.178299
905.832642 55.22567
906.214294 15.542327
906.595825 15.542327
906.977417 87.448967
907.358826 25.465548
907.740234 -1.827515
908.121582 3.13576
908.502869 -6.791343
908.884033 42.827393
909.265198 -58.936058
909.646301 55.22567
910.027344 32.90694
910.408325 97.360374
910.789246 45.307281
911.170105 37.867439
911.550903 55.22567
911.931641 -11.755454
912.312317 -4.309377
912.692932 67.621239
913.073547 77.535919
913.453979 -4.309377
913.834473 32.90694
914.214783 40.347538
914.595154 67.621239
914.975464 57.705044
915.355652 97.360374
915.73584 37.867439
916.115845 97.360374
916.495972 -11.755454
916.875854 119.654991
917.255859 30.42667
917.63562 67.621239
918.015503 124.608315
918.395203 102.315399
918.774902 107.270157
919.15448 62.663345
919.534058 132.037415
919.913574 37.867439
920.292969 30.42667
920.672363 52.746193
921.051636 -1.827515
921.430969 57.705044
921.810181 60.184177
922.189331 30.42667
922.56842 82.492722
922.947388 10.579959
923.326416 22.984966
923.705261 70.100098
924.084106 119.654991
924.462891 80.014374
924.841675 136.989594
925.220337 32.90694
925.598938 92.404945
925.977478 122.131706
926.355957 20.504145
926.734436 52.746193
927.112732 124.608315
927.491089 -24.167767
927.869324 -14.237735
928.247559 -56.451885
928.625671 -4.309377
929.003723 45.307281
929.381775 8.098619
929.759705 -19.202473
930.137634 -44.032738
930.515381 62.663345
930.89325 141.941513
931.270935 87.448967
931.64856 5.617309
932.026123 -16.720118
932.403687 10.579959
932.78125 -46.516384
933.15863 104.792831
933.536011 20.504145
933.913208 -6.791343
934.290527 -24.167767
934.667664 42.827393
935.0448 20.504145
935.421814 0.654107
935.798889 -16.720118
936.175842 -88.753876
936.552673 -63.904591
936.929504 -98.696594
937.306274 -11.755454
937.683044 -31.616358
938.05957 -11.755454
938.436218 45.307281
938.812744 -41.549332
939.189148 -29.133345
939.565613 -14.237735
939.941956 -76.327972
940.318237 75.057503
940.694458 32.90694
941.070557 -96.210716
941.446655 -36.582565
941.822693 -26.65057
942.198669 10.579959
942.574646 3.13576
942.950562 -16.720118
943.326294 -71.358246
943.702026 -1.827515
944.077698 -56.451885
944.453369 25.465548
944.828918 -21.685068
945.204468 -26.65057
945.579834 -21.685068
945.955261 -11.755454
946.330627 -148.435776
946.705811 -1.827515
947.081055 -96.210716
947.456177 35.387245
947.831238 -34.099476
948.206238 45.307281
948.581238 -19.202473
948.956116 20.504145
949.330933 -101.182579
949.705811 -41.549332
950.080505 -9.273415
950.455139 45.307281
950.829773 -36.582565
951.204346 104.792831
951.578735 82.492722
951.953186 -24.167767
952.327515 -78.812859
952.701843 -78.812859
953.076172 -83.783218
953.450195 -78.812859
953.824341 -83.783218
954.198486 -49.000134
954.572449 -16.720118
954.94635 -26.65057
955.320251 -41.549332
955.694092 -53.967815
956.067871 -36.582565
956.441589 -21.685068
956.815125 -63.904591
957.188721 -29.133345
957.562256 -9.273415
957.93573 -53.967815
958.309021 -44.032738
958.682373 35.387245
959.055664 -61.420204
959.428955 35.387245
959.802063 -58.936058
960.17511 -36.582565
960.548157 -19.202473
960.921143 -19.202473
961.294128 -56.451885
961.666809 -1.827515
962.039612 -16.720118
962.412415 -36.582565
962.785095 55.22567
963.157715 -34.099476
963.530151 -49.000134
963.902649 -36.582565
964.275146 3.13576
964.647522 -6.791343
965.019714 -51.48399
965.392029 -4.309377
965.76416 -21.685068
966.136292 -39.065895
966.508423 -71.358246
966.880371 15.542327
967.252319 55.22567
967.624207 15.542327
967.996094 75.057503
968.367737 77.535919
968.739441 5.617309
969.111084 40.347538
969.482666 32.90694
969.854248 -96.210716
970.225586 27.946159
970.596985 0.654107
970.968323 -39.065895
971.339661 15.542327
971.710754 22.984966
972.081909 -31.616358
972.453064 -21.685068
972.824097 55.22567
973.194946 -16.720118
973.565918 0.654107
973.936768 -31.616358
974.307556 -39.065895
974.678284 -53.967815
975.048828 45.307281
975.419495 -31.616358
975.790039 -24.167767
976.160522 27.946159
976.530884 -44.032738
976.901245 27.946159
977.271606 -11.755454
977.641846 18.02322
978.012024 15.542327
978.382019 -21.685068
978.752136 30.42667
979.122131 -14.237735
979.492065 -56.451885
979.861877 -36.582565
980.231689 -53.967815
980.60144 -31.616358
980.971191 -58.936058
981.34082 -44.032738
981.710266 -6.791343
982.079773 -46.516384
982.44928 -116.100433
982.818604 -51.48399
983.187866 45.307281
983.557129 -61.420204
983.926331 -73.843056
984.295471 0.654107
984.664612 -44.032738
985.033569 -1.827515
985.402527 18.02322
985.771362 18.02322
986.140259 10.579959
986.508911 8.098619
986.877625 72.57885
987.246277 -24.167767
987.614929 -39.065895
987.983459 0.654107
988.351807 99.838013
988.720215 -6.791343
989.088623 3.13576
989.456909 3.13576
989.825012 -16.720118
990.193115 -21.685068
990.561279 18.02322
990.929321 -46.516384
991.297302 18.02322
991.6651 -58.936058
992.03302 37.867439
992.400818 -16.720118
992.768494 -36.582565
993.136047 -63.904591
993.503723 -4.309377
993.871277 22.984966
994.23877 -16.720118
994.60614 0.654107
994.97345 -76.327972
995.340759 -6.791343
995.708008 -53.967815
996.075195 -31.616358
996.4422 -11.755454
996.809265 -41.549332
997.17627 -21.685068
997.543152 -26.65057
997.910095 -6.791343
998.276733 -71.358246
998.643494 -31.616358
999.010193 18.02322
999.376831 60.184177
999.743286 -81.297981
1000.109802 60.184177
1000.476257 32.90694
1000.842651 40.347538
1001.208923 -19.202473
1001.575134 -11.755454
1001.941284 -16.720118
1002.307434 -56.451885
1002.673523 -36.582565
1003.039429 10.579959
1003.405334 27.946159
1003.771179 -68.87368
1004.137024 -34.099476
1004.502808 -76.327972
1004.868408 -1.827515
1005.234009 -71.358246
1005.599609 -14.237735
1005.965149 -44.032738
1006.330444 -81.297981
1006.695862 -51.48399
1007.061218 -19.202473
1007.426453 30.42667
1007.791626 -31.616358
1008.156677 3.13576
1008.521729 -24.167767
1008.88678 -98.696594
1009.251709 -1.827515
1009.616577 -63.904591
1009.981384 5.617309
1010.34613 18.02322
1010.710754 -46.516384
1011.075439 -31.616358
1011.439941 -56.451885
1011.804443 -6.791343
1012.168884 -11.755454
1012.533325 -73.843056
1012.897522 -71.358246
1013.26178 -73.843056
1013.626038 8.098619
1013.990112 5.617309
1014.354187 0.654107
1014.71814 -66.389084
1015.082153 -34.099476
1015.446045 -49.000134
1015.809937 15.542327
1016.173523 42.827393
1016.53717 3.13576
1016.900879 -53.967815
1017.264404 -39.065895
1017.627991 -61.420204
1017.991333 -58.936058
1018.354675 -71.358246
1018.718018 -46.516384
1019.081299 -14.237735
1019.444397 32.90694
1019.807495 -56.451885
1020.170593 -19.202473
1020.533691 -21.685068
1020.896606 -56.451885
1021.25946 -61.420204
1021.622253 -153.41214
1021.985046 -16.720118
1022.347778 -24.167767
1022.710327 -4.309377
1023.072876 -31.616358
1023.435364 -61.420204
1023.797852 70.100098
1024.160278 -78.812859
1024.522461 -41.549332
1024.884766 -103.668663
1025.246948 -11.755454
1025.609131 0.654107
1025.971069 -44.032738
1026.33313 -49.000134
1026.694946 45.307281
1027.056885 92.404945
1027.418823 13.061195
1027.780396 -56.451885
1028.14209 -9.273415
1028.503784 -88.753876
1028.865479 -46.516384
1029.226807 -68.87368
1029.588135 -26.65057
1029.949707 -21.685068
1030.310913 32.90694
1030.672241 -4.309377
1031.033325 10.579959
1031.394531 13.061195
1031.755493 -4.309377
1032.116577 -56.451885
1032.477417 -31.616358
1032.838257 8.098619
1033.199097 -34.099476
1033.559937 -73.843056
1033.920654 -19.202473
1034.281128 5.617309
1034.641724 -11.755454
1035.002197 -81.297981
1035.362671 -39.065895
1035.7229 -86.268562
1036.083252 -39.065895
1036.443481 -39.065895
1036.803711 -11.755454
1037.16394 109.747238
1037.523804 27.946159
1037.883789 -14.237735
1038.243774 -11.755454
1038.603638 -1.827515
1038.963257 22.984966
1039.32312 -9.273415
1039.682861 -131.022156
