188.301102 0.0
188.764923 0.0
189.228699 -72.916748
189.692459 -85.342049
190.156158 -43.106899
190.619812 -147.50827
191.083435 28.870867
191.547043 -20.759584
192.01059 28.870867
192.474091 18.94808
192.937561 -35.656849
193.401001 4.060853
193.86441 71.024147
194.327759 18.94808
194.791077 -5.866095
195.254349 31.351336
195.717575 38.791992
196.180786 -50.558037
196.643951 4.060853
197.107071 23.909748
197.570145 31.351336
198.033203 120.578278
198.496216 -5.866095
198.959167 46.23172
199.422089 1.579239
199.884979 36.311832
200.347855 6.542363
200.810654 -38.140141
201.273422 -23.242245
201.73616 -48.074219
202.198853 -58.009991
202.661514 13.986133
203.12413 4.060853
203.5867 -50.558037
204.04924 -23.242245
204.511734 18.94808
204.974197 -72.916748
205.436615 -45.590508
205.899002 -15.794714
206.361343 31.351336
206.823654 -23.242245
207.285919 -65.462891
207.748123 1.579239
208.210327 -43.106899
208.672485 -100.255829
209.134583 -53.041824
209.596649 1.579239
210.05867 -8.348126
210.520676 -85.342049
210.982635 -48.074219
211.444534 21.428967
211.906403 -40.623535
212.36824 -50.558037
212.830048 21.428967
213.291779 -58.009991
213.753494 -30.69072
214.215179 -28.207745
214.676819 -102.741875
215.138412 -18.277029
215.59996 -33.173798
216.061493 -102.741875
216.522949 36.311832
216.984406 -40.623535
217.445801 -45.590508
217.907166 -65.462891
218.368484 51.190975
218.829773 -62.978439
219.291031 -102.741875
219.752228 -23.242245
220.213379 61.108383
220.6745 -72.916748
221.135574 -95.284058
221.596634 -95.284058
222.057648 -43.106899
222.5186 -60.494091
222.979553 -115.173447
223.44043 -45.590508
223.901276 -20.759584
224.362076 -25.72501
224.822845 -60.494091
225.283569 -82.856758
225.744278 -25.72501
226.20491 4.060853
226.665512 9.023634
227.126114 -53.041824
227.586639 13.986133
228.047119 -38.140141
228.507568 -62.978439
228.967972 -67.947449
229.428345 -45.590508
229.888687 28.870867
230.348984 -87.827324
230.809219 -75.401619
231.26944 -10.830128
231.729614 1.579239
232.189758 -53.041824
232.649841 -55.525852
233.109894 21.428967
233.569901 -10.830128
234.029892 -30.69072
234.489822 -28.207745
234.949707 -65.462891
235.409561 -5.866095
235.869385 -115.173447
236.329163 -35.656849
236.788895 -25.72501
237.248581 -60.494091
237.708237 -48.074219
238.167847 -40.623535
238.627441 11.504935
239.08696 -70.431976
239.546463 9.023634
240.00592 -70.431976
240.465332 -10.830128
240.924698 21.428967
241.384033 13.986133
241.843338 -33.173798
242.302597 16.467226
242.76181 -3.384167
243.220993 -82.856758
243.680115 -13.312368
244.139221 13.986133
244.598282 -5.866095
245.057297 9.023634
245.516266 18.94808
245.975189 26.390291
246.434082 -20.759584
246.892944 -40.623535
247.351761 -13.312368
247.810516 -28.207745
248.269272 1.579239
248.727951 53.670513
249.1866 21.428967
249.645218 6.542363
250.10379 -0.902345
250.562317 -40.623535
251.020813 -40.623535
251.479279 -35.656849
251.937668 -13.312368
252.396057 -120.146805
252.854385 36.311832
253.312683 9.023634
253.77092 18.94808
254.229126 -65.462891
254.687302 -112.686867
255.145432 6.542363
255.6035 -70.431976
256.061584 18.94808
256.519592 -77.886475
256.97757 -18.277029
257.435455 -92.798462
257.893372 -10.830128
258.351196 -30.69072
258.80899 -25.72501
259.266754 -30.69072
259.724487 -45.590508
260.18219 -0.902345
260.639832 9.023634
261.097443 -25.72501
261.554993 -5.866095
262.012512 -90.312836
262.469971 -10.830128
262.927429 11.504935
263.384827 -67.947449
263.842194 -20.759584
264.29953 56.149952
264.756805 -18.277029
265.21405 41.272049
265.671234 -18.277029
266.128387 -18.277029
266.58551 -70.431976
267.042572 -45.590508
267.499573 -23.242245
267.956604 -65.462891
268.413574 -33.173798
268.870483 -13.312368
269.327362 23.909748
269.78418 -28.207745
270.240936 -30.69072
270.697693 -10.830128
271.154419 56.149952
271.611053 -48.074219
272.067688 -38.140141
272.524292 13.986133
272.980835 13.986133
273.437347 -3.384167
273.893799 -107.714157
274.35025 -20.759584
274.80661 38.791992
275.262939 1.579239
275.719238 -40.623535
276.175507 -5.866095
276.631714 -13.312368
277.087891 13.986133
277.544067 16.467226
278.000122 16.467226
278.456177 36.311832
278.912201 31.351336
279.368164 -20.759584
279.824097 11.504935
280.279968 -10.830128
280.73584 -15.794714
281.19162 -60.494091
281.6474 -0.902345
282.103149 -20.759584
282.558838 26.390291
283.014465 -13.312368
283.470062 -62.978439
283.925629 -30.69072
284.381134 -112.686867
284.836639 -20.759584
285.292053 -20.759584
285.747467 -0.902345
286.20282 23.909748
286.658142 -25.72501
287.113434 -0.902345
287.568634 21.428967
288.023804 -137.557129
288.478973 -25.72501
288.934113 -38.140141
289.38913 -43.106899
289.844208 -40.623535
290.299164 -45.590508
290.754089 -105.22789
291.208984 -102.741875
291.663879 -72.916748
292.118683 11.504935
292.573456 -50.558037
293.028198 -65.462891
293.482849 36.311832
293.937561 -62.978439
294.392151 -62.978439
294.846741 -90.312836
295.301239 28.870867
295.755737 -30.69072
296.210175 -60.494091
296.664581 4.060853
297.118958 -53.041824
297.573242 -0.902345
298.027557 -18.277029
298.481812 -43.106899
298.935974 -58.009991
299.390137 -30.69072
299.844238 -18.277029
300.29834 -8.348126
300.75235 -25.72501
301.20636 -13.312368
301.660278 9.023634
302.114197 -28.207745
302.568054 -92.798462
303.021881 16.467226
303.475677 -137.557129
303.929413 -87.827324
304.383118 -53.041824
304.836761 -10.830128
305.290375 -90.312836
305.743958 28.870867
306.19751 -72.916748
306.65097 -30.69072
307.104431 -120.146805
307.5578 9.023634
308.011169 4.060853
308.464508 -10.830128
308.917755 18.94808
309.371063 1.579239
309.824219 78.459862
310.277374 -72.916748
310.730499 -30.69072
311.183563 58.629284
311.636597 -28.207745
312.089569 -65.462891
312.542511 13.986133
312.995422 56.149952
313.448273 -62.978439
313.901093 -30.69072
314.353882 11.504935
314.80658 4.060853
315.259308 -30.69072
315.711975 -43.106899
316.164581 21.428967
316.617126 36.311832
317.069672 -65.462891
317.522156 -18.277029
317.974579 31.351336
318.427002 -25.72501
318.879333 33.83157
319.331665 -10.830128
319.783936 -65.462891
320.236176 -10.830128
320.688354 33.83157
321.140503 11.504935
321.592651 -28.207745
322.044647 -28.207745
322.496704 9.023634
322.948639 -28.207745
323.400604 -65.462891
323.852509 -105.22789
324.304352 -65.462891
324.756165 -23.242245
325.207916 -77.886475
325.659668 -50.558037
326.111328 -33.173798
326.562988 1.579239
327.014557 23.909748
327.466156 38.791992
327.917664 -62.978439
328.36911 85.894653
328.820557 -23.242245
329.271942 98.284012
329.723297 -0.902345
330.174561 28.870867
330.625854 -18.277029
331.077026 -0.902345
331.528229 -8.348126
331.97937 58.629284
332.43045 61.108383
332.8815 -35.656849
333.332489 -77.886475
333.783478 56.149952
334.234406 4.060853
334.685303 36.311832
335.136078 -23.242245
335.586914 48.711464
336.037659 38.791992
336.488342 6.542363
336.939026 -132.58226
337.389648 -80.371559
337.84024 -45.590508
338.290771 -67.947449
338.741272 -13.312368
339.191681 -10.830128
339.64212 -43.106899
340.092468 -28.207745
340.542816 16.467226
340.993103 -45.590508
341.443329 -25.72501
341.893555 4.060853
342.343689 -70.431976
342.793793 4.060853
343.243866 -38.140141
343.693878 -40.623535
344.14389 -25.72501
344.593842 -13.312368
345.043732 -40.623535
345.493591 1.579239
345.943359 -40.623535
346.393158 -62.978439
346.842896 -38.140141
347.292542 -15.794714
347.742218 21.428967
348.191803 -43.106899
348.641357 -20.759584
349.090881 -48.074219
349.540314 -82.856758
349.989777 -25.72501
350.439148 9.023634
350.888489 -62.978439
351.337799 6.542363
351.787048 -62.978439
352.236267 -15.794714
352.685425 11.504935
353.134552 -3.384167
353.583649 -60.494091
354.032684 -23.242245
354.481659 4.060853
354.930634 13.986133
355.379517 -90.312836
355.82843 -35.656849
356.277222 -50.558037
356.726013 -3.384167
357.174774 -65.462891
357.623444 -43.106899
358.072113 -8.348126
358.520721 -58.009991
358.969299 -10.830128
359.417786 6.542363
359.866302 56.149952
360.314697 -5.866095
360.763123 -38.140141
361.211456 -58.009991
361.65976 -13.312368
362.108032 21.428967
362.556244 -10.830128
363.004456 1.579239
363.452576 -3.384167
363.900696 4.060853
364.348663 -40.623535
364.796722 -80.371559
365.24469 6.542363
365.692596 -30.69072
366.140472 -72.916748
366.588287 -33.173798
367.036102 -33.173798
367.483826 -105.22789
367.931549 -45.590508
368.379181 -13.312368
368.826843 43.751869
369.274384 -15.794714
369.721924 -23.242245
370.169403 56.149952
370.616821 -95.284058
371.06427 43.751869
371.511566 -75.401619
371.958923 -43.106899
372.406158 -3.384167
372.853424 -110.200523
373.300568 4.060853
373.747711 -72.916748
374.194794 -30.69072
374.641846 53.670513
375.088898 -97.76989
375.535828 11.504935
375.982758 -33.173798
376.429596 -28.207745
376.876465 -38.140141
377.323242 -62.978439
377.769989 28.870867
378.216675 -28.207745
378.66333 -55.525852
379.109985 41.272049
379.556519 56.149952
380.003052 -55.525852
380.449524 -53.041824
380.895996 -23.242245
381.342377 -77.886475
381.788727 -5.866095
382.235046 -18.277029
382.681274 -40.623535
383.127533 6.542363
383.573669 56.149952
384.019836 -92.798462
384.465912 -15.794714
384.911957 -70.431976
385.357971 -33.173798
385.803925 -8.348126
386.249847 -28.207745
386.695679 -3.384167
387.141541 -38.140141
387.587311 28.870867
388.033051 48.711464
388.478729 21.428967
388.924408 -48.074219
389.369995 -60.494091
389.815552 31.351336
390.261078 -43.106899
390.706543 4.060853
391.152008 -5.866095
391.597351 31.351336
392.042725 -60.494091
392.487976 21.428967
392.933289 -28.207745
393.378479 -10.830128
393.823639 -53.041824
394.268768 -35.656849
394.713837 -0.902345
395.158905 33.83157
395.603851 83.41658
396.048798 73.502869
396.493683 58.629284
396.938568 150.291321
397.383392 31.351336
397.828156 68.545326
398.272888 -13.312368
398.71756 28.870867
399.162201 21.428967
399.606781 115.624748
400.051361 48.711464
400.495819 88.372757
400.940308 80.938271
401.384705 170.091827
401.829102 105.716347
402.273438 75.981476
402.717682 189.886032
403.161926 212.146927
403.60611 182.463989
404.050293 224.510498
404.494385 249.230331
404.938446 229.455338
405.382477 271.469696
405.826447 202.254211
406.270386 370.216156
406.714233 303.579315
407.158081 372.682861
407.601868 444.175293
408.045624 454.030212
408.489319 466.346527
408.933014 498.358032
409.376617 668.004761
409.82019 682.736145
410.263702 739.177185
410.707184 837.224365
411.150635 866.611328
411.594025 873.956299
412.037384 1076.861206
412.480682 1128.107666
412.923981 1150.05957
413.367126 1174.442993
413.810333 1437.276611
414.253479 1529.540527
414.696533 1604.728271
415.139587 1653.198608
415.582581 1747.63147
416.025543 1832.285645
416.468414 1998.921753
416.911285 2210.96875
417.354065 2355.250732
417.796875 2494.500977
418.239594 2604.789307
418.682281 2822.58252
419.124908 2875.159912
419.567505 3030.334961
420.010071 3299.515625
420.452545 3344.70459
420.89502 3586.956055
421.337372 3866.502197
421.779785 4131.155762
422.222107 4366.910645
422.664368 4628.013672
423.106628 4773.592773
423.548798 4944.762695
423.990967 5253.635254
424.433044 5449.769531
424.875092 5564.03125
425.317078 5731.72998
425.759064 6050.182129
426.200989 6330.757324
426.642853 6582.964844
427.084686 6846.200195
427.526459 7143.415039
427.968201 7318.195313
428.409912 7685.385254
428.851563 7932.657227
429.293121 8227.405273
429.734711 8432.65918
430.176239 8849.053711
430.617706 9026.149414
431.059113 8958.063477
431.500488 9438.50293
431.941833 9867.709961
432.383087 9953.398438
432.824341 10394.588867
433.265533 10917.405273
433.706726 10686.505859
434.147827 11246.359375
434.588867 11498.782227
435.029877 11766.423828
435.470825 12147.108398
435.911804 12371.579102
436.352661 12731.066406
436.793518 13030.136719
437.234283 13253.605469
437.675049 13521.020508
438.115723 14013.051758
438.556396 14134.25293
438.99704 14719.657227
439.437561 14658.091797
439.878113 15031.69043
440.318573 15303.932617
440.759033 15948.626953
441.199341 16483.0
441.639709 16220.259766
442.079956 16802.519531
442.520264 17180.957031
442.96051 17266.25
443.400604 17602.988281
443.840759 17611.732422
444.280762 17941.849609
444.720825 18011.804688
445.160767 18182.3125
445.600739 18536.443359
446.040558 18427.142578
446.480438 18158.265625
446.920258 18438.072266
447.359955 18361.5625
447.799713 18512.396484
448.239319 17930.919922
448.678955 17869.708984
449.1185 18228.216797
449.558014 17524.277344
449.997498 17434.630859
450.436951 16929.412109
450.876343 17030.039063
451.315674 16134.842773
451.754974 15939.863281
452.194183 15551.844727
452.633392 15104.163086
453.07251 14680.081055
453.511688 14250.992188
453.950684 13408.34668
454.38974 13185.041992
454.828735 12901.701172
455.267639 12364.916016
455.706543 11699.553711
456.145325 11478.691406
456.584137 10892.761719
457.022858 10590.009766
457.461578 10162.901367
457.900208 9716.503906
458.338867 9393.24707
458.777405 9037.495117
459.215912 8612.570313
459.654388 8373.395508
460.092773 8227.405273
460.531189 7687.676758
460.969513 7802.210449
461.407806 7384.825684
461.846008 7237.734375
462.284241 6949.958984
462.722351 6640.739258
463.160461 6813.902344
463.598541 6409.482422
464.03653 6235.758301
464.474518 6330.757324
464.912384 5989.810059
465.350281 5722.418945
465.788086 5543.052734
466.225891 5440.436523
466.663605 5241.950684
467.101318 5008.007324
467.539001 4900.23584
467.976563 5026.740723
468.414124 4787.670898
468.851593 4679.692383
469.289063 4618.615234
469.72644 4376.330566
470.163849 4275.026367
470.601135 4371.620605
471.038422 4190.14209
471.475677 3982.368164
471.912811 3909.079834
472.350006 3769.456055
472.787048 3759.983398
473.224121 3686.541016
473.661072 3572.721436
474.098053 3435.021973
474.534943 3389.873535
474.971802 3394.626953
475.40863 3289.999512
475.845367 3118.554932
476.282104 3135.236084
476.71875 3070.878174
477.155426 3018.407227
477.591949 2965.907715
478.028503 3004.092041
478.464966 2970.681641
478.901428 2920.544434
479.33786 2836.924316
479.77417 2927.708252
480.21051 2844.094971
480.646698 2865.602295
481.082947 2736.482666
481.519073 2836.924316
481.9552 2681.433594
482.391266 2645.514404
482.827301 2760.407471
483.263306 2669.461914
483.699188 2695.797363
484.135101 2638.329102
484.570923 2645.514404
485.006744 2659.884033
485.442413 2592.808105
485.878174 2621.560791
486.313782 2580.825195
486.74939 2633.53833
487.184998 2554.456787
487.620453 2669.461914
488.055939 2640.724121
488.491333 2573.634277
488.926727 2611.977295
489.36203 2585.618164
489.797302 2655.094482
490.232513 2748.445801
490.667755 2896.660645
491.102905 2882.327148
491.537964 2889.494385
491.973022 2956.359619
492.40799 2942.035156
492.842957 3089.951904
493.277832 3218.600342
493.712738 3235.264648
494.147491 3313.78833
494.582275 3368.480713
495.017029 3546.620605
495.45166 3594.072266
495.886292 3714.976318
496.320831 3608.303711
496.755402 3887.792969
497.18985 4001.273438
497.624298 3932.726563
498.058655 4227.876465
498.493042 4192.500488
498.927368 4414.000977
499.361572 4472.836426
499.795807 4649.157715
500.229919 4949.44873
500.664063 4968.190918
501.098083 5244.288086
501.532104 5349.408203
501.966064 5508.080078
502.399994 5545.384277
502.833893 5785.250977
503.2677 5892.222168
503.701477 6059.467773
504.135193 6143.005371
504.568909 6499.723145
505.002502 6522.851563
505.436127 6770.057129
505.869629 6906.160156
506.303162 7200.93457
506.736603 7426.165527
507.169983 7469.787109
507.603363 7692.260742
508.036621 8284.451172
508.46994 8195.449219
508.903107 8293.577148
509.336304 8457.724609
509.769379 8785.425781
510.202484 8958.063477
510.635529 8919.464844
511.068481 9524.447266
511.501434 9377.40625
511.934265 9666.818359
512.367126 10093.101563
512.799927 9892.519531
513.232605 10075.082031
513.665344 10711.180664
514.097961 10856.911133
514.530579 11085.323242
514.963135 11029.369141
515.395691 11208.352539
515.828064 11485.387695
516.260498 11788.708984
516.692871 11641.576172
517.125183 11986.919922
517.557373 12162.672852
517.989624 12422.65918
518.421753 12440.422852
518.853943 12529.214844
519.286072 12864.040039
519.718018 12945.999023
520.150024 13054.486328
520.581909 13233.702148
521.013855 13227.067383
521.445679 13501.141602
521.877502 13766.05957
522.309204 13717.511719
522.740906 14147.469727
523.172546 13911.637695
523.604187 14154.078125
524.035767 14072.557617
524.467224 14424.908203
524.898682 14396.294922
525.330078 14334.661133
525.761475 14730.648438
526.192749 14724.053711
526.624023 14642.698242
527.055237 14695.472656
527.486389 15058.047852
527.917542 15029.495117
528.348572 15080.007813
528.779663 15319.292969
529.210571 15422.421875
529.641541 15330.266602
530.072388 15374.15332
530.503235 15507.977539
530.934082 15534.297852
531.364746 15314.904297
531.795532 15582.546875
532.226135 15764.529297
532.656738 15689.992188
533.08728 15856.588867
533.517822 15979.301758
533.948242 15808.368164
534.378662 15955.199219
534.809082 15981.495117
535.239319 16082.272461
535.669617 16137.033203
536.099792 16071.318359
536.529968 16524.589844
536.960083 16150.175781
537.390137 16204.928711
537.82019 16165.507813
538.250183 16452.353516
538.680115 16150.175781
539.109985 16461.109375
539.539795 16373.540039
539.969543 16708.429688
540.399292 16566.175781
540.828979 16447.974609
541.258606 16528.966797
541.688171 16454.542969
542.117737 16555.234375
542.547302 16568.365234
542.976685 16579.308594
543.406128 16684.357422
543.835388 16763.134766
544.264771 16496.134766
544.69397 16644.966797
545.12323 16629.646484
545.552307 16588.0625
545.981506 16658.097656
546.410583 16607.761719
546.839539 16833.150391
547.268555 16647.154297
547.697449 16769.699219
548.126282 16723.748047
548.555054 16986.291016
548.983887 16485.189453
549.412598 16693.109375
549.841309 16577.121094
550.269958 16513.646484
550.698486 16756.568359
551.127075 16507.078125
551.555481 16601.197266
551.983948 16397.623047
552.412292 16653.71875
552.840698 16833.150391
553.26886 16789.390625
553.697205 16511.455078
554.125366 16767.509766
554.553467 16905.349609
554.981628 16693.109375
555.409607 17027.851563
555.837646 16813.458984
556.265564 17152.525391
556.693481 17176.583984
557.121338 16953.476563
557.549133 17001.601563
557.976929 16918.474609
558.404602 17264.0625
558.832275 17209.388672
559.259888 17213.763672
559.687439 17432.441406
560.114929 17349.347656
560.542419 17421.509766
560.969788 17364.65625
561.397156 17266.25
561.824524 17290.304688
562.25177 17176.583984
562.679016 17100.033203
563.10614 17366.841797
563.533264 17086.910156
563.960327 16896.597656
564.387329 16957.851563
564.814331 16992.851563
565.241272 16717.181641
565.668213 16905.349609
566.094971 16524.589844
566.52179 16432.652344
566.948425 16563.988281
567.375183 16454.542969
567.801819 16347.264648
568.228394 16165.507813
568.654846 16196.169922
569.081421 16211.5
569.507874 15970.539063
569.934265 15959.583984
570.360596 15933.288086
570.786865 15562.80957
571.213074 15650.525391
571.639282 15928.905273
572.06543 15608.862305
572.491516 15466.299805
572.917603 15134.904297
573.343567 15148.078125
573.769531 15207.354492
574.195435 15367.571289
574.621277 15159.056641
575.047119 15084.399414
575.472839 14996.548828
575.89856 14759.227539
576.324158 15075.614258
576.749817 14717.458008
577.175293 14574.519531
577.60083 14691.075195
578.026306 14523.922852
578.451721 14523.922852
578.877136 14253.193359
579.302429 14323.654297
579.727661 14211.349609
580.152832 14068.148438
580.578064 14125.439453
581.003113 14118.829102
581.428223 13885.174805
581.853271 13971.167969
582.278198 13721.927734
582.703125 13777.09082
583.12793 13821.211914
583.552795 13717.511719
583.977539 13856.503906
584.402283 13571.814453
584.826965 13604.936523
585.251587 13353.094727
585.676208 13313.304688
586.100647 13618.18457
586.525208 13313.304688
586.949524 13231.490234
587.373962 13105.391602
587.798218 13288.985352
588.222534 12974.786133
588.646729 13187.253906
589.070984 12833.022461
589.495117 12906.130859
589.919128 12673.415039
590.343201 12380.463867
590.767151 12635.711914
591.191101 12562.501953
591.61499 12671.198242
592.038818 12558.0625
592.462524 12173.791992
592.886292 12213.811523
593.310059 12127.092773
593.733582 12344.923828
594.157227 12104.850586
594.58075 12080.379883
595.004272 11748.594727
595.427673 11942.398438
595.851074 12038.106445
596.274353 11937.946289
596.697632 11826.586914
597.120911 11241.888672
597.544067 11565.732422
597.967224 11369.266602
598.39032 11572.425781
598.813354 11521.101563
599.236328 11201.642578
599.659241 11286.59375
600.082153 11040.5625
600.505005 10957.72168
600.927795 11000.266602
601.350525 11132.308594
601.773254 11004.744141
602.195862 10634.898438
602.618408 10720.152344
603.040955 10706.695313
603.46344 10430.546875
603.885925 10708.9375
604.30835 10435.041016
604.730652 10367.615234
605.152893 10291.161133
605.575195 10331.641602
605.997375 10423.804688
606.419495 10219.169922
606.841553 10237.169922
607.263672 10057.060547
607.685608 9928.599609
608.107605 10041.290039
608.52948 9987.209961
608.951294 9822.59082
609.373108 9754.884766
609.7948 9763.913086
610.216553 9664.55957
610.638123 9599.040039
611.059753 9420.40332
611.481262 9490.527344
611.902832 9415.87793
612.324219 9390.984375
612.745605 9381.932617
613.166931 9273.253906
613.588196 9227.947266
614.00946 9284.577148
614.430664 9062.449219
614.851807 9128.217773
615.272827 9196.22168
615.693909 8796.789063
616.114929 8960.333008
616.535889 8717.219727
616.956787 8730.862305
617.377563 8560.21582
617.79834 8655.804688
618.219055 8658.080078
618.639832 8389.354492
619.060364 8505.563477
619.481018 8309.543945
619.901611 8147.498535
620.322083 8097.248535
620.742493 8040.121094
621.162842 7827.394043
621.583191 7866.305664
622.003418 7499.625488
622.423706 7527.161621
622.843872 7524.867188
623.264038 7481.26416
623.684143 7251.53125
624.104126 7265.32666
624.52417 7217.036133
624.944031 7177.929688
625.364014 6973.004395
625.783752 7037.510742
626.203552 6790.828125
626.62323 6659.221191
627.042969 6691.558105
627.462585 6411.796875
627.882141 6418.740723
628.301697 6421.055176
628.72113 6323.809082
629.140625 6163.880371
629.559998 6115.165527
629.979309 6024.644531
630.39856 6013.03418
630.81781 6052.503906
631.237 5885.249023
631.656067 5666.541504
632.075195 5699.140137
632.494202 5729.401855
632.913208 5480.094727
633.332092 5596.657715
633.750977 5487.091309
634.169739 5354.078125
634.588562 5398.432617
635.007263 5258.309082
635.425964 5129.716797
635.844543 5167.140137
636.263123 5190.523438
636.681641 5045.469727
637.100037 4888.515625
637.518494 4874.449219
637.936829 4923.672852
638.355164 4745.430664
638.773438 4653.855469
639.19165 4618.615234
639.609863 4628.013672
640.027893 4679.692383
640.445984 4670.297363
640.863953 4475.188965
641.281921 4679.692383
641.699829 4454.012695
642.117676 4397.521484
642.535461 4324.511719
642.953247 4331.579102
643.370972 4166.550781
643.788635 4192.500488
644.206177 4270.312012
644.623718 4227.876465
645.04126 4041.435303
645.458618 4041.435303
645.876099 4034.349365
646.293396 4053.244873
646.710693 3954.004395
647.127991 3812.07251
647.545166 3812.07251
647.962341 3802.60376
648.379333 3759.983398
648.796448 3662.838623
649.213379 3700.759521
649.63031 3515.765137
650.04718 3613.047119
650.463989 3567.976318
650.880859 3416.014893
651.297546 3499.146729
651.714233 3356.593018
652.130859 3475.401855
652.547485 3347.082764
652.963928 3406.509521
653.380432 3370.857666
653.796814 3190.025879
654.213196 3254.306152
654.629578 3161.443604
655.045837 3142.384033
655.462036 3109.02124
655.878174 2989.775146
656.294312 3054.185791
656.710327 3018.407227
657.126404 2951.584961
657.542358 2887.105225
657.958252 2834.534424
658.374084 3047.031494
658.789917 2925.320557
659.205688 2746.053223
659.621338 2817.801025
660.037048 2834.534424
660.452637 2736.482666
660.868164 2722.125488
661.283691 2595.204102
661.699158 2583.22168
662.114502 2552.059082
662.529846 2528.081055
662.945129 2547.264404
663.360413 2568.840088
663.775635 2566.443359
664.190674 2460.908447
664.605835 2554.456787
665.020813 2405.693848
665.435791 2408.095215
665.850769 2251.872803
666.265625 2304.778809
666.68042 2177.269043
667.095215 2184.491699
667.509949 2189.306396
667.924622 2227.813965
668.339233 2032.691772
668.753784 2078.500977
669.168335 2117.058105
669.582825 2049.571777
669.997192 2008.571899
670.41156 2042.338013
670.825867 1984.444824
671.240173 1914.437866
671.654358 1907.192505
672.068481 1969.965576
672.482605 1834.703003
672.896667 1822.615356
673.310669 1822.615356
673.724609 1808.107788
674.138489 1837.120361
674.552307 1766.988647
674.966064 1735.530884
675.379822 1612.000854
675.793579 1762.150024
676.207153 1641.08374
676.620789 1575.631958
677.034241 1561.079834
677.447754 1580.481812
677.861206 1495.561523
678.274597 1590.181396
678.687866 1466.424438
679.101135 1417.838623
679.514404 1488.278198
679.927551 1456.709839
680.340698 1456.709839
680.753723 1488.278198
681.166748 1398.39563
681.579712 1393.534302
681.992615 1471.281372
682.405457 1442.135498
682.818298 1369.222046
683.231018 1323.00769
683.643738 1281.633911
684.056335 1164.69043
684.468994 1206.12915
684.881531 1220.748901
685.293945 1123.22876
685.706482 1318.141235
686.118774 1245.109009
686.531128 1181.756226
686.943481 1184.193848
687.355713 1125.668335
687.767883 1213.439209
688.179932 1218.312378
688.592041 1162.252075
689.004089 1069.537231
689.416016 1103.709106
689.827881 1108.5896
690.239868 1103.709106
690.651611 1018.249084
691.063354 988.925171
691.475098 986.480957
691.886719 1108.5896
692.29834 947.362183
692.7099 957.144043
693.12146 966.924255
693.532837 988.925171
693.944214 922.9021
694.355652 881.300171
694.766846 1013.362549
695.178101 900.880676
695.589294 771.057922
696.000366 932.687134
696.411438 822.526245
696.82251 837.224365
697.233459 866.611328
697.644409 827.425781
698.055298 795.571228
698.466064 790.669434
698.876831 802.923706
699.287537 665.549133
699.698181 795.571228
700.108826 788.218323
700.519348 822.526245
700.92981 775.961121
701.340271 829.87561
701.750732 773.509644
702.161011 729.364624
702.57135 783.315613
702.981567 746.535461
703.391724 653.270081
703.80188 714.643311
704.211914 690.10083
704.621948 628.704895
705.031921 540.195435
705.441895 606.588562
705.851746 623.79071
706.261536 616.419067
706.671265 633.618652
707.081055 692.555237
707.490662 618.876465
707.90033 554.955444
708.309814 616.419067
708.719299 584.465088
709.128784 550.035828
709.538147 545.115784
709.94751 483.585449
710.35675 446.639191
710.766052 567.252686
711.175171 493.434113
711.58429 510.665894
711.993347 540.195435
712.402405 500.819855
712.811401 458.956848
713.220276 498.358032
713.62915 478.660431
714.037964 461.420166
714.446777 446.639191
714.855408 412.136902
715.264099 458.956848
715.672668 454.030212
716.081177 468.80954
716.489746 518.049683
716.898132 419.531921
717.306519 429.39035
717.714844 431.854797
718.123108 402.275818
718.531372 417.067017
718.939514 426.925842
719.347595 429.39035
719.755676 456.493469
720.163696 372.682861
720.571716 380.082458
720.979614 367.749603
721.387451 303.579315
721.795227 387.480927
722.202942 348.011871
722.610718 380.082458
723.018311 291.231476
723.425903 306.048645
723.833374 320.862305
724.240906 303.579315
724.648376 315.924988
725.055725 291.231476
725.463013 308.517883
725.8703 259.11554
726.277466 241.81543
726.684631 313.456055
727.091797 338.140564
727.498779 254.173203
727.905823 187.412079
728.312805 239.343552
728.719666 207.200699
729.126526 246.758743
729.533264 261.586609
729.940063 246.758743
730.34668 301.110168
730.753357 241.81543
731.159851 231.927475
731.566406 226.982971
731.9729 239.343552
732.379272 291.231476
732.785645 259.11554
733.191895 236.871704
733.598206 256.644348
734.004333 222.037918
734.410522 207.200699
734.816528 199.780746
735.222656 310.987
735.628662 217.092621
736.034546 204.727432
736.44043 256.644348
736.846252 239.343552
737.252014 246.758743
737.657715 276.410828
738.063354 189.886032
738.468933 222.037918
738.874512 187.412079
739.280029 231.927475
739.685486 95.806313
740.090881 179.989731
740.496216 197.30719
740.90155 241.81543
741.306702 192.359909
741.711914 177.515503
742.117004 157.717285
742.522095 182.463989
742.927124 165.142334
743.332031 120.578278
743.737 115.624748
744.141785 170.091827
744.546631 140.388596
744.951355 157.717285
745.356079 189.886032
745.76062 187.412079
746.165283 204.727432
746.569824 140.388596
746.974243 137.912628
747.378723 63.587513
747.78302 142.864471
748.187378 177.515503
748.591614 184.938156
748.99585 137.912628
749.399963 145.340088
749.804077 179.989731
750.20813 165.142334
750.612122 152.7668
751.016052 125.531532
751.419922 147.815765
751.823792 137.912628
752.227478 145.340088
752.631226 135.436691
753.034851 73.502869
753.438477 142.864471
753.842102 103.23896
754.245544 71.024147
754.648987 113.147766
755.052368 110.670685
755.45575 100.761604
755.859009 80.938271
756.262268 108.193634
756.665405 56.149952
757.068542 56.149952
757.47168 135.436691
757.874634 36.311832
758.277588 83.41658
758.68042 46.23172
759.083374 58.629284
759.486084 61.108383
759.888916 71.024147
760.291504 58.629284
760.694214 31.351336
761.096802 73.502869
761.499268 73.502869
761.901733 43.751869
762.304199 48.711464
762.706543 123.054955
763.108826 93.328651
763.511108 18.94808
763.913208 18.94808
764.315369 26.390291
764.717529 105.716347
765.119568 78.459862
765.521545 26.390291
765.923462 58.629284
766.325317 83.41658
766.727112 41.272049
767.128845 85.894653
767.530518 66.066536
767.932251 26.390291
768.333862 85.894653
768.735413 147.815765
769.136841 61.108383
769.538269 41.272049
769.939636 13.986133
770.341003 28.870867
770.742249 123.054955
771.143433 1.579239
771.544617 26.390291
771.94574 33.83157
772.346802 4.060853
772.747803 -5.866095
773.148682 -8.348126
773.549622 73.502869
773.950439 48.711464
774.351196 23.909748
774.751892 33.83157
775.152588 46.23172
775.553162 68.545326
775.953735 6.542363
776.354309 6.542363
776.754639 128.007874
777.15509 90.850754
777.55542 53.670513
777.95575 9.023634
778.355896 51.190975
778.756104 38.791992
779.156189 33.83157
779.556274 -0.902345
779.956299 75.981476
780.356201 -15.794714
780.756165 18.94808
781.156006 46.23172
781.555786 -8.348126
781.955505 -23.242245
782.355225 38.791992
782.754761 31.351336
783.154358 -45.590508
783.553894 36.311832
783.953369 33.83157
784.352783 -33.173798
784.752075 33.83157
785.151367 21.428967
785.550598 -15.794714
785.949768 80.938271
786.348877 56.149952
786.747986 23.909748
787.147034 51.190975
787.545959 -8.348126
787.944885 63.587513
788.34375 38.791992
788.742493 46.23172
789.141235 -13.312368
789.539917 33.83157
789.938538 -0.902345
790.337158 61.108383
790.735718 -38.140141
791.134094 56.149952
791.532532 61.108383
791.930847 18.94808
792.329224 21.428967
792.727417 38.791992
793.12561 11.504935
793.523682 -62.978439
793.921753 -23.242245
794.319824 46.23172
794.717773 41.272049
795.115723 -25.72501
795.51355 31.351336
795.911377 11.504935
796.309082 36.311832
796.706787 75.981476
797.10437 46.23172
797.501953 26.390291
797.899536 1.579239
798.296936 -13.312368
798.694397 -62.978439
799.091736 31.351336
799.489014 75.981476
799.88623 -45.590508
800.283447 26.390291
800.680542 28.870867
801.077637 -125.12072
801.47467 -60.494091
801.871643 63.587513
802.268555 -18.277029
802.665405 -58.009991
803.062256 -87.827324
803.458923 -82.856758
803.855652 -50.558037
804.252258 -15.794714
804.648804 -30.69072
805.04541 11.504935
805.441833 66.066536
805.838257 -35.656849
806.234619 4.060853
806.630859 23.909748
807.0271 -13.312368
807.423279 -60.494091
807.819458 68.545326
808.215515 41.272049
808.611572 41.272049
809.007507 66.066536
809.403381 48.711464
809.799194 16.467226
810.195068 -3.384167
810.590759 -20.759584
810.98645 9.023634
811.38208 4.060853
811.777649 -13.312368
812.173157 -23.242245
812.568665 -13.312368
812.96405 -20.759584
813.359375 -20.759584
813.754639 1.579239
814.149841 -62.978439
814.545105 36.311832
814.940186 -35.656849
815.335266 -20.759584
815.730347 -43.106899
816.125244 4.060853
816.520203 -67.947449
816.914978 -55.525852
817.309753 -58.009991
817.704468 -55.525852
818.099182 28.870867
818.493774 -55.525852
818.888367 4.060853
819.282898 -10.830128
819.677307 -23.242245
820.071716 -10.830128
820.466003 53.670513
820.860291 -23.242245
821.254517 -65.462891
821.648743 -67.947449
822.042786 38.791992
822.43689 -85.342049
822.830872 9.023634
823.224792 -8.348126
823.618774 16.467226
824.012512 41.272049
824.406311 -15.794714
824.799988 -33.173798
825.193665 -18.277029
825.58728 -13.312368
825.980835 -72.916748
826.374329 -50.558037
826.767761 -77.886475
827.161194 -13.312368
827.554443 31.351336
827.947754 -67.947449
828.340942 -18.277029
828.734131 -48.074219
829.127136 6.542363
829.520264 -65.462891
829.913208 -53.041824
830.306152 31.351336
830.699097 18.94808
831.091797 -50.558037
831.484619 -30.69072
831.877319 -28.207745
832.27002 36.311832
832.662537 -53.041824
833.055054 -33.173798
833.44751 -35.656849
833.839966 -67.947449
834.232361 -53.041824
834.624634 21.428967
835.016907 18.94808
835.409058 -107.714157
835.801208 -28.207745
836.193298 13.986133
836.585327 21.428967
836.977295 -28.207745
837.369202 66.066536
837.761047 -43.106899
838.152832 -10.830128
838.544617 18.94808
838.936218 71.024147
839.327942 -30.69072
839.719421 -38.140141
840.111023 11.504935
840.50238 -15.794714
840.89386 -60.494091
841.285217 -48.074219
841.676453 16.467226
842.067749 -80.371559
842.458862 -67.947449
842.849976 -58.009991
843.241028 -107.714157
843.632019 -43.106899
844.022949 41.272049
844.413879 -25.72501
844.804749 43.751869
845.195496 -55.525852
845.586182 16.467226
845.976807 -5.866095
846.367432 -40.623535
846.757996 9.023634
847.148499 -43.106899
847.538879 -40.623535
847.92926 -38.140141
848.319641 -18.277029
848.709839 -28.207745
849.100098 -92.798462
849.490234 -182.350845
849.88031 -3.384167
850.270325 -97.76989
850.660339 -25.72501
851.050171 -3.384167
851.440125 -15.794714
851.829895 -90.312836
852.219604 -50.558037
852.609314 -75.401619
852.998901 63.587513
853.38855 4.060853
853.778015 -35.656849
854.16748 23.909748
854.556885 -33.173798
854.946228 -58.009991
855.335571 -40.623535
855.724731 1.579239
856.113953 -87.827324
856.503052 -50.558037
856.892151 -75.401619
857.281067 -40.623535
857.670105 -127.607834
858.05896 -55.525852
858.447754 -33.173798
858.836609 -50.558037
859.225281 -45.590508
859.613892 -72.916748
860.002502 -149.996353
860.391052 -3.384167
860.779541 -48.074219
861.167969 -23.242245
861.556335 21.428967
861.944702 -30.69072
862.332947 -85.342049
862.721069 -50.558037
863.109253 -15.794714
863.497314 4.060853
863.885376 1.579239
864.273315 11.504935
864.661255 -8.348126
865.049072 11.504935
865.43689 -53.041824
865.824707 -8.348126
866.21228 -18.277029
866.599915 11.504935
866.987488 -25.72501
867.375061 -53.041824
867.762451 90.850754
868.149841 36.311832
868.53717 -62.978439
868.924438 -30.69072
869.311707 -13.312368
869.698853 -60.494091
870.085938 -67.947449
870.472961 -10.830128
870.859985 85.894653
871.246887 -105.22789
871.633789 66.066536
872.020569 -38.140141
872.407349 -10.830128
872.794067 53.670513
873.180725 -38.140141
873.567322 -50.558037
873.953796 -70.431976
874.340332 -23.242245
874.726624 -20.759584
875.113037 -100.255829
875.499329 -97.76989
875.885559 -30.69072
876.271729 41.272049
876.657898 -65.462891
877.044006 1.579239
877.429932 -48.074219
877.815918 -23.242245
878.201782 -43.106899
878.587585 16.467226
878.973389 -8.348126
879.35907 -38.140141
879.744751 28.870867
880.13031 11.504935
880.51593 1.579239
880.901367 -15.794714
881.286804 -28.207745
881.67218 9.023634
882.057434 -48.074219
882.442749 46.23172
882.827942 -65.462891
883.213013 -72.916748
883.598145 -50.558037
883.983154 51.190975
884.368042 -13.312368
884.753052 -18.277029
885.137817 16.467226
885.522644 13.986133
885.907349 -50.558037
886.292053 -58.009991
886.676636 -117.660141
887.061157 -43.106899
887.44574 -62.978439
887.830078 -38.140141
888.214539 -33.173798
888.598816 -10.830128
888.983093 23.909748
889.367249 9.023634
889.751465 -33.173798
890.135498 -23.242245
890.519531 53.670513
890.903503 73.502869
891.287415 -38.140141
891.671326 -38.140141
892.055054 -20.759584
892.438843 -67.947449
892.82251 -20.759584
893.206116 -122.633705
893.589661 4.060853
893.973206 -25.72501
894.356628 -18.277029
894.73999 -70.431976
895.123352 43.751869
895.506592 -20.759584
895.889832 -72.916748
896.272949 -0.902345
896.656067 -3.384167
897.039063 -18.277029
897.422058 -10.830128
897.804993 -18.277029
898.187866 -30.69072
898.570618 11.504935
898.953369 -13.312368
899.336121 46.23172
899.718689 -20.759584
900.101257 -30.69072
900.483704 -5.866095
900.866211 -33.173798
901.248596 -35.656849
901.63092 -82.856758
902.013184 -38.140141
902.395386 -55.525852
902.777588 -65.462891
903.159668 -30.69072
903.541687 -28.207745
903.923645 9.023634
904.305603 -82.856758
904.6875 -40.623535
905.069275 -25.72501
905.45105 26.390291
905.832642 -40.623535
906.214294 -3.384167
906.595825 -25.72501
906.977417 53.670513
907.358826 36.311832
907.740234 -50.558037
908.121582 -20.759584
908.502869 -40.623535
908.884033 -0.902345
909.265198 -18.277029
909.646301 -38.140141
910.027344 -58.009991
910.408325 -40.623535
910.789246 -3.384167
911.170105 -48.074219
911.550903 -45.590508
911.931641 -25.72501
912.312317 -38.140141
912.692932 -43.106899
913.073547 33.83157
913.453979 -18.277029
913.834473 -112.686867
914.214783 -18.277029
914.595154 9.023634
914.975464 -5.866095
915.355652 51.190975
915.73584 -10.830128
916.115845 16.467226
916.495972 -33.173798
916.875854 -15.794714
917.255859 -8.348126
917.63562 11.504935
918.015503 -18.277029
918.395203 -23.242245
918.774902 -15.794714
919.15448 -80.371559
919.534058 -5.866095
919.913574 -97.76989
920.292969 -85.342049
920.672363 -23.242245
921.051636 -0.902345
921.430969 13.986133
921.810181 -18.277029
922.189331 36.311832
922.56842 -48.074219
922.947388 18.94808
923.326416 36.311832
923.705261 26.390291
924.084106 -65.462891
924.462891 -87.827324
924.841675 -5.866095
925.220337 -20.759584
925.598938 -18.277029
925.977478 -23.242245
926.355957 -25.72501
926.734436 -0.902345
927.112732 1.579239
927.491089 6.542363
927.869324 -38.140141
928.247559 -48.074219
928.625671 -45.590508
929.003723 -40.623535
929.381775 -65.462891
929.759705 -33.173798
930.137634 -55.525852
930.515381 -0.902345
930.89325 -28.207745
931.270935 -55.525852
931.64856 -53.041824
932.026123 -70.431976
932.403687 -45.590508
932.78125 -20.759584
933.15863 1.579239
933.536011 -77.886475
933.913208 33.83157
934.290527 23.909748
934.667664 -33.173798
935.0448 -38.140141
935.421814 -18.277029
935.798889 28.870867
936.175842 -15.794714
936.552673 36.311832
936.929504 28.870867
937.306274 -48.074219
937.683044 -0.902345
938.05957 -33.173798
938.436218 18.94808
938.812744 -115.173447
939.189148 -77.886475
939.565613 -13.312368
939.941956 -75.401619
940.318237 66.066536
940.694458 -38.140141
941.070557 -92.798462
941.446655 -38.140141
941.822693 -3.384167
942.198669 -95.284058
942.574646 -92.798462
942.950562 -18.277029
943.326294 -70.431976
943.702026 9.023634
944.077698 -48.074219
944.453369 -55.525852
944.828918 6.542363
945.204468 -60.494091
945.579834 -67.947449
945.955261 -50.558037
946.330627 -18.277029
946.705811 9.023634
947.081055 -62.978439
947.456177 11.504935
947.831238 -53.041824
948.206238 -67.947449
948.581238 -0.902345
948.956116 -40.623535
949.330933 -53.041824
949.705811 -35.656849
950.080505 -77.886475
950.455139 -10.830128
950.829773 28.870867
951.204346 78.459862
951.578735 4.060853
951.953186 -15.794714
952.327515 1.579239
952.701843 -45.590508
953.076172 28.870867
953.450195 21.428967
953.824341 -45.590508
954.198486 -48.074219
954.572449 26.390291
954.94635 26.390291
955.320251 -82.856758
955.694092 -82.856758
956.067871 -60.494091
956.441589 -82.856758
956.815125 11.504935
957.188721 1.579239
957.562256 11.504935
957.93573 -53.041824
958.309021 6.542363
958.682373 -80.371559
959.055664 -28.207745
959.428955 -15.794714
959.802063 -65.462891
960.17511 -20.759584
960.548157 -62.978439
960.921143 -18.277029
961.294128 -43.106899
961.666809 -18.277029
962.039612 -80.371559
962.412415 36.311832
962.785095 -0.902345
963.157715 -43.106899
963.530151 -135.069702
963.902649 -45.590508
964.275146 -58.009991
964.647522 4.060853
965.019714 -10.830128
965.392029 -60.494091
965.76416 23.909748
966.136292 -55.525852
966.508423 -48.074219
966.880371 -23.242245
967.252319 -15.794714
967.624207 -3.384167
967.996094 -67.947449
968.367737 -75.401619
968.739441 73.502869
969.111084 58.629284
969.482666 1.579239
969.854248 -5.866095
970.225586 -13.312368
970.596985 -23.242245
970.968323 -30.69072
971.339661 -8.348126
971.710754 -85.342049
972.081909 4.060853
972.453064 -102.741875
972.824097 11.504935
973.194946 -18.277029
973.565918 -53.041824
973.936768 -105.22789
974.307556 -18.277029
974.678284 -82.856758
975.048828 -95.284058
975.419495 -5.866095
975.790039 -5.866095
976.160522 33.83157
976.530884 -35.656849
976.901245 -55.525852
977.271606 -35.656849
977.641846 -8.348126
978.012024 -18.277029
978.382019 6.542363
978.752136 61.108383
979.122131 -65.462891
979.492065 -35.656849
979.861877 83.41658
980.231689 -53.041824
980.60144 -13.312368
980.971191 18.94808
981.34082 1.579239
981.710266 -97.76989
982.079773 -15.794714
982.44928 23.909748
982.818604 -35.656849
983.187866 -38.140141
983.557129 -70.431976
983.926331 46.23172
984.295471 -53.041824
984.664612 18.94808
985.033569 -67.947449
985.402527 -70.431976
985.771362 6.542363
986.140259 -20.759584
986.508911 -58.009991
986.877625 -80.371559
987.246277 -15.794714
987.614929 -67.947449
987.983459 -90.312836
988.351807 6.542363
988.720215 -33.173798
989.088623 -95.284058
989.456909 -13.312368
989.825012 -5.866095
990.193115 -53.041824
990.561279 -5.866095
990.929321 -72.916748
991.297302 4.060853
991.6651 -55.525852
992.03302 -33.173798
992.400818 -5.866095
992.768494 -40.623535
993.136047 -60.494091
993.503723 -10.830128
993.871277 -5.866095
994.23877 -25.72501
994.60614 13.986133
994.97345 -38.140141
995.340759 -67.947449
995.708008 -87.827324
996.075195 -15.794714
996.4422 -75.401619
996.809265 -60.494091
997.17627 9.023634
997.543152 41.272049
997.910095 6.542363
998.276733 16.467226
998.643494 -28.207745
999.010193 -38.140141
999.376831 36.311832
999.743286 -82.856758
1000.109802 6.542363
1000.476257 -23.242245
1000.842651 -70.431976
1001.208923 -13.312368
1001.575134 -48.074219
1001.941284 31.351336
1002.307434 -35.656849
1002.673523 -23.242245
1003.039429 -58.009991
1003.405334 18.94808
1003.771179 -8.348126
1004.137024 -45.590508
1004.502808 -33.173798
1004.868408 -53.041824
1005.234009 -55.525852
1005.599609 -90.312836
1005.965149 -58.009991
1006.330444 -0.902345
1006.695862 23.909748
1007.061218 16.467226
1007.426453 63.587513
1007.791626 -33.173798
1008.156677 28.870867
1008.521729 38.791992
1008.88678 -10.830128
1009.251709 -30.69072
1009.616577 -58.009991
1009.981384 -70.431976
1010.34613 -38.140141
1010.710754 1.579239
1011.075439 13.986133
1011.439941 -10.830128
1011.804443 43.751869
1012.168884 -48.074219
1012.533325 4.060853
1012.897522 -35.656849
1013.26178 -8.348126
1013.626038 -0.902345
1013.990112 -3.384167
1014.354187 21.428967
1014.71814 -45.590508
1015.082153 23.909748
1015.446045 18.94808
1015.809937 -85.342049
1016.173523 -20.759584
1016.53717 1.579239
1016.900879 -43.106899
1017.264404 1.579239
1017.627991 -48.074219
1017.991333 -40.623535
1018.354675 1.579239
1018.718018 -15.794714
1019.081299 13.986133
1019.444397 -72.916748
1019.807495 -58.009991
1020.170593 -25.72501
1020.533691 -25.72501
1020.896606 -55.525852
1021.25946 11.504935
1021.622253 13.986133
1021.985046 6.542363
1022.347778 -45.590508
1022.710327 -48.074219
1023.072876 -20.759584
1023.435364 -8.348126
1023.797852 21.428967
1024.160278 31.351336
1024.522461 -53.041824
1024.884766 11.504935
1025.246948 -167.415741
1025.609131 -43.106899
1025.971069 13.986133
1026.33313 -67.947449
1026.694946 -70.431976
1027.056885 -97.76989
1027.418823 -45.590508
1027.780396 -18.277029
1028.14209 -8.348126
1028.503784 -45.590508
1028.865479 -67.947449
1029.226807 -38.140141
1029.588135 -82.856758
1029.949707 -97.76989
1030.310913 -3.384167
1030.672241 -30.69072
1031.033325 11.504935
1031.394531 -97.76989
1031.755493 11.504935
1032.116577 4.060853
1032.477417 33.83157
1032.838257 4.060853
1033.199097 -62.978439
1033.559937 -40.623535
1033.920654 9.023634
1034.281128 -48.074219
1034.641724 -35.656849
1035.002197 -67.947449
1035.362671 -20.759584
1035.7229 -8.348126
1036.083252 -58.009991
1036.443481 -97.76989
1036.803711 -50.558037
1037.16394 -62.978439
1037.523804 -55.525852
1037.883789 -20.759584
1038.243774 -5.866095
1038.603638 -60.494091
1038.963257 -30.69072
1039.32312 -67.947449
1039.682861 38.791992
