188.301102 0.0
188.764923 0.0
189.228699 -3.730546
189.692459 -55.87254
190.156158 -23.588739
190.619812 -63.325169
191.083435 -68.294075
191.547043 -45.937134
192.01059 -55.87254
192.474091 -23.588739
192.937561 83.070702
193.401001 48.365391
193.86441 78.11409
194.327759 16.120964
194.791077 -23.588739
195.254349 -6.212488
195.717575 8.677463
196.180786 18.601969
196.643951 -6.212488
197.107071 53.324471
197.570145 -83.203606
198.033203 -8.694399
198.496216 -21.106064
198.959167 -40.969997
199.422089 16.120964
199.884979 -6.212488
200.347855 -78.233292
200.810654 -65.809639
201.273422 -105.574883
201.73616 13.639855
202.198853 -31.037258
202.661514 -13.658805
203.12413 -6.212488
203.5867 11.158645
204.04924 -16.141031
204.511734 -23.588739
204.974197 -43.453514
205.436615 -40.969997
205.899002 -127.954826
206.361343 3.714518
206.823654 65.720566
207.285919 3.714518
207.748123 -11.176549
208.210327 -90.659729
208.672485 -50.904556
209.134583 -78.233292
209.596649 -36.003418
210.05867 -60.840809
210.520676 -53.388493
210.982635 -6.212488
211.444534 -38.486721
211.906403 11.158645
212.36824 -70.778755
212.830048 -70.778755
213.291779 -130.442062
213.753494 -31.037258
214.215179 50.845047
214.676819 -3.730546
215.138412 -118.007065
215.59996 -16.141031
216.061493 13.639855
216.522949 -58.356552
216.984406 -55.87254
217.445801 -13.658805
217.907166 -50.904556
218.368484 -26.071383
218.829773 -33.520218
219.291031 -21.106064
219.752228 -1.248708
220.213379 -1.248708
220.6745 -70.778755
221.135574 -113.03389
221.596634 45.885632
222.057648 -53.388493
222.5186 -36.003418
222.979553 -103.088707
223.44043 -98.116829
223.901276 -90.659729
224.362076 -105.574883
224.822845 -40.969997
225.283569 -31.037258
225.744278 3.714518
226.20491 -78.233292
226.665512 -33.520218
227.126114 -43.453514
227.586639 -8.694399
228.047119 -11.176549
228.507568 -75.748291
228.967972 -100.602646
229.428345 -16.141031
229.888687 21.082733
230.348984 -1.248708
230.809219 -16.141031
231.26944 -45.937134
231.729614 -60.840809
232.189758 -48.42086
232.649841 -1.248708
233.109894 -55.87254
233.569901 -43.453514
234.029892 -103.088707
234.489822 -53.388493
234.949707 -28.554268
235.409561 -48.42086
235.869385 -13.658805
236.329163 -36.003418
236.788895 -85.688789
237.248581 -13.658805
237.708237 -88.174202
238.167847 -18.623495
238.627441 13.639855
239.08696 -60.840809
239.546463 -18.623495
240.00592 -55.87254
240.465332 -50.904556
240.924698 -70.778755
241.384033 -70.778755
241.843338 -63.325169
242.302597 -63.325169
242.76181 -78.233292
243.220993 13.639855
243.680115 23.56353
244.139221 13.639855
244.598282 -23.588739
245.057297 -55.87254
245.516266 -95.630981
245.975189 -16.141031
246.434082 -53.388493
246.892944 -78.233292
247.351761 -68.294075
247.810516 -40.969997
248.269272 -45.937134
248.727951 -63.325169
249.1866 -58.356552
249.645218 85.548927
250.10379 43.405899
250.562317 -78.233292
251.020813 -55.87254
251.479279 -23.588739
251.937668 -40.969997
252.396057 -36.003418
252.854385 -23.588739
253.312683 -78.233292
253.77092 -28.554268
254.229126 35.965824
254.687302 -38.486721
255.145432 -40.969997
255.6035 -50.904556
256.061584 -63.325169
256.519592 8.677463
256.97757 -6.212488
257.435455 -26.071383
257.893372 13.639855
258.351196 -36.003418
258.80899 -63.325169
259.266754 1.233025
259.724487 -130.442062
260.18219 -55.87254
260.639832 -65.809639
261.097443 -75.748291
261.554993 -118.007065
262.012512 -120.493874
262.469971 -113.03389
262.927429 -80.718391
263.384827 -83.203606
263.842194 -36.003418
264.29953 -38.486721
264.756805 40.925934
265.21405 -85.688789
265.671234 -26.071383
266.128387 -73.263535
266.58551 13.639855
267.042572 13.639855
267.499573 -100.602646
267.956604 -75.748291
268.413574 11.158645
268.870483 -36.003418
269.327362 -11.176549
269.78418 68.199501
270.240936 73.156937
270.697693 26.044222
271.154419 -6.212488
271.611053 -26.071383
272.067688 -28.554268
272.524292 -60.840809
272.980835 -78.233292
273.437347 13.639855
273.893799 -63.325169
274.35025 -16.141031
274.80661 -3.730546
275.262939 -63.325169
275.719238 -40.969997
276.175507 -53.388493
276.631714 16.120964
277.087891 -23.588739
277.544067 -33.520218
278.000122 -26.071383
278.456177 -93.145233
278.912201 -83.203606
279.368164 28.524675
279.824097 13.639855
280.279968 -40.969997
280.73584 -40.969997
281.19162 -100.602646
281.6474 -60.840809
282.103149 -75.748291
282.558838 -132.929413
283.014465 -68.294075
283.470062 -16.141031
283.925629 -83.203606
284.381134 -31.037258
284.836639 -58.356552
285.292053 -3.730546
285.747467 -100.602646
286.20282 -21.106064
286.658142 -45.937134
287.113434 -78.233292
287.568634 -16.141031
288.023804 -16.141031
288.478973 -75.748291
288.934113 -28.554268
289.38913 -26.071383
289.844208 -75.748291
290.299164 -98.116829
290.754089 -90.659729
291.208984 3.714518
291.663879 -70.778755
292.118683 11.158645
292.573456 23.56353
293.028198 -45.937134
293.482849 -48.42086
293.937561 -63.325169
294.392151 -38.486721
294.846741 -43.453514
295.301239 -63.325169
295.755737 -50.904556
296.210175 -18.623495
296.664581 -58.356552
297.118958 -8.694399
297.573242 18.601969
298.027557 -38.486721
298.481812 -33.520218
298.935974 -60.840809
299.390137 -53.388493
299.844238 -36.003418
300.29834 -33.520218
300.75235 -18.623495
301.20636 -53.388493
301.660278 6.196043
302.114197 -13.658805
302.568054 26.044222
303.021881 3.714518
303.475677 -103.088707
303.929413 -23.588739
304.383118 33.485542
304.836761 -115.520493
305.290375 -6.212488
305.743958 -8.694399
306.19751 33.485542
306.65097 -48.42086
307.104431 -48.42086
307.5578 -85.688789
308.011169 -48.42086
308.464508 8.677463
308.917755 -1.248708
309.371063 -88.174202
309.824219 18.601969
310.277374 -58.356552
310.730499 16.120964
311.183563 -1.248708
311.636597 -11.176549
312.089569 -55.87254
312.542511 -1.248708
312.995422 -78.233292
313.448273 -73.263535
313.901093 23.56353
314.353882 -75.748291
314.80658 -98.116829
315.259308 -50.904556
315.711975 50.845047
316.164581 -78.233292
316.617126 -73.263535
317.069672 3.714518
317.522156 -58.356552
317.974579 -40.969997
318.427002 -45.937134
318.879333 -53.388493
319.331665 -48.42086
319.783936 45.885632
320.236176 55.803921
320.688354 -50.904556
321.140503 18.601969
321.592651 6.196043
322.044647 48.365391
322.496704 -16.141031
322.948639 -45.937134
323.400604 -100.602646
323.852509 31.005161
324.304352 -40.969997
324.756165 -65.809639
325.207916 -58.356552
325.659668 -8.694399
326.111328 13.639855
326.562988 -80.718391
327.014557 1.233025
327.466156 -16.141031
327.917664 -55.87254
328.36911 23.56353
328.820557 -11.176549
329.271942 -50.904556
329.723297 -26.071383
330.174561 -1.248708
330.625854 -60.840809
331.077026 21.082733
331.528229 -16.141031
331.97937 13.639855
332.43045 -103.088707
332.8815 -90.659729
333.332489 -78.233292
333.783478 -28.554268
334.234406 -88.174202
334.685303 -63.325169
335.136078 -38.486721
335.586914 -103.088707
336.037659 -83.203606
336.488342 -68.294075
336.939026 -31.037258
337.389648 -110.547401
337.84024 -93.145233
338.290771 -75.748291
338.741272 -8.694399
339.191681 -38.486721
339.64212 -38.486721
340.092468 16.120964
340.542816 -75.748291
340.993103 -16.141031
341.443329 -33.520218
341.893555 -93.145233
342.343689 -33.520218
342.793793 -31.037258
343.243866 -108.061157
343.693878 -80.718391
344.14389 -21.106064
344.593842 -40.969997
345.043732 -16.141031
345.493591 -23.588739
345.943359 -53.388493
346.393158 -63.325169
346.842896 -1.248708
347.292542 -90.659729
347.742218 -11.176549
348.191803 -43.453514
348.641357 -43.453514
349.090881 -78.233292
349.540314 -73.263535
349.989777 -33.520218
350.439148 -88.174202
350.888489 -68.294075
351.337799 3.714518
351.787048 -3.730546
352.236267 8.677463
352.685425 -45.937134
353.134552 -3.730546
353.583649 21.082733
354.032684 -33.520218
354.481659 -6.212488
354.930634 45.885632
355.379517 -98.116829
355.82843 -73.263535
356.277222 -55.87254
356.726013 -1.248708
357.174774 -110.547401
357.623444 -31.037258
358.072113 -36.003418
358.520721 -18.623495
358.969299 -63.325169
359.417786 -23.588739
359.866302 26.044222
360.314697 -48.42086
360.763123 35.965824
361.211456 -23.588739
361.65976 70.6782
362.108032 35.965824
362.556244 -60.840809
363.004456 -100.602646
363.452576 13.639855
363.900696 -55.87254
364.348663 -13.658805
364.796722 -40.969997
365.24469 13.639855
365.692596 -3.730546
366.140472 31.005161
366.588287 -40.969997
367.036102 -38.486721
367.483826 -28.554268
367.931549 -16.141031
368.379181 -28.554268
368.826843 -55.87254
369.274384 -11.176549
369.721924 23.56353
370.169403 -16.141031
370.616821 -78.233292
371.06427 38.445862
371.511566 112.802071
371.958923 -50.904556
372.406158 -11.176549
372.853424 -16.141031
373.300568 -8.694399
373.747711 -16.141031
374.194794 -1.248708
374.641846 -28.554268
375.088898 -98.116829
375.535828 23.56353
375.982758 -28.554268
376.429596 -33.520218
376.876465 -18.623495
377.323242 -40.969997
377.769989 -18.623495
378.216675 -78.233292
378.66333 -31.037258
379.109985 -26.071383
379.556519 -8.694399
380.003052 -50.904556
380.449524 -8.694399
380.895996 -18.623495
381.342377 -18.623495
381.788727 -78.233292
382.235046 -23.588739
382.681274 -6.212488
383.127533 97.938225
383.573669 -26.071383
384.019836 -36.003418
384.465912 -21.106064
384.911957 1.233025
385.357971 -50.904556
385.803925 -26.071383
386.249847 -21.106064
386.695679 -13.658805
387.141541 -28.554268
387.587311 -18.623495
388.033051 -58.356552
388.478729 -23.588739
388.924408 -33.520218
389.369995 -18.623495
389.815552 11.158645
390.261078 13.639855
390.706543 -85.688789
391.152008 -63.325169
391.597351 -23.588739
392.042725 -43.453514
392.487976 -28.554268
392.933289 -43.453514
393.378479 -45.937134
393.823639 -50.904556
394.268768 -28.554268
394.713837 -36.003418
395.158905 -73.263535
395.603851 45.885632
396.048798 6.196043
396.493683 -28.554268
396.938568 21.082733
397.383392 -70.778755
397.828156 -31.037258
398.272888 -11.176549
398.71756 -100.602646
399.162201 -18.623495
399.606781 -43.453514
400.051361 -43.453514
400.495819 11.158645
400.940308 26.044222
401.384705 -60.840809
401.829102 -8.694399
402.273438 3.714518
402.717682 -55.87254
403.161926 -31.037258
403.60611 -36.003418
404.050293 26.044222
404.494385 -40.969997
404.938446 1.233025
405.382477 -23.588739
405.826447 -83.203606
406.270386 -88.174202
406.714233 65.720566
407.158081 -23.588739
407.601868 -23.588739
408.045624 3.714518
408.489319 -8.694399
408.933014 -6.212488
409.376617 -43.453514
409.82019 -13.658805
410.263702 -68.294075
410.707184 28.524675
411.150635 -6.212488
411.594025 31.005161
412.037384 -40.969997
412.480682 -137.904297
412.923981 -40.969997
413.367126 -18.623495
413.810333 -16.141031
414.253479 -28.554268
414.696533 -83.203606
415.139587 -33.520218
415.582581 6.196043
416.025543 33.485542
416.468414 -48.42086
416.911285 28.524675
417.354065 -48.42086
417.796875 -6.212488
418.239594 6.196043
418.682281 28.524675
419.124908 6.196043
419.567505 -55.87254
420.010071 -93.145233
420.452545 -63.325169
420.89502 -80.718391
421.337372 -48.42086
421.779785 -1.248708
422.222107 -60.840809
422.664368 -48.42086
423.106628 -31.037258
423.548798 -6.212488
423.990967 -55.87254
424.433044 -13.658805
424.875092 -11.176549
425.317078 -110.547401
425.759064 18.601969
426.200989 -38.486721
426.642853 -38.486721
427.084686 -55.87254
427.526459 -8.694399
427.968201 -38.486721
428.409912 -68.294075
428.851563 -11.176549
429.293121 16.120964
429.734711 -75.748291
430.176239 -68.294075
430.617706 -68.294075
431.059113 -58.356552
431.500488 -95.630981
431.941833 -38.486721
432.383087 -26.071383
432.824341 -60.840809
433.265533 8.677463
433.706726 45.885632
434.147827 -80.718391
434.588867 -115.520493
435.029877 -118.007065
435.470825 -65.809639
435.911804 -113.03389
436.352661 -115.520493
436.793518 -95.630981
437.234283 -45.937134
437.675049 -3.730546
438.115723 -23.588739
438.556396 -55.87254
438.99704 3.714518
439.437561 90.504929
439.878113 -90.659729
440.318573 -11.176549
440.759033 -73.263535
441.199341 -90.659729
441.639709 -31.037258
442.079956 -50.904556
442.520264 -48.42086
442.96051 -33.520218
443.400604 -40.969997
443.840759 -21.106064
444.280762 -23.588739
444.720825 35.965824
445.160767 -26.071383
445.600739 -95.630981
446.040558 -63.325169
446.480438 -11.176549
446.920258 -88.174202
447.359955 -23.588739
447.799713 -31.037258
448.239319 -40.969997
448.678955 -78.233292
449.1185 -31.037258
449.558014 -13.658805
449.997498 -36.003418
450.436951 38.445862
450.876343 -115.520493
451.315674 -45.937134
451.754974 -48.42086
452.194183 -13.658805
452.633392 -28.554268
453.07251 -78.233292
453.511688 -55.87254
453.950684 38.445862
454.38974 -36.003418
454.828735 18.601969
455.267639 -90.659729
455.706543 -13.658805
456.145325 -36.003418
456.584137 -21.106064
457.022858 -1.248708
457.461578 -26.071383
457.900208 -65.809639
458.338867 -28.554268
458.777405 26.044222
459.215912 31.005161
459.654388 6.196043
460.092773 -50.904556
460.531189 -80.718391
460.969513 -53.388493
461.407806 26.044222
461.846008 16.120964
462.284241 -55.87254
462.722351 -48.42086
463.160461 -48.42086
463.598541 -36.003418
464.03653 -31.037258
464.474518 -88.174202
464.912384 -36.003418
465.350281 -60.840809
465.788086 -13.658805
466.225891 -36.003418
466.663605 -65.809639
467.101318 -38.486721
467.539001 55.803921
467.976563 -43.453514
468.414124 -118.007065
468.851593 -122.980789
469.289063 -100.602646
469.72644 -45.937134
470.163849 -78.233292
470.601135 -40.969997
471.038422 -63.325169
471.475677 -88.174202
471.912811 -16.141031
472.350006 -60.840809
472.787048 -31.037258
473.224121 -85.688789
473.661072 -11.176549
474.098053 -13.658805
474.534943 18.601969
474.971802 26.044222
475.40863 21.082733
475.845367 -45.937134
476.282104 -48.42086
476.71875 -100.602646
477.155426 11.158645
477.591949 -43.453514
478.028503 33.485542
478.464966 -3.730546
478.901428 -45.937134
479.33786 -8.694399
479.77417 -21.106064
480.21051 -13.658805
480.646698 -100.602646
481.082947 13.639855
481.519073 -38.486721
481.9552 -108.061157
482.391266 -13.658805
482.827301 -23.588739
483.263306 -18.623495
483.699188 -50.904556
484.135101 18.601969
484.570923 -23.588739
485.006744 -50.904556
485.442413 3.714518
485.878174 -21.106064
486.313782 1.233025
486.74939 -13.658805
487.184998 -48.42086
487.620453 -18.623495
488.055939 1.233025
488.491333 -16.141031
488.926727 -38.486721
489.36203 -3.730546
489.797302 -8.694399
490.232513 -8.694399
490.667755 -90.659729
491.102905 16.120964
491.537964 -28.554268
491.973022 -23.588739
492.40799 -88.174202
492.842957 -40.969997
493.277832 -38.486721
493.712738 -16.141031
494.147491 38.445862
494.582275 13.639855
495.017029 -38.486721
495.45166 -40.969997
495.886292 3.714518
496.320831 -13.658805
496.755402 6.196043
497.18985 53.324471
497.624298 -78.233292
498.058655 -60.840809
498.493042 -88.174202
498.927368 -33.520218
499.361572 -78.233292
499.795807 -1.248708
500.229919 -31.037258
500.664063 40.925934
501.098083 -31.037258
501.532104 -23.588739
501.966064 -3.730546
502.399994 -55.87254
502.833893 -38.486721
503.2677 -40.969997
503.701477 -18.623495
504.135193 -65.809639
504.568909 -21.106064
505.002502 -55.87254
505.436127 -90.659729
505.869629 -3.730546
506.303162 18.601969
506.736603 11.158645
507.169983 28.524675
507.603363 -31.037258
508.036621 -85.688789
508.46994 -6.212488
508.903107 -75.748291
509.336304 -80.718391
509.769379 11.158645
510.202484 -28.554268
510.635529 -53.388493
511.068481 -26.071383
511.501434 16.120964
511.934265 6.196043
512.367126 6.196043
512.799927 -11.176549
513.232605 -125.467827
513.665344 -23.588739
514.097961 -48.42086
514.530579 53.324471
514.963135 70.6782
515.395691 -48.42086
515.828064 -33.520218
516.260498 -40.969997
516.692871 -28.554268
517.125183 -95.630981
517.557373 -45.937134
517.989624 -60.840809
518.421753 -60.840809
518.853943 -38.486721
519.286072 -70.778755
519.718018 1.233025
520.150024 -100.602646
520.581909 -53.388493
521.013855 -45.937134
521.445679 -68.294075
521.877502 -21.106064
522.309204 -31.037258
522.740906 -83.203606
523.172546 -8.694399
523.604187 -93.145233
524.035767 -26.071383
524.467224 -40.969997
524.898682 -18.623495
525.330078 -55.87254
525.761475 -38.486721
526.192749 -80.718391
526.624023 -48.42086
527.055237 -21.106064
527.486389 -45.937134
527.917542 -83.203606
528.348572 -11.176549
528.779663 -21.106064
529.210571 -6.212488
529.641541 -83.203606
530.072388 -73.263535
530.503235 -53.388493
530.934082 -45.937134
531.364746 -55.87254
531.795532 -31.037258
532.226135 11.158645
532.656738 3.714518
533.08728 -28.554268
533.517822 -23.588739
533.948242 -36.003418
534.378662 43.405899
534.809082 16.120964
535.239319 16.120964
535.669617 -68.294075
536.099792 23.56353
536.529968 40.925934
536.960083 23.56353
537.390137 21.082733
537.82019 43.405899
538.250183 43.405899
538.680115 -60.840809
539.109985 38.445862
539.539795 -122.980789
539.969543 -13.658805
540.399292 8.677463
540.828979 -38.486721
541.258606 -8.694399
541.688171 -63.325169
542.117737 -1.248708
542.547302 -68.294075
542.976685 21.082733
543.406128 -6.212488
543.835388 -23.588739
544.264771 31.005161
544.69397 -18.623495
545.12323 -16.141031
545.552307 -105.574883
545.981506 -53.388493
546.410583 -28.554268
546.839539 -28.554268
547.268555 -13.658805
547.697449 -93.145233
548.126282 -78.233292
548.555054 -118.007065
548.983887 -58.356552
549.412598 6.196043
549.841309 -6.212488
550.269958 -73.263535
550.698486 -80.718391
551.127075 23.56353
551.555481 -13.658805
551.983948 -60.840809
552.412292 -13.658805
552.840698 28.524675
553.26886 -53.388493
553.697205 -21.106064
554.125366 -6.212488
554.553467 -28.554268
554.981628 6.196043
555.409607 -65.809639
555.837646 -40.969997
556.265564 -60.840809
556.693481 -26.071383
557.121338 -53.388493
557.549133 11.158645
557.976929 1.233025
558.404602 18.601969
558.832275 3.714518
559.259888 -8.694399
559.687439 -11.176549
560.114929 1.233025
560.542419 68.199501
560.969788 -28.554268
561.397156 -115.520493
561.824524 68.199501
562.25177 60.762516
562.679016 50.845047
563.10614 -18.623495
563.533264 -58.356552
563.960327 -103.088707
564.387329 1.233025
564.814331 11.158645
565.241272 43.405899
565.668213 -60.840809
566.094971 16.120964
566.52179 53.324471
566.948425 6.196043
567.375183 -8.694399
567.801819 -38.486721
568.228394 33.485542
568.654846 28.524675
569.081421 6.196043
569.507874 11.158645
569.934265 -33.520218
570.360596 -13.658805
570.786865 73.156937
571.213074 -26.071383
571.639282 -23.588739
572.06543 8.677463
572.491516 95.460648
572.917603 3.714518
573.343567 -31.037258
573.769531 21.082733
574.195435 142.518936
574.621277 40.925934
575.047119 75.635559
575.472839 18.601969
575.89856 83.070702
576.324158 28.524675
576.749817 31.005161
577.175293 35.965824
577.60083 105.370605
578.026306 40.925934
578.451721 45.885632
578.877136 8.677463
579.302429 162.322083
579.727661 102.893333
580.152832 107.8479
580.578064 33.485542
581.003113 95.460648
581.428223 147.470261
581.853271 70.6782
582.278198 107.8479
582.703125 85.548927
583.12793 137.5672
583.552795 182.118683
583.977539 226.637909
584.402283 137.5672
584.826965 194.488434
585.251587 206.85553
585.676208 177.170181
586.100647 266.183533
586.525208 184.59285
586.949524 219.220291
587.373962 172.221252
587.798218 206.85553
588.222534 246.413925
588.646729 278.536438
589.070984 192.014648
589.495117 271.125031
589.919128 266.183533
590.343201 236.526703
590.767151 394.534668
591.191101 226.637909
591.61499 406.862488
592.038818 431.510864
592.462524 468.46579
592.886292 485.704163
593.310059 429.046417
593.733582 539.852173
594.157227 512.783752
594.58075 453.686279
595.004272 515.244995
595.427673 593.955688
595.851074 638.18927
596.274353 682.393555
596.697632 645.558716
597.120911 763.359802
597.544067 787.876221
597.967224 824.634277
598.39032 817.284119
598.813354 947.020813
599.236328 925.007141
599.659241 920.114197
600.082153 995.916321
600.505005 1025.237427
600.927795 1003.24762
601.350525 1154.596558
601.773254 1159.473755
602.195862 1178.978516
602.618408 1278.859863
603.040955 1312.935181
603.46344 1395.625854
603.885925 1385.9021
604.30835 1466.085449
604.730652 1497.650269
605.152893 1708.565308
605.575195 1727.931885
605.997375 1800.515381
606.419495 1911.685791
606.841553 2073.34375
607.263672 2082.985107
607.685608 2174.525635
608.107605 2294.82666
608.52948 2366.928223
608.951294 2609.246826
609.373108 2681.099609
609.7948 2791.166016
610.216553 3022.845703
610.638123 3223.029785
611.059753 3253.974121
611.481262 3503.563721
611.902832 3641.171387
612.324219 3849.609131
612.745605 4041.105713
613.166931 4310.046875
613.588196 4507.79541
614.00946 4698.150879
614.430664 5127.050781
614.851807 5321.05957
615.272827 5738.387695
615.693909 5936.054688
616.114929 6154.279297
616.535889 6614.999512
616.956787 7014.155273
617.377563 7177.608887
617.79834 7561.253906
618.219055 7886.582031
618.639832 8448.291992
619.060364 8778.288086
619.481018 9442.711914
619.901611 9919.265625
620.322083 10369.547852
620.742493 10928.291992
621.162842 11076.05957
621.583191 11808.453125
622.003418 12386.816406
622.423706 12987.762695
622.843872 13425.717773
623.264038 14248.482422
623.684143 14703.958984
624.104126 15371.652344
624.52417 16125.774414
624.944031 16813.152344
625.364014 17335.921875
625.783752 17862.845703
626.203552 18269.445313
626.62323 19167.988281
627.042969 19986.134766
627.462585 20671.486328
627.882141 21276.464844
628.301697 22125.972656
628.72113 22570.013672
629.140625 23591.757813
629.559998 24072.673828
629.979309 24512.160156
630.39856 24722.128906
630.81781 25149.005859
631.237 24781.822266
631.656067 25060.501953
632.075195 24640.339844
632.494202 24364.140625
632.913208 23702.009766
633.332092 23060.753906
633.750977 22235.841797
634.169739 21184.359375
634.588562 19787.001953
635.007263 18599.535156
635.425964 17261.568359
635.844543 16294.40918
636.263123 14879.800781
636.681641 13551.632813
637.100037 12404.583008
637.518494 11192.386719
637.936829 10171.591797
638.355164 9041.714844
638.773438 8377.636719
639.19165 7278.799805
639.609863 6663.519043
640.027893 5961.611328
640.445984 5447.11084
640.863953 5021.730469
641.281921 4416.026367
641.699829 3842.510254
642.117676 3648.28418
642.535461 3375.280273
642.953247 2996.600586
643.370972 2815.07666
643.788635 2568.505859
644.206177 2282.803711
644.623718 2056.468506
645.04126 1860.952637
645.458618 1815.024292
645.876099 1582.568481
646.293396 1531.628418
646.710693 1487.939331
647.127991 1327.53418
647.545166 1198.477905
647.962341 991.028259
648.379333 1020.351318
648.796448 841.781311
649.213379 790.327393
649.63031 692.212952
650.04718 652.927307
650.463989 584.121948
650.880859 584.121948
651.297546 394.534668
651.714233 424.117371
652.130859 394.534668
652.547485 318.049164
652.963928 281.006775
653.380432 288.416992
653.796814 303.234802
654.213196 211.801788
654.629578 313.11145
655.045837 204.382385
655.462036 140.043045
655.878174 204.382385
656.294312 149.945831
656.710327 35.965824
657.126404 83.070702
657.542358 159.847015
657.958252 159.847015
658.374084 169.746582
658.789917 70.6782
659.205688 85.548927
659.621338 97.938225
660.037048 65.720566
660.452637 85.548927
660.868164 97.938225
661.283691 127.662392
661.699158 63.241524
662.114502 11.158645
662.529846 21.082733
662.945129 142.518936
663.360413 65.720566
663.775635 -26.071383
664.190674 -63.325169
664.605835 83.070702
665.020813 -28.554268
665.435791 88.026909
665.850769 6.196043
666.265625 31.005161
666.68042 43.405899
667.095215 11.158645
667.509949 3.714518
667.924622 -18.623495
668.339233 -1.248708
668.753784 -40.969997
669.168335 28.524675
669.582825 -31.037258
669.997192 -73.263535
670.41156 -43.453514
670.825867 -21.106064
671.240173 26.044222
671.654358 -65.809639
672.068481 21.082733
672.482605 35.965824
672.896667 -100.602646
673.310669 11.158645
673.724609 -23.588739
674.138489 -75.748291
674.552307 45.885632
674.966064 -28.554268
675.379822 -85.688789
675.793579 -3.730546
676.207153 8.677463
676.620789 -21.106064
677.034241 -8.694399
677.447754 8.677463
677.861206 -11.176549
678.274597 -78.233292
678.687866 -3.730546
679.101135 -28.554268
679.514404 -36.003418
679.927551 -43.453514
680.340698 26.044222
680.753723 -26.071383
681.166748 -26.071383
681.579712 -75.748291
681.992615 -31.037258
682.405457 26.044222
682.818298 -53.388493
683.231018 -11.176549
683.643738 6.196043
684.056335 -26.071383
684.468994 -73.263535
684.881531 6.196043
685.293945 -50.904556
685.706482 11.158645
686.118774 -147.855499
686.531128 -18.623495
686.943481 -88.174202
687.355713 -48.42086
687.767883 -1.248708
688.179932 28.524675
688.592041 -6.212488
689.004089 -28.554268
689.416016 -85.688789
689.827881 -33.520218
690.239868 -26.071383
690.651611 3.714518
691.063354 1.233025
691.475098 -18.623495
691.886719 -33.520218
692.29834 -1.248708
692.7099 -26.071383
693.12146 3.714518
693.532837 11.158645
693.944214 -45.937134
694.355652 -36.003418
694.766846 -68.294075
695.178101 45.885632
695.589294 11.158645
696.000366 -40.969997
696.411438 -26.071383
696.82251 -60.840809
697.233459 -11.176549
697.644409 6.196043
698.055298 -58.356552
698.466064 31.005161
698.876831 21.082733
699.287537 -33.520218
699.698181 -53.388493
700.108826 -3.730546
700.519348 -40.969997
700.92981 -75.748291
701.340271 -85.688789
701.750732 -90.659729
702.161011 -50.904556
702.57135 13.639855
702.981567 21.082733
703.391724 -11.176549
703.80188 -75.748291
704.211914 -23.588739
704.621948 -93.145233
705.031921 13.639855
705.441895 -68.294075
705.851746 -60.840809
706.261536 -45.937134
706.671265 1.233025
707.081055 -58.356552
707.490662 -33.520218
707.90033 -40.969997
708.309814 -58.356552
708.719299 -48.42086
709.128784 -70.778755
709.538147 13.639855
709.94751 -48.42086
710.35675 -70.778755
710.766052 -65.809639
711.175171 -93.145233
711.58429 -105.574883
711.993347 -8.694399
712.402405 3.714518
712.811401 -13.658805
713.220276 -88.174202
713.62915 -45.937134
714.037964 -26.071383
714.446777 -6.212488
714.855408 -33.520218
715.264099 -6.212488
715.672668 -40.969997
716.081177 -40.969997
716.489746 -36.003418
716.898132 -40.969997
717.306519 -63.325169
717.714844 23.56353
718.123108 -13.658805
718.531372 -28.554268
718.939514 -21.106064
719.347595 -13.658805
719.755676 -31.037258
720.163696 28.524675
720.571716 -60.840809
720.979614 -55.87254
721.387451 3.714518
721.795227 -88.174202
722.202942 -33.520218
722.610718 -3.730546
723.018311 -31.037258
723.425903 -88.174202
723.833374 -6.212488
724.240906 -100.602646
724.648376 -78.233292
725.055725 -3.730546
725.463013 -95.630981
725.8703 -18.623495
726.277466 -95.630981
726.684631 -75.748291
727.091797 -33.520218
727.498779 -80.718391
727.905823 -43.453514
728.312805 28.524675
728.719666 -65.809639
729.126526 70.6782
729.533264 -3.730546
729.940063 -18.623495
730.34668 -18.623495
730.753357 -26.071383
731.159851 -16.141031
731.566406 -11.176549
731.9729 -40.969997
732.379272 -63.325169
732.785645 -83.203606
733.191895 -73.263535
733.598206 55.803921
734.004333 -50.904556
734.410522 16.120964
734.816528 -113.03389
735.222656 -8.694399
735.628662 -95.630981
736.034546 8.677463
736.44043 -26.071383
736.846252 -48.42086
737.252014 53.324471
737.657715 -3.730546
738.063354 -50.904556
738.468933 -31.037258
738.874512 -63.325169
739.280029 -88.174202
739.685486 6.196043
740.090881 -36.003418
740.496216 -3.730546
740.90155 -38.486721
741.306702 53.324471
741.711914 -1.248708
742.117004 -55.87254
742.522095 -43.453514
742.927124 -85.688789
743.332031 -53.388493
743.737 -55.87254
744.141785 38.445862
744.546631 -48.42086
744.951355 -53.388493
745.356079 -73.263535
745.76062 13.639855
746.165283 -11.176549
746.569824 -45.937134
746.974243 50.845047
747.378723 6.196043
747.78302 -33.520218
748.187378 -43.453514
748.591614 35.965824
748.99585 -88.174202
749.399963 -53.388493
749.804077 45.885632
750.20813 -53.388493
750.612122 -70.778755
751.016052 -45.937134
751.419922 -90.659729
751.823792 53.324471
752.227478 -33.520218
752.631226 -18.623495
753.034851 -23.588739
753.438477 -48.42086
753.842102 -28.554268
754.245544 -3.730546
754.648987 -28.554268
755.052368 -3.730546
755.45575 -60.840809
755.859009 -36.003418
756.262268 -6.212488
756.665405 -40.969997
757.068542 -36.003418
757.47168 -18.623495
757.874634 1.233025
758.277588 11.158645
758.68042 1.233025
759.083374 31.005161
759.486084 -40.969997
759.888916 -50.904556
760.291504 -43.453514
760.694214 -118.007065
761.096802 -73.263535
761.499268 -48.42086
761.901733 -53.388493
762.304199 -65.809639
762.706543 -55.87254
763.108826 35.965824
763.511108 11.158645
763.913208 60.762516
764.315369 -68.294075
764.717529 -23.588739
765.119568 26.044222
765.521545 -60.840809
765.923462 -50.904556
766.325317 -53.388493
766.727112 3.714518
767.128845 -55.87254
767.530518 -38.486721
767.932251 -95.630981
768.333862 -98.116829
768.735413 -113.03389
769.136841 -43.453514
769.538269 -16.141031
769.939636 -70.778755
770.341003 -26.071383
770.742249 6.196043
771.143433 -31.037258
771.544617 -6.212488
771.94574 -93.145233
772.346802 -3.730546
772.747803 -33.520218
773.148682 -85.688789
773.549622 -45.937134
773.950439 -45.937134
774.351196 -3.730546
774.751892 -85.688789
775.152588 11.158645
775.553162 -98.116829
775.953735 6.196043
776.354309 18.601969
776.754639 -1.248708
777.15509 -45.937134
777.55542 -103.088707
777.95575 -40.969997
778.355896 -105.574883
778.756104 21.082733
779.156189 -95.630981
779.556274 -48.42086
779.956299 3.714518
780.356201 31.005161
780.756165 -65.809639
781.156006 -1.248708
781.555786 -63.325169
781.955505 -21.106064
782.355225 -23.588739
782.754761 1.233025
783.154358 -90.659729
783.553894 -40.969997
783.953369 -63.325169
784.352783 -65.809639
784.752075 -90.659729
785.151367 -63.325169
785.550598 55.803921
785.949768 -11.176549
786.348877 8.677463
786.747986 -21.106064
787.147034 11.158645
787.545959 11.158645
787.944885 -26.071383
788.34375 -38.486721
788.742493 -3.730546
789.141235 -80.718391
789.539917 11.158645
789.938538 -50.904556
790.337158 -60.840809
790.735718 -75.748291
791.134094 -26.071383
791.532532 -48.42086
791.930847 -33.520218
792.329224 -3.730546
792.727417 -16.141031
793.12561 -63.325169
793.523682 3.714518
793.921753 48.365391
794.319824 35.965824
794.717773 23.56353
795.115723 -6.212488
795.51355 26.044222
795.911377 21.082733
796.309082 48.365391
796.706787 -21.106064
797.10437 65.720566
797.501953 -26.071383
797.899536 -38.486721
798.296936 -26.071383
798.694397 -40.969997
799.091736 -36.003418
799.489014 13.639855
799.88623 -36.003418
800.283447 -23.588739
800.680542 -3.730546
801.077637 55.803921
801.47467 -31.037258
801.871643 -28.554268
802.268555 -58.356552
802.665405 -122.980789
803.062256 -18.623495
803.458923 -50.904556
803.855652 28.524675
804.252258 -21.106064
804.648804 -83.203606
805.04541 55.803921
805.441833 -11.176549
805.838257 -48.42086
806.234619 -75.748291
806.630859 -21.106064
807.0271 -28.554268
807.423279 -50.904556
807.819458 -6.212488
808.215515 -70.778755
808.611572 -88.174202
809.007507 -90.659729
809.403381 -38.486721
809.799194 31.005161
810.195068 -53.388493
810.590759 -31.037258
810.98645 -68.294075
811.38208 -90.659729
811.777649 -38.486721
812.173157 -26.071383
812.568665 -26.071383
812.96405 -36.003418
813.359375 -53.388493
813.754639 -63.325169
814.149841 -36.003418
814.545105 -31.037258
814.940186 3.714518
815.335266 -40.969997
815.730347 -53.388493
816.125244 -31.037258
816.520203 -55.87254
816.914978 -26.071383
817.309753 -60.840809
817.704468 -43.453514
818.099182 -38.486721
818.493774 -50.904556
818.888367 -16.141031
819.282898 -78.233292
819.677307 -43.453514
820.071716 -88.174202
820.466003 3.714518
820.860291 -16.141031
821.254517 11.158645
821.648743 8.677463
822.042786 -1.248708
822.43689 -88.174202
822.830872 26.044222
823.224792 -3.730546
823.618774 -13.658805
824.012512 -88.174202
824.406311 -3.730546
824.799988 -8.694399
825.193665 -16.141031
825.58728 18.601969
825.980835 -26.071383
826.374329 43.405899
826.767761 -55.87254
827.161194 -1.248708
827.554443 -50.904556
827.947754 -31.037258
828.340942 -31.037258
828.734131 -105.574883
829.127136 -33.520218
829.520264 -43.453514
829.913208 -33.520218
830.306152 18.601969
830.699097 -28.554268
831.091797 -16.141031
831.484619 -53.388493
831.877319 -31.037258
832.27002 -33.520218
832.662537 -38.486721
833.055054 -58.356552
833.44751 -33.520218
833.839966 -38.486721
834.232361 -11.176549
834.624634 -1.248708
835.016907 3.714518
835.409058 16.120964
835.801208 -36.003418
836.193298 -13.658805
836.585327 -11.176549
836.977295 28.524675
837.369202 -21.106064
837.761047 -16.141031
838.152832 28.524675
838.544617 -50.904556
838.936218 -28.554268
839.327942 -60.840809
839.719421 40.925934
840.111023 28.524675
840.50238 -43.453514
840.89386 11.158645
841.285217 13.639855
841.676453 -50.904556
842.067749 -21.106064
842.458862 -50.904556
842.849976 -18.623495
843.241028 -3.730546
843.632019 -50.904556
844.022949 31.005161
844.413879 -8.694399
844.804749 -93.145233
845.195496 -13.658805
845.586182 -36.003418
845.976807 70.6782
846.367432 -28.554268
846.757996 -21.106064
847.148499 -55.87254
847.538879 60.762516
847.92926 6.196043
848.319641 60.762516
848.709839 28.524675
849.100098 -28.554268
849.490234 -28.554268
849.88031 70.6782
850.270325 18.601969
850.660339 -40.969997
851.050171 28.524675
851.440125 45.885632
851.829895 33.485542
852.219604 33.485542
852.609314 100.415825
852.998901 -3.730546
853.38855 -63.325169
853.778015 -13.658805
854.16748 -3.730546
854.556885 -6.212488
854.946228 -21.106064
855.335571 70.6782
855.724731 21.082733
856.113953 16.120964
856.503052 -65.809639
856.892151 -16.141031
857.281067 48.365391
857.670105 -60.840809
858.05896 -13.658805
858.447754 -100.602646
858.836609 -140.391983
859.225281 -125.467827
859.613892 40.925934
860.002502 3.714518
860.391052 -65.809639
860.779541 -6.212488
861.167969 -11.176549
861.556335 -45.937134
861.944702 -60.840809
862.332947 -48.42086
862.721069 21.082733
863.109253 6.196043
863.497314 65.720566
863.885376 -8.694399
864.273315 -36.003418
864.661255 -43.453514
865.049072 -6.212488
865.43689 -26.071383
865.824707 -11.176549
866.21228 8.677463
866.599915 -58.356552
866.987488 -90.659729
867.375061 -55.87254
867.762451 -60.840809
868.149841 -21.106064
868.53717 -13.658805
868.924438 -60.840809
869.311707 21.082733
869.698853 6.196043
870.085938 40.925934
870.472961 -13.658805
870.859985 3.714518
871.246887 3.714518
871.633789 -68.294075
872.020569 -78.233292
872.407349 -113.03389
872.794067 23.56353
873.180725 -33.520218
873.567322 -43.453514
873.953796 -3.730546
874.340332 -53.388493
874.726624 -53.388493
875.113037 26.044222
875.499329 68.199501
875.885559 1.233025
876.271729 -40.969997
876.657898 -60.840809
877.044006 -90.659729
877.429932 -18.623495
877.815918 -16.141031
878.201782 -21.106064
878.587585 -31.037258
878.973389 -21.106064
879.35907 132.614929
879.744751 -43.453514
880.13031 -115.520493
880.51593 13.639855
880.901367 -33.520218
881.286804 18.601969
881.67218 11.158645
882.057434 28.524675
882.442749 -60.840809
882.827942 16.120964
883.213013 -18.623495
883.598145 -18.623495
883.983154 3.714518
884.368042 -50.904556
884.753052 -43.453514
885.137817 21.082733
885.522644 -3.730546
885.907349 -85.688789
886.292053 -6.212488
886.676636 -45.937134
887.061157 1.233025
887.44574 -16.141031
887.830078 -88.174202
888.214539 -33.520218
888.598816 31.005161
888.983093 -38.486721
889.367249 -31.037258
889.751465 -55.87254
890.135498 -23.588739
890.519531 -40.969997
890.903503 11.158645
891.287415 26.044222
891.671326 -48.42086
892.055054 -43.453514
892.438843 -70.778755
892.82251 -28.554268
893.206116 45.885632
893.589661 -98.116829
893.973206 3.714518
894.356628 -33.520218
894.73999 16.120964
895.123352 -43.453514
895.506592 1.233025
895.889832 -53.388493
896.272949 -16.141031
896.656067 23.56353
897.039063 -6.212488
897.422058 -75.748291
897.804993 -8.694399
898.187866 -58.356552
898.570618 -3.730546
898.953369 -53.388493
899.336121 -48.42086
899.718689 -48.42086
900.101257 -33.520218
900.483704 -80.718391
900.866211 -33.520218
901.248596 -70.778755
901.63092 3.714518
902.013184 21.082733
902.395386 1.233025
902.777588 -38.486721
903.159668 -60.840809
903.541687 -40.969997
903.923645 18.601969
904.305603 -90.659729
904.6875 8.677463
905.069275 3.714518
905.45105 -43.453514
905.832642 -65.809639
906.214294 -3.730546
906.595825 -21.106064
906.977417 -38.486721
907.358826 33.485542
907.740234 -31.037258
908.121582 -50.904556
908.502869 -28.554268
908.884033 -11.176549
909.265198 -38.486721
909.646301 -26.071383
910.027344 26.044222
910.408325 13.639855
910.789246 -1.248708
911.170105 -33.520218
911.550903 21.082733
911.931641 -40.969997
912.312317 -58.356552
912.692932 -8.694399
913.073547 -13.658805
913.453979 11.158645
913.834473 -36.003418
914.214783 -50.904556
914.595154 40.925934
914.975464 -63.325169
915.355652 -18.623495
915.73584 -98.116829
916.115845 -50.904556
916.495972 -73.263535
916.875854 -13.658805
917.255859 -33.520218
917.63562 33.485542
918.015503 65.720566
918.395203 -50.904556
918.774902 -88.174202
919.15448 1.233025
919.534058 -78.233292
919.913574 -43.453514
920.292969 -6.212488
920.672363 -45.937134
921.051636 -33.520218
921.430969 18.601969
921.810181 -11.176549
922.189331 -100.602646
922.56842 -36.003418
922.947388 -8.694399
923.326416 -23.588739
923.705261 -90.659729
924.084106 -28.554268
924.462891 -68.294075
924.841675 -40.969997
925.220337 -16.141031
925.598938 -70.778755
925.977478 -100.602646
926.355957 65.720566
926.734436 3.714518
927.112732 -38.486721
927.491089 -90.659729
927.869324 -33.520218
928.247559 -58.356552
928.625671 -36.003418
929.003723 -18.623495
929.381775 -103.088707
929.759705 -105.574883
930.137634 -31.037258
930.515381 -68.294075
930.89325 13.639855
931.270935 -23.588739
931.64856 -33.520218
932.026123 48.365391
932.403687 -36.003418
932.78125 26.044222
933.15863 -6.212488
933.536011 -63.325169
933.913208 -33.520218
934.290527 -26.071383
934.667664 23.56353
935.0448 -8.694399
935.421814 -13.658805
935.798889 -33.520218
936.175842 -48.42086
936.552673 -23.588739
936.929504 -40.969997
937.306274 -63.325169
937.683044 -18.623495
938.05957 -33.520218
938.436218 -31.037258
938.812744 3.714518
939.189148 -80.718391
939.565613 -16.141031
939.941956 -58.356552
940.318237 -43.453514
940.694458 13.639855
941.070557 -118.007065
941.446655 -18.623495
941.822693 16.120964
942.198669 -58.356552
942.574646 -122.980789
942.950562 -88.174202
943.326294 -80.718391
943.702026 -16.141031
944.077698 -113.03389
944.453369 -40.969997
944.828918 3.714518
945.204468 -48.42086
945.579834 58.283272
945.955261 -48.42086
946.330627 -33.520218
946.705811 -63.325169
947.081055 16.120964
947.456177 43.405899
947.831238 55.803921
948.206238 -50.904556
948.581238 -50.904556
948.956116 -21.106064
949.330933 -6.212488
949.705811 -75.748291
950.080505 -65.809639
950.455139 1.233025
950.829773 -45.937134
951.204346 -31.037258
951.578735 -68.294075
951.953186 -58.356552
952.327515 21.082733
952.701843 -50.904556
953.076172 -65.809639
953.450195 -31.037258
953.824341 -63.325169
954.198486 -43.453514
954.572449 -45.937134
954.94635 -36.003418
955.320251 -38.486721
955.694092 -45.937134
956.067871 16.120964
956.441589 -83.203606
956.815125 -88.174202
957.188721 -83.203606
957.562256 -38.486721
957.93573 -50.904556
958.309021 -40.969997
958.682373 16.120964
959.055664 -31.037258
959.428955 -31.037258
959.802063 -18.623495
960.17511 -21.106064
960.548157 16.120964
960.921143 -40.969997
961.294128 3.714518
961.666809 -8.694399
962.039612 -90.659729
962.412415 -78.233292
962.785095 -122.980789
963.157715 -55.87254
963.530151 8.677463
963.902649 -73.263535
964.275146 23.56353
964.647522 50.845047
965.019714 -33.520218
965.392029 -40.969997
965.76416 -58.356552
966.136292 -55.87254
966.508423 -73.263535
966.880371 -8.694399
967.252319 -48.42086
967.624207 -80.718391
967.996094 35.965824
968.367737 3.714518
968.739441 -40.969997
969.111084 6.196043
969.482666 -6.212488
969.854248 -18.623495
970.225586 31.005161
970.596985 -58.356552
970.968323 -48.42086
971.339661 -100.602646
971.710754 40.925934
972.081909 -38.486721
972.453064 -55.87254
972.824097 -13.658805
973.194946 8.677463
973.565918 -11.176549
973.936768 -45.937134
974.307556 -3.730546
974.678284 -45.937134
975.048828 28.524675
975.419495 63.241524
975.790039 -118.007065
976.160522 -73.263535
976.530884 -93.145233
976.901245 -48.42086
977.271606 1.233025
977.641846 -31.037258
978.012024 -93.145233
978.382019 -38.486721
978.752136 -3.730546
979.122131 -43.453514
979.492065 -33.520218
979.861877 26.044222
980.231689 -45.937134
980.60144 -40.969997
980.971191 -36.003418
981.34082 -55.87254
981.710266 -63.325169
982.079773 -78.233292
982.44928 -11.176549
982.818604 -13.658805
983.187866 -55.87254
983.557129 -33.520218
983.926331 -11.176549
984.295471 3.714518
984.664612 58.283272
985.033569 -103.088707
985.402527 -60.840809
985.771362 -85.688789
986.140259 -68.294075
986.508911 -18.623495
986.877625 40.925934
987.246277 -31.037258
987.614929 -65.809639
987.983459 -63.325169
988.351807 -36.003418
988.720215 -43.453514
989.088623 -13.658805
989.456909 1.233025
989.825012 -3.730546
990.193115 -48.42086
990.561279 -60.840809
990.929321 6.196043
991.297302 45.885632
991.6651 -23.588739
992.03302 -38.486721
992.400818 -1.248708
992.768494 -48.42086
993.136047 -50.904556
993.503723 -8.694399
993.871277 -36.003418
994.23877 95.460648
994.60614 8.677463
994.97345 28.524675
995.340759 -65.809639
995.708008 -88.174202
996.075195 -38.486721
996.4422 -38.486721
996.809265 -11.176549
997.17627 -50.904556
997.543152 -16.141031
997.910095 -70.778755
998.276733 -33.520218
998.643494 -33.520218
999.010193 -65.809639
999.376831 -53.388493
999.743286 -1.248708
1000.109802 16.120964
1000.476257 -28.554268
1000.842651 -16.141031
1001.208923 -58.356552
1001.575134 8.677463
1001.941284 -45.937134
1002.307434 -23.588739
1002.673523 -6.212488
1003.039429 -33.520218
1003.405334 -18.623495
1003.771179 -55.87254
1004.137024 6.196043
1004.502808 -18.623495
1004.868408 -33.520218
1005.234009 -93.145233
1005.599609 -28.554268
1005.965149 -33.520218
1006.330444 -85.688789
1006.695862 -48.42086
1007.061218 -18.623495
1007.426453 -48.42086
1007.791626 -43.453514
1008.156677 16.120964
1008.521729 -55.87254
1008.88678 1.233025
1009.251709 -65.809639
1009.616577 -55.87254
1009.981384 -75.748291
1010.34613 -103.088707
1010.710754 -43.453514
1011.075439 -45.937134
1011.439941 -68.294075
1011.804443 21.082733
1012.168884 -3.730546
1012.533325 -63.325169
1012.897522 -53.388493
1013.26178 35.965824
1013.626038 -43.453514
1013.990112 -21.106064
1014.354187 -23.588739
1014.71814 -60.840809
1015.082153 -50.904556
1015.446045 35.965824
1015.809937 -28.554268
1016.173523 -58.356552
1016.53717 -53.388493
1016.900879 -65.809639
1017.264404 -38.486721
1017.627991 -75.748291
1017.991333 -118.007065
1018.354675 -78.233292
1018.718018 -98.116829
1019.081299 35.965824
1019.444397 16.120964
1019.807495 -38.486721
1020.170593 -33.520218
1020.533691 -38.486721
1020.896606 -78.233292
1021.25946 6.196043
1021.622253 -23.588739
1021.985046 -8.694399
1022.347778 -118.007065
1022.710327 -78.233292
1023.072876 -105.574883
1023.435364 -1.248708
1023.797852 -21.106064
1024.160278 -33.520218
1024.522461 -53.388493
1024.884766 -50.904556
1025.246948 -11.176549
1025.609131 -63.325169
1025.971069 -6.212488
1026.33313 -6.212488
1026.694946 -21.106064
1027.056885 -8.694399
1027.418823 -13.658805
1027.780396 23.56353
1028.14209 -23.588739
1028.503784 -28.554268
1028.865479 -3.730546
1029.226807 -11.176549
1029.588135 -18.623495
1029.949707 -58.356552
1030.310913 -11.176549
1030.672241 -63.325169
1031.033325 -16.141031
1031.394531 -13.658805
1031.755493 -53.388493
1032.116577 -58.356552
1032.477417 48.365391
1032.838257 -8.694399
1033.199097 -58.356552
1033.559937 -26.071383
1033.920654 -26.071383
1034.281128 -83.203606
1034.641724 -23.588739
1035.002197 -21.106064
1035.362671 -73.263535
1035.7229 -78.233292
1036.083252 -28.554268
1036.443481 -68.294075
1036.803711 -73.263535
1037.16394 -45.937134
1037.523804 -33.520218
1037.883789 -31.037258
1038.243774 -38.486721
1038.603638 6.196043
1038.963257 -65.809639
1039.32312 31.005161
1039.682861 -21.106064
