188.301102 0.0
188.764923 0.0
189.228699 -106.870468
189.692459 -99.412254
190.156158 -82.013428
190.619812 -57.167023
191.083435 -9.987843
191.547043 -17.434637
192.01059 34.673218
192.474091 104.079628
192.937561 49.552902
193.401001 34.673218
193.86441 9.865636
194.327759 9.865636
194.791077 2.421347
195.254349 37.15345
195.717575 7.3844
196.180786 12.346902
196.643951 37.15345
197.107071 66.90773
197.570145 -19.917156
198.033203 9.865636
198.496216 -2.541988
198.959167 -0.060201
199.422089 -62.135403
199.884979 -82.013428
200.347855 -86.983932
200.810654 -2.541988
201.273422 4.902926
201.73616 -64.61982
202.198853 -72.07357
202.661514 -67.10434
203.12413 -72.07357
203.5867 47.073193
204.04924 14.828064
204.511734 -52.198933
204.974197 4.902926
205.436615 71.865273
205.899002 -64.61982
206.361343 -17.434637
206.823654 -7.505876
207.285919 4.902926
207.748123 19.789942
208.210327 47.073193
208.672485 -69.588829
209.134583 -14.952358
209.596649 14.828064
210.05867 -52.198933
210.520676 -44.747723
210.982635 4.902926
211.444534 -54.682926
211.906403 -37.297462
212.36824 19.789942
212.830048 -62.135403
213.291779 -19.917156
213.753494 -17.434637
214.215179 -39.780819
214.676819 -22.39978
215.138412 32.19302
215.59996 -9.987843
216.061493 -47.2314
216.522949 -14.952358
216.984406 -27.36521
217.445801 -29.848148
217.907166 -44.747723
218.368484 56.991283
218.829773 -12.470047
219.291031 -77.043221
219.752228 42.113594
220.213379 17.309122
220.6745 -52.198933
221.135574 -82.013428
221.596634 -72.07357
222.057648 -5.02388
222.5186 -5.02388
222.979553 -32.331192
223.44043 47.073193
223.901276 -84.498695
224.362076 -39.780819
224.822845 27.232048
225.283569 -42.264153
225.744278 -111.843109
226.20491 19.789942
226.665512 -64.61982
227.126114 -37.297462
227.586639 -84.498695
228.047119 -14.952358
228.507568 -12.470047
228.967972 -22.39978
229.428345 -2.541988
229.888687 -9.987843
230.348984 56.991283
230.809219 -29.848148
231.26944 -22.39978
231.729614 -79.528275
232.189758 -42.264153
232.649841 -0.060201
233.109894 -12.470047
233.569901 -77.043221
234.029892 -14.952358
234.489822 61.94965
234.949707 -37.297462
235.409561 12.346902
235.869385 -12.470047
236.329163 -62.135403
236.788895 -14.952358
237.248581 -17.434637
237.708237 -67.10434
238.167847 -0.060201
238.627441 61.94965
239.08696 -22.39978
239.546463 49.552902
240.00592 -17.434637
240.465332 -27.36521
240.924698 -14.952358
241.384033 -89.469414
241.843338 -42.264153
242.302597 -69.588829
242.76181 -49.715179
243.220993 -109.356804
243.680115 -37.297462
244.139221 -77.043221
244.598282 -96.926346
245.057297 -72.07357
245.516266 -49.715179
245.975189 17.309122
246.434082 -34.814205
246.892944 -34.814205
247.351761 2.421347
247.810516 -86.983932
248.269272 -101.898262
248.727951 29.712585
249.1866 -7.505876
249.645218 -14.952358
250.10379 -47.2314
250.562317 19.789942
251.020813 32.19302
251.479279 -57.167023
251.937668 -89.469414
252.396057 -82.013428
252.854385 -39.780819
253.312683 7.3844
253.77092 17.309122
254.229126 -57.167023
254.687302 -7.505876
255.145432 -79.528275
255.6035 -67.10434
256.061584 -89.469414
256.519592 -86.983932
256.97757 -64.61982
257.435455 -42.264153
257.893372 9.865636
258.351196 -37.297462
258.80899 -64.61982
259.266754 -32.331192
259.724487 54.511883
260.18219 -42.264153
260.639832 -7.505876
261.097443 -0.060201
261.554993 -14.952358
262.012512 -72.07357
262.469971 -49.715179
262.927429 -34.814205
263.384827 -54.682926
263.842194 19.789942
264.29953 17.309122
264.756805 -34.814205
265.21405 -17.434637
265.671234 19.789942
266.128387 -12.470047
266.58551 -47.2314
267.042572 -22.39978
267.499573 -69.588829
267.956604 -39.780819
268.413574 -106.870468
268.870483 27.232048
269.327362 -44.747723
269.78418 9.865636
270.240936 -29.848148
270.697693 109.034241
271.154419 -57.167023
271.611053 -114.329659
272.067688 34.673218
272.524292 66.90773
272.980835 -42.264153
273.437347 -59.651093
273.893799 19.789942
274.35025 -14.952358
274.80661 -22.39978
275.262939 -37.297462
275.719238 32.19302
276.175507 -72.07357
276.631714 -89.469414
277.087891 -62.135403
277.544067 -39.780819
278.000122 -12.470047
278.456177 -14.952358
278.912201 -5.02388
279.368164 -22.39978
279.824097 -64.61982
280.279968 19.789942
280.73584 42.113594
281.19162 -17.434637
281.6474 7.3844
282.103149 -12.470047
282.558838 -24.882511
283.014465 -27.36521
283.470062 -42.264153
283.925629 -39.780819
284.381134 -99.412254
284.836639 -7.505876
285.292053 -57.167023
285.747467 7.3844
286.20282 -42.264153
286.658142 -17.434637
287.113434 -64.61982
287.568634 -12.470047
288.023804 17.309122
288.478973 -27.36521
288.934113 -2.541988
289.38913 -94.440552
289.844208 -29.848148
290.299164 32.19302
290.754089 -14.952358
291.208984 -37.297462
291.663879 -96.926346
292.118683 -5.02388
292.573456 52.032379
293.028198 -34.814205
293.482849 -44.747723
293.937561 -91.954994
294.392151 12.346902
294.846741 -79.528275
295.301239 -54.682926
295.755737 -86.983932
296.210175 -69.588829
296.664581 -29.848148
297.118958 -7.505876
297.573242 -47.2314
298.027557 -59.651093
298.481812 -34.814205
298.935974 -42.264153
299.390137 -37.297462
299.844238 -19.917156
300.29834 -67.10434
300.75235 -37.297462
301.20636 2.421347
301.660278 -39.780819
302.114197 -0.060201
302.568054 27.232048
303.021881 -5.02388
303.475677 4.902926
303.929413 7.3844
304.383118 -12.470047
304.836761 -24.882511
305.290375 -9.987843
305.743958 -111.843109
306.19751 19.789942
306.65097 -37.297462
307.104431 -82.013428
307.5578 -37.297462
308.011169 -22.39978
308.464508 -37.297462
308.917755 -5.02388
309.371063 -37.297462
309.824219 -62.135403
310.277374 -17.434637
310.730499 -9.987843
311.183563 -79.528275
311.636597 -54.682926
312.089569 19.789942
312.542511 -44.747723
312.995422 9.865636
313.448273 -2.541988
313.901093 -57.167023
314.353882 -29.848148
314.80658 -62.135403
315.259308 19.789942
315.711975 9.865636
316.164581 14.828064
316.617126 -47.2314
317.069672 -5.02388
317.522156 19.789942
317.974579 -54.682926
318.427002 2.421347
318.879333 12.346902
319.331665 -22.39978
319.783936 -5.02388
320.236176 -37.297462
320.688354 -104.384247
321.140503 -44.747723
321.592651 -7.505876
322.044647 -5.02388
322.496704 -42.264153
322.948639 -106.870468
323.400604 -5.02388
323.852509 -14.952358
324.304352 -32.331192
324.756165 2.421347
325.207916 24.751539
325.659668 91.691605
326.111328 27.232048
326.562988 -59.651093
327.014557 -59.651093
327.466156 -44.747723
327.917664 -29.848148
328.36911 -12.470047
328.820557 -27.36521
329.271942 -109.356804
329.723297 -96.926346
330.174561 -12.470047
330.625854 -64.61982
331.077026 -22.39978
331.528229 14.828064
331.97937 -37.297462
332.43045 -27.36521
332.8815 -27.36521
333.332489 7.3844
333.783478 -22.39978
334.234406 49.552902
334.685303 -12.470047
335.136078 -94.440552
335.586914 -14.952358
336.037659 -62.135403
336.488342 -37.297462
336.939026 -5.02388
337.389648 -32.331192
337.84024 22.270792
338.290771 -14.952358
338.741272 -37.297462
339.191681 17.309122
339.64212 14.828064
340.092468 -24.882511
340.542816 -2.541988
340.993103 -7.505876
341.443329 -19.917156
341.893555 -59.651093
342.343689 -24.882511
342.793793 -49.715179
343.243866 -29.848148
343.693878 -86.983932
344.14389 -62.135403
344.593842 -0.060201
345.043732 -27.36521
345.493591 -24.882511
345.943359 -59.651093
346.393158 34.673218
346.842896 -57.167023
347.292542 -64.61982
347.742218 -19.917156
348.191803 -5.02388
348.641357 44.593376
349.090881 -24.882511
349.540314 -82.013428
349.989777 -52.198933
350.439148 -94.440552
350.888489 -62.135403
351.337799 -27.36521
351.787048 24.751539
352.236267 42.113594
352.685425 -24.882511
353.134552 -17.434637
353.583649 4.902926
354.032684 -52.198933
354.481659 -34.814205
354.930634 -47.2314
355.379517 14.828064
355.82843 -62.135403
356.277222 -62.135403
356.726013 -34.814205
357.174774 -17.434637
357.623444 -44.747723
358.072113 -47.2314
358.520721 66.90773
358.969299 -24.882511
359.417786 -2.541988
359.866302 -32.331192
360.314697 -2.541988
360.763123 44.593376
361.211456 -67.10434
361.65976 -14.952358
362.108032 -57.167023
362.556244 2.421347
363.004456 -14.952358
363.452576 -89.469414
363.900696 -72.07357
364.348663 -9.987843
364.796722 27.232048
365.24469 -84.498695
365.692596 -29.848148
366.140472 -74.558411
366.588287 -27.36521
367.036102 4.902926
367.483826 -67.10434
367.931549 -42.264153
368.379181 -74.558411
368.826843 7.3844
369.274384 29.712585
369.721924 29.712585
370.169403 -2.541988
370.616821 -2.541988
371.06427 -2.541988
371.511566 14.828064
371.958923 -24.882511
372.406158 -47.2314
372.853424 -5.02388
373.300568 44.593376
373.747711 29.712585
374.194794 -49.715179
374.641846 -39.780819
375.088898 -74.558411
375.535828 -0.060201
375.982758 -9.987843
376.429596 34.673218
376.876465 -9.987843
377.323242 -54.682926
377.769989 2.421347
378.216675 -37.297462
378.66333 -82.013428
379.109985 12.346902
379.556519 -22.39978
380.003052 -54.682926
380.449524 -52.198933
380.895996 12.346902
381.342377 32.19302
381.788727 -14.952358
382.235046 -106.870468
382.681274 -59.651093
383.127533 -64.61982
383.573669 -9.987843
384.019836 47.073193
384.465912 -27.36521
384.911957 -44.747723
385.357971 -86.983932
385.803925 14.828064
386.249847 19.789942
386.695679 -44.747723
387.141541 7.3844
387.587311 -0.060201
388.033051 -101.898262
388.478729 -29.848148
388.924408 -62.135403
389.369995 -32.331192
389.815552 -52.198933
390.261078 -9.987843
390.706543 -17.434637
391.152008 101.60231
391.597351 -44.747723
392.042725 -74.558411
392.487976 -27.36521
392.933289 -42.264153
393.378479 12.346902
393.823639 -62.135403
394.268768 -39.780819
394.713837 -64.61982
395.158905 -2.541988
395.603851 7.3844
396.048798 -24.882511
396.493683 -64.61982
396.938568 -27.36521
397.383392 -67.10434
397.828156 74.343956
398.272888 -59.651093
398.71756 -24.882511
399.162201 -69.588829
399.606781 9.865636
400.051361 -52.198933
400.495819 29.712585
400.940308 -52.198933
401.384705 9.865636
401.829102 -7.505876
402.273438 -72.07357
402.717682 99.124748
403.161926 -22.39978
403.60611 66.90773
404.050293 148.655823
404.494385 24.751539
404.938446 27.232048
405.382477 49.552902
405.826447 -67.10434
406.270386 4.902926
406.714233 7.3844
407.158081 -2.541988
407.601868 12.346902
408.045624 19.789942
408.489319 42.113594
408.933014 42.113594
409.376617 7.3844
409.82019 76.822533
410.263702 12.346902
410.707184 -24.882511
411.150635 66.90773
411.594025 128.848206
412.037384 4.902926
412.480682 66.90773
412.923981 37.15345
413.367126 76.822533
413.810333 153.606781
414.253479 106.556984
414.696533 118.942101
415.139587 96.647095
415.582581 116.465256
416.025543 165.982162
416.468414 252.540436
416.911285 264.896057
417.354065 220.404465
417.796875 267.366943
418.239594 297.009064
418.682281 311.82486
419.124908 373.519897
419.567505 393.249695
420.010071 353.783966
420.452545 506.578217
420.89502 435.155365
421.337372 462.256042
421.779785 494.269592
422.222107 577.923157
422.664368 649.191162
423.106628 673.74884
423.548798 740.009583
423.990967 740.009583
424.433044 916.392578
424.875092 838.055542
425.317078 928.624756
425.759064 960.419006
426.200989 1014.19165
426.642853 1158.203003
427.084686 1175.270264
427.526459 1326.266357
427.968201 1321.400146
428.409912 1394.359131
428.851563 1506.094849
429.293121 1622.518677
429.734711 1666.133423
430.176239 1680.666382
430.617706 1748.452515
431.059113 2033.510132
431.500488 2040.744873
431.941833 2122.694092
432.383087 2344.051514
432.824341 2356.065918
433.265533 2531.293457
433.706726 2715.757813
434.147827 2725.330566
434.588867 2978.651855
435.029877 2966.718018
435.470825 3224.169434
435.911804 3305.080811
436.352661 3450.082031
436.793518 3658.902588
437.234283 3779.731201
437.675049 3869.671143
438.115723 4108.353516
438.556396 4457.164551
438.99704 4506.568848
439.437561 4666.397461
439.878113 4847.10791
440.318573 4978.355469
440.759033 5294.148438
441.199341 5527.524414
441.639709 5457.55957
442.079956 5944.138672
442.520264 6359.333984
442.96051 6352.387207
443.400604 6604.55127
443.840759 6959.959961
444.280762 7006.043457
444.720825 7307.484375
445.160767 7401.684082
445.600739 7452.200684
446.040558 7663.244629
446.480438 7731.98877
446.920258 8132.287598
447.359955 8095.738281
447.799713 8533.665039
448.239319 8050.039063
448.678955 8547.328125
449.1185 8824.831055
449.558014 8408.363281
449.997498 8563.264648
450.436951 8303.475586
450.876343 8444.826172
451.315674 8365.050781
451.754974 8369.610352
452.194183 8034.041016
452.633392 8054.609863
453.07251 7903.693848
453.511688 7699.912109
453.950684 7346.55127
454.38974 7181.01123
454.828735 7026.775879
455.267639 6736.214844
455.706543 6556.008789
456.145325 6451.925293
456.584137 6127.554199
457.022858 6046.327637
457.461578 5651.029785
457.900208 5637.054199
458.338867 5387.554199
458.777405 5029.876465
459.215912 4675.791992
459.654388 4727.448242
460.092773 4591.211914
460.531189 4245.181641
460.969513 4466.57666
461.407806 4110.713867
461.846008 4068.216309
462.284241 3846.009766
462.722351 3888.595703
463.160461 3718.149414
463.598541 3850.742432
464.03653 3720.519043
464.474518 3639.935791
464.912384 3670.754395
465.350281 3573.526855
465.788086 3518.944336
466.225891 3480.957275
466.663605 3338.378174
467.101318 3276.531494
467.539001 3205.122314
467.976563 3393.057129
468.414124 3197.97876
468.851593 3228.930908
469.289063 3102.679688
469.72644 3121.746582
470.163849 3019.217041
470.601135 3043.070557
471.038422 2976.265381
471.475677 2837.735596
471.912811 2947.620361
472.350006 2938.070068
472.787048 2983.425049
473.224121 2715.757813
473.661072 2581.638672
474.098053 2708.577881
474.534943 2663.091064
474.971802 2732.509033
475.40863 2651.117432
475.845367 2631.955811
476.282104 2665.485596
476.71875 2562.462402
477.155426 2636.746582
477.591949 2600.810059
478.028503 2516.903564
478.464966 2576.844971
478.901428 2634.351563
479.33786 2701.397461
479.77417 2607.998535
480.21051 2624.769287
480.646698 2722.937744
481.082947 2744.473145
481.519073 2787.528564
481.9552 2713.364746
482.391266 2768.395264
482.827301 2892.693848
483.263306 2873.581543
483.699188 2766.00293
484.135101 2892.693848
484.570923 2701.397461
485.006744 2976.265381
485.442413 2880.749023
485.878174 2969.10498
486.313782 3023.988281
486.74939 3004.901855
487.184998 3081.224609
487.620453 3009.673828
488.055939 3128.895752
488.491333 3181.307861
488.926727 3385.927002
489.36203 3267.012939
489.797302 3409.692627
490.232513 3381.172852
490.667755 3573.526855
491.102905 3492.829834
491.537964 3642.307373
491.973022 3758.418945
492.40799 3786.834961
492.842957 3758.418945
493.277832 3931.164795
493.712738 4054.046387
494.147491 4212.169922
494.582275 4143.756348
495.017029 4261.683594
495.45166 4374.774414
495.886292 4612.362793
496.320831 4732.143555
496.755402 4865.866699
497.18985 4896.343262
497.624298 5114.134277
498.058655 5247.417969
498.493042 5382.885742
498.927368 5436.5625
499.361572 5651.029785
499.795807 5958.077637
500.229919 6136.833496
500.664063 6204.089355
501.098083 6625.349121
501.532104 6609.172852
501.966064 6805.456055
502.399994 6973.786621
502.833893 7187.913086
503.2677 7539.413086
503.701477 7610.515625
504.135193 7683.871582
504.568909 7967.739258
505.002502 8114.01416
505.436127 8374.168945
505.869629 8570.094727
506.303162 8779.376953
506.736603 9054.144531
507.169983 9375.910156
507.603363 9475.462891
508.036621 9789.505859
508.46994 9891.029297
508.903107 10116.383789
509.336304 10253.682617
509.769379 10781.459961
510.202484 11157.673828
510.635529 11177.802734
511.068481 11381.194336
511.501434 11553.101563
511.934265 12025.509766
512.367126 12219.011719
512.799927 12587.660156
513.232605 12496.674805
513.665344 12729.600586
514.097961 13311.84375
514.530579 13325.107422
514.963135 13877.102539
515.395691 13855.046875
515.828064 14304.584961
516.260498 14496.068359
516.692871 14902.825195
517.125183 15203.708984
517.557373 15524.074219
517.989624 15640.305664
518.421753 16015.100586
518.853943 16041.390625
519.286072 16407.121094
519.718018 16943.28125
520.150024 17083.277344
520.581909 17271.367188
521.013855 17476.917969
521.445679 17525.019531
521.877502 17997.242188
522.309204 18159.007813
522.740906 18443.185547
523.172546 18510.953125
523.604187 18915.398438
524.035767 19160.291016
524.467224 19287.126953
524.898682 19984.996094
525.330078 19877.763672
525.761475 20238.910156
526.192749 20203.882813
526.624023 20725.117188
527.055237 20823.720703
527.486389 21461.777344
527.917542 21503.464844
528.348572 21569.296875
528.779663 22173.169922
529.210571 22494.097656
529.641541 22727.251953
530.072388 23046.396484
530.503235 23101.447266
530.934082 23669.986328
531.364746 23689.833984
531.795532 23672.193359
532.226135 24305.564453
532.656738 24321.025391
533.08728 24747.505859
533.517822 24844.794922
533.948242 24962.011719
534.378662 25247.445313
534.809082 25643.808594
535.239319 25750.150391
535.669617 26393.125
536.099792 26590.605469
536.529968 27050.173828
536.960083 26974.667969
537.390137 27278.970703
537.82019 27716.775391
538.250183 27894.630859
538.680115 27890.185547
539.109985 28361.660156
539.539795 28630.845703
539.969543 28435.070313
540.399292 29233.896484
540.828979 29260.605469
541.258606 29427.529297
541.688171 29763.621094
542.117737 30242.167969
542.547302 30317.839844
542.976685 30734.015625
543.406128 31147.882813
543.835388 31546.066406
544.264771 31445.974609
544.69397 31392.591797
545.12323 32275.339844
545.552307 32404.240234
545.981506 32479.792969
546.410583 33126.160156
546.839539 33436.945313
547.268555 33052.882813
547.697449 33461.359375
548.126282 33820.824219
548.555054 34042.632813
548.983887 34335.332031
549.412598 34986.925781
549.841309 35241.695313
550.269958 35567.292969
550.698486 36165.230469
551.127075 36225.019531
551.555481 36605.949219
551.983948 36687.902344
552.412292 37303.878906
552.840698 37416.941406
553.26886 37871.679688
553.697205 37880.558594
554.125366 38300.320313
554.553467 37964.910156
554.981628 39389.855469
555.409607 39667.230469
555.837646 40014.753906
556.265564 40241.746094
556.693481 40665.566406
557.121338 40993.742188
557.549133 41200.351563
557.976929 41416.617188
558.404602 41587.792969
558.832275 41473.628906
559.259888 42267.648438
559.687439 42457.3125
560.114929 42568.636719
560.542419 43126.390625
560.969788 43671.585938
561.397156 44189.964844
561.824524 44288.648438
562.25177 44259.738281
562.679016 44498.871094
563.10614 44705.386719
563.533264 44991.558594
563.960327 45008.753906
564.387329 44734.632813
564.814331 45366.847656
565.241272 45233.050781
565.668213 45698.675781
566.094971 45478.742188
566.52179 45543.570313
566.948425 45912.539063
567.375183 45854.527344
567.801819 45889.828125
568.228394 45844.453125
568.654846 45904.972656
569.081421 45389.199219
569.507874 45513.636719
569.934265 45616.03125
570.360596 46069.457031
570.786865 45097.316406
571.213074 45309.792969
571.639282 45309.792969
572.06543 45364.359375
572.491516 45443.890625
572.917603 45369.328125
573.343567 45811.71875
573.769531 45218.214844
574.195435 45463.800781
574.621277 45558.546875
575.047119 45516.128906
575.472839 45349.472656
575.89856 45653.570313
576.324158 45423.988281
576.749817 45255.3125
577.175293 45053.003906
577.60083 44822.519531
578.026306 44952.292969
578.451721 44822.519531
578.877136 44849.414063
579.302429 44751.707031
579.727661 45018.585938
580.152832 44898.363281
580.578064 44881.230469
581.003113 44878.777344
581.428223 44693.207031
581.853271 44800.527344
582.278198 44358.597656
582.703125 44564.347656
583.12793 44644.53125
583.552795 44433.507813
583.977539 44332.046875
584.402283 44671.292969
584.826965 44158.726563
585.251587 44125.109375
585.676208 43830.957031
586.100647 43986.144531
586.525208 43515.152344
586.949524 43790.464844
587.373962 43690.582031
587.798218 44038.800781
588.222534 43441.867188
588.646729 43688.210938
589.070984 43399.363281
589.495117 43340.398438
589.919128 43196.839844
590.343201 42740.695313
590.767151 42908.636719
591.191101 42526.863281
591.61499 42320.78125
592.038818 42455.0
592.462524 41981.96875
592.886292 41883.203125
593.310059 41414.335938
593.733582 41018.691406
594.157227 41188.984375
594.58075 41254.929688
595.004272 41166.261719
595.427673 40975.605469
595.851074 40814.792969
596.274353 40785.382813
596.697632 40318.265625
597.120911 40482.742188
597.544067 39996.796875
597.967224 39667.230469
598.39032 39562.03125
598.813354 39394.324219
599.236328 39577.695313
599.659241 39548.609375
600.082153 39229.03125
600.505005 38934.589844
600.927795 38464.839844
601.350525 38798.675781
601.773254 38413.691406
602.195862 37982.671875
602.618408 38004.875
603.040955 38169.222656
603.46344 37377.035156
603.885925 37099.980469
604.30835 36780.9375
604.730652 36586.011719
605.152893 36176.300781
605.575195 36058.933594
605.997375 35768.828125
606.419495 35806.476563
606.841553 35257.199219
607.263672 35613.804688
607.685608 35321.433594
608.107605 35476.484375
608.52948 35299.289063
608.951294 34523.761719
609.373108 34479.429688
609.7948 34366.371094
610.216553 33951.695313
610.638123 34361.9375
611.059753 34102.507813
611.481262 33676.613281
611.902832 33337.0625
612.324219 33514.621094
612.745605 33428.066406
613.166931 33170.566406
613.588196 32921.867188
614.00946 32395.351563
614.430664 32513.123047
614.851807 31657.269531
615.272827 32068.617188
615.693909 31365.896484
616.114929 31041.087891
616.535889 30883.107422
616.956787 30446.929688
617.377563 30524.822266
617.79834 30068.556641
618.219055 29681.265625
618.639832 29518.783203
619.060364 28817.748047
619.481018 28472.888672
619.901611 28045.835938
620.322083 28359.435547
620.742493 27779.021484
621.162842 26943.578125
621.583191 26936.916016
622.003418 26628.333984
622.423706 25973.992188
622.843872 25650.453125
623.264038 25262.9375
623.684143 25096.960938
624.104126 24762.982422
624.52417 24667.923828
624.944031 24164.242188
625.364014 23914.833984
625.783752 23471.572266
626.203552 22940.722656
626.62323 22428.134766
627.042969 22333.603516
627.462585 22098.464844
627.882141 21720.740234
628.301697 21455.197266
628.72113 21150.326172
629.140625 21053.857422
629.559998 21007.824219
629.979309 20488.539063
630.39856 20479.777344
630.81781 19960.923828
631.237 19834.001953
631.656067 19398.664063
632.075195 19162.478516
632.494202 19204.025391
632.913208 18948.193359
633.332092 18602.767578
633.750977 18600.582031
634.169739 18285.794922
634.588562 17783.005859
635.007263 17739.279297
635.425964 17177.326172
635.844543 17048.28125
636.263123 17085.462891
636.681641 16759.501953
637.100037 16470.607422
637.518494 16096.157227
637.936829 16304.21582
638.355164 15697.313477
638.773438 15785.000977
639.19165 15256.389648
639.609863 15280.533203
640.027893 15208.098633
640.445984 15067.575195
640.863953 14918.206055
641.281921 14639.045898
641.699829 14559.868164
642.117676 14482.866211
642.535461 14172.449219
642.953247 13914.589844
643.370972 13702.813477
643.788635 13671.914063
644.206177 13453.290039
644.623718 13086.224609
645.04126 13064.091797
645.458618 12882.514648
645.876099 12962.250977
646.293396 12658.643555
646.710693 12465.59668
647.127991 12243.461914
647.545166 11907.527344
647.962341 11936.472656
648.379333 11751.580078
648.796448 11925.34082
649.213379 11657.944336
649.63031 11352.15332
650.04718 11036.84375
650.463989 11175.566406
650.880859 10833.017578
651.297546 10776.975586
651.714233 10575.056641
652.130859 10480.737305
652.547485 10291.922852
652.963928 10055.572266
653.380432 10053.319336
653.796814 9990.228516
654.213196 9920.344727
654.629578 9715.011719
655.045837 9791.762695
655.462036 9493.555664
655.878174 9203.789063
656.294312 9357.801758
656.710327 9042.800781
657.126404 8990.610352
657.542358 8865.726563
657.958252 8886.169922
658.374084 8483.558594
658.789917 8403.804688
659.205688 8417.480469
659.621338 8260.128906
660.037048 8150.558105
660.452637 8031.754395
660.868164 7988.319336
661.283691 7665.536133
661.699158 7594.463379
662.114502 7823.592773
662.529846 7406.276855
662.945129 7293.693848
663.360413 7275.302734
663.775635 7063.625
664.190674 7100.464355
664.605835 7035.989258
665.020813 7038.29248
665.435791 6798.53418
665.850769 6470.435547
666.265625 6572.191895
666.68042 6454.239258
667.095215 6322.27832
667.509949 6359.333984
667.924622 5951.108398
668.339233 6064.898438
668.753784 5904.633301
669.168335 5776.734375
669.582825 5839.538086
669.997192 5804.650879
670.41156 5525.193359
670.825867 5571.814453
671.240173 5378.216797
671.654358 5259.102051
672.068481 5284.804199
672.482605 5338.525391
672.896667 5371.213379
673.310669 5153.901367
673.724609 5109.45459
674.138489 4776.735352
674.552307 4795.505859
674.966064 4795.505859
675.379822 4736.838379
675.793579 4652.304199
676.207153 4577.109375
676.620789 4428.92334
677.034241 4454.811523
677.447754 4278.183105
677.861206 4256.96875
678.274597 4287.610352
678.687866 4181.506836
679.101135 4150.835938
679.514404 4122.515625
679.927551 4025.70166
680.340698 3831.811035
680.753723 3855.475098
681.166748 3767.891602
681.579712 3590.133057
681.992615 3518.944336
682.405457 3573.526855
682.818298 3414.445313
683.231018 3476.207764
683.643738 3383.549805
684.056335 3347.889893
684.468994 3345.511719
684.881531 3309.838379
685.293945 3262.253418
685.706482 3023.988281
686.118774 3054.995361
686.531128 3081.224609
686.943481 3047.84082
687.355713 3109.830322
687.767883 2890.305176
688.179932 2954.782471
688.592041 2978.651855
689.004089 2746.865479
689.416016 2708.577881
689.827881 2643.932617
690.239868 2691.822021
690.651611 2641.537109
691.063354 2454.523193
691.475098 2526.49707
691.886719 2689.428467
692.29834 2444.922119
692.7099 2471.322266
693.12146 2298.38208
693.532837 2399.304443
693.944214 2247.87793
694.355652 2267.12085
694.766846 2305.594727
695.178101 2228.630371
695.589294 2197.344482
696.000366 2185.308594
696.411438 2129.920898
696.82251 2190.123291
697.233459 2069.677002
697.644409 2021.45105
698.055298 1982.850586
698.466064 1970.784424
698.876831 1871.775635
699.287537 1850.026001
699.698181 1784.743408
700.108826 1900.765869
700.519348 1787.162109
700.92981 1813.764282
701.340271 1738.772461
701.750732 1721.829224
702.161011 1695.197144
702.57135 1637.059692
702.981567 1574.029663
703.391724 1654.02063
703.80188 1697.618286
704.211914 1658.866089
704.621948 1503.667603
705.031921 1544.922119
705.441895 1440.530396
705.851746 1396.789673
706.261536 1469.677002
706.671265 1379.772949
707.081055 1360.320435
707.490662 1333.564819
707.90033 1389.497314
708.309814 1335.997437
708.719299 1340.862793
709.128784 1306.800049
709.538147 1231.320435
709.94751 1258.112305
710.35675 1150.887207
710.766052 1238.628296
711.175171 1214.266113
711.58429 1185.020996
711.993347 1180.14563
712.402405 1070.365723
712.811401 1060.599487
713.220276 1053.273926
713.62915 1065.482666
714.037964 982.421692
714.446777 1072.807129
714.855408 1006.861511
715.264099 1045.94751
715.672668 1028.849976
716.081177 982.421692
716.489746 975.088318
716.898132 1026.407349
717.306519 1001.974182
717.714844 869.890564
718.123108 855.199341
718.531372 884.578735
718.939514 923.7323
719.347595 889.474243
719.755676 781.696106
720.163696 918.839233
720.571716 899.263855
720.979614 798.853821
721.387451 754.725342
721.795227 901.71106
722.202942 798.853821
722.610718 769.438049
723.018311 722.837097
723.425903 742.462219
723.833374 808.656494
724.240906 580.382019
724.648376 693.388184
725.055725 666.382385
725.463013 678.659058
725.8703 634.452393
726.277466 582.840698
726.684631 639.365784
727.091797 565.62793
727.498779 649.191162
727.905823 668.837952
728.312805 563.168518
728.719666 563.168518
729.126526 558.249512
729.533264 555.7901
729.940063 543.490479
730.34668 523.806519
730.753357 543.490479
731.159851 553.330383
731.566406 565.62793
731.9729 541.030273
732.379272 504.116882
732.785645 548.410583
733.191895 543.490479
733.598206 587.757935
734.004333 553.330383
734.410522 442.547485
734.816528 496.731506
735.222656 496.731506
735.628662 501.655182
736.034546 452.402618
736.44043 474.57074
736.846252 425.297546
737.252014 462.256042
737.657715 410.50824
738.063354 449.938965
738.468933 440.083435
738.874512 477.033447
739.280029 378.452972
739.685486 388.317749
740.090881 430.226654
740.496216 435.155365
740.90155 412.973389
741.306702 420.368347
741.711914 403.112457
742.117004 405.577637
742.522095 375.986481
742.927124 368.58667
743.332031 324.16864
743.737 361.18576
744.141785 400.646912
744.546631 341.445984
744.951355 408.042999
745.356079 343.913818
745.76062 331.573883
746.165283 269.837402
746.569824 284.659912
746.974243 220.404465
747.378723 269.837402
747.78302 316.762756
748.187378 311.82486
748.591614 188.251587
748.99585 245.125946
749.399963 343.913818
749.804077 284.659912
750.20813 250.068985
750.612122 259.954041
751.016052 255.011795
751.419922 198.146561
751.823792 220.404465
752.227478 225.349503
752.631226 245.125946
753.034851 232.766373
753.438477 175.880722
753.842102 198.146561
754.245544 208.039948
754.648987 208.039948
755.052368 232.766373
755.45575 215.458908
755.859009 195.67308
756.262268 141.22876
756.665405 247.597443
757.068542 136.276917
757.47168 121.418709
757.874634 168.456985
758.277588 153.606781
758.68042 151.131348
759.083374 235.23851
759.486084 178.355164
759.888916 118.942101
760.291504 116.465256
760.694214 212.986099
761.096802 12.346902
761.499268 161.032333
761.901733 118.942101
762.304199 279.719482
762.706543 109.034241
763.108826 161.032333
763.511108 217.931732
763.913208 156.081985
764.315369 121.418709
764.717529 138.752808
765.119568 111.511261
765.521545 133.800781
765.923462 131.324539
766.325317 111.511261
766.727112 118.942101
767.128845 148.655823
767.530518 66.90773
767.932251 79.30088
768.333862 128.848206
768.735413 64.428741
769.136841 54.511883
769.538269 49.552902
769.939636 94.169464
770.341003 113.988312
770.742249 94.169464
771.143433 91.691605
771.544617 29.712585
771.94574 52.032379
772.346802 141.22876
772.747803 109.034241
773.148682 19.789942
773.549622 161.032333
773.950439 131.324539
774.351196 52.032379
774.751892 104.079628
775.152588 79.30088
775.553162 42.113594
775.953735 29.712585
776.354309 96.647095
776.754639 74.343956
777.15509 42.113594
777.55542 66.90773
777.95575 91.691605
778.355896 49.552902
778.756104 71.865273
779.156189 -2.541988
779.556274 118.942101
779.956299 27.232048
780.356201 56.991283
780.756165 109.034241
781.156006 64.428741
781.555786 52.032379
781.955505 69.38649
782.355225 146.180191
782.754761 101.60231
783.154358 56.991283
783.553894 86.735565
783.953369 42.113594
784.352783 34.673218
784.752075 17.309122
785.151367 148.655823
785.550598 12.346902
785.949768 52.032379
786.348877 -19.917156
786.747986 116.465256
787.147034 47.073193
787.545959 49.552902
787.944885 -37.297462
788.34375 22.270792
788.742493 -14.952358
789.141235 -17.434637
789.539917 42.113594
789.938538 47.073193
790.337158 47.073193
790.735718 76.822533
791.134094 59.470585
791.532532 61.94965
791.930847 32.19302
792.329224 61.94965
792.727417 37.15345
793.12561 -14.952358
793.523682 -32.331192
793.921753 -29.848148
794.319824 54.511883
794.717773 22.270792
795.115723 54.511883
795.51355 118.942101
795.911377 9.865636
796.309082 91.691605
796.706787 27.232048
797.10437 -29.848148
797.501953 -2.541988
797.899536 -0.060201
798.296936 32.19302
798.694397 19.789942
799.091736 4.902926
799.489014 -0.060201
799.88623 19.789942
800.283447 9.865636
800.680542 -52.198933
801.077637 -32.331192
801.47467 -2.541988
801.871643 12.346902
802.268555 -32.331192
802.665405 24.751539
803.062256 17.309122
803.458923 47.073193
803.855652 2.421347
804.252258 -19.917156
804.648804 32.19302
805.04541 -32.331192
805.441833 12.346902
805.838257 2.421347
806.234619 66.90773
806.630859 47.073193
807.0271 -17.434637
807.423279 -27.36521
807.819458 -2.541988
808.215515 -19.917156
808.611572 -29.848148
809.007507 64.428741
809.403381 9.865636
809.799194 29.712585
810.195068 -27.36521
810.590759 22.270792
810.98645 -19.917156
811.38208 -17.434637
811.777649 -9.987843
812.173157 -22.39978
812.568665 -5.02388
812.96405 7.3844
813.359375 22.270792
813.754639 52.032379
814.149841 -24.882511
814.545105 -49.715179
814.940186 19.789942
815.335266 42.113594
815.730347 -34.814205
816.125244 7.3844
816.520203 -5.02388
816.914978 2.421347
817.309753 14.828064
817.704468 -49.715179
818.099182 -34.814205
818.493774 -24.882511
818.888367 -42.264153
819.282898 7.3844
819.677307 9.865636
820.071716 -37.297462
820.466003 -0.060201
820.860291 19.789942
821.254517 -37.297462
821.648743 -49.715179
822.042786 7.3844
822.43689 -37.297462
822.830872 -29.848148
823.224792 -29.848148
823.618774 -27.36521
824.012512 -37.297462
824.406311 -14.952358
824.799988 -5.02388
825.193665 2.421347
825.58728 -17.434637
825.980835 -29.848148
826.374329 -7.505876
826.767761 -64.61982
827.161194 -12.470047
827.554443 2.421347
827.947754 -57.167023
828.340942 -79.528275
828.734131 -82.013428
829.127136 -82.013428
829.520264 -54.682926
829.913208 -47.2314
830.306152 -14.952358
830.699097 32.19302
831.091797 -17.434637
831.484619 19.789942
831.877319 -52.198933
832.27002 -22.39978
832.662537 -17.434637
833.055054 -19.917156
833.44751 -7.505876
833.839966 -59.651093
834.232361 -22.39978
834.624634 -49.715179
835.016907 -59.651093
835.409058 -64.61982
835.801208 19.789942
836.193298 -59.651093
836.585327 19.789942
836.977295 -42.264153
837.369202 22.270792
837.761047 -34.814205
838.152832 -0.060201
838.544617 -47.2314
838.936218 -12.470047
839.327942 24.751539
839.719421 -72.07357
840.111023 -14.952358
840.50238 37.15345
840.89386 -7.505876
841.285217 -22.39978
841.676453 -62.135403
842.067749 -62.135403
842.458862 -12.470047
842.849976 29.712585
843.241028 12.346902
843.632019 -14.952358
844.022949 -79.528275
844.413879 -52.198933
844.804749 -57.167023
845.195496 -22.39978
845.586182 -19.917156
845.976807 -84.498695
846.367432 -17.434637
846.757996 -29.848148
847.148499 -34.814205
847.538879 -49.715179
847.92926 -37.297462
848.319641 32.19302
848.709839 -22.39978
849.100098 -2.541988
849.490234 -24.882511
849.88031 -44.747723
850.270325 4.902926
850.660339 -19.917156
851.050171 -19.917156
851.440125 -62.135403
851.829895 -57.167023
852.219604 56.991283
852.609314 -27.36521
852.998901 44.593376
853.38855 -2.541988
853.778015 -14.952358
854.16748 -72.07357
854.556885 -57.167023
854.946228 -24.882511
855.335571 -62.135403
855.724731 -52.198933
856.113953 -62.135403
856.503052 -129.250916
856.892151 -72.07357
857.281067 -49.715179
857.670105 9.865636
858.05896 17.309122
858.447754 -37.297462
858.836609 -37.297462
859.225281 -52.198933
859.613892 17.309122
860.002502 -57.167023
860.391052 44.593376
860.779541 -29.848148
861.167969 -14.952358
861.556335 -12.470047
861.944702 -39.780819
862.332947 -44.747723
862.721069 -29.848148
863.109253 -12.470047
863.497314 -5.02388
863.885376 -9.987843
864.273315 -9.987843
864.661255 44.593376
865.049072 -22.39978
865.43689 -82.013428
865.824707 -64.61982
866.21228 -2.541988
866.599915 -14.952358
866.987488 4.902926
867.375061 -0.060201
867.762451 -17.434637
868.149841 -29.848148
868.53717 9.865636
868.924438 -67.10434
869.311707 -5.02388
869.698853 7.3844
870.085938 -17.434637
870.472961 -44.747723
870.859985 -32.331192
871.246887 -34.814205
871.633789 -69.588829
872.020569 -54.682926
872.407349 -17.434637
872.794067 -59.651093
873.180725 -49.715179
873.567322 -32.331192
873.953796 -62.135403
874.340332 24.751539
874.726624 -74.558411
875.113037 -39.780819
875.499329 -91.954994
875.885559 -34.814205
876.271729 19.789942
876.657898 -52.198933
877.044006 -49.715179
877.429932 -27.36521
877.815918 -14.952358
878.201782 -37.297462
878.587585 12.346902
878.973389 2.421347
879.35907 -54.682926
879.744751 -29.848148
880.13031 -86.983932
880.51593 -59.651093
880.901367 -69.588829
881.286804 -37.297462
881.67218 -24.882511
882.057434 -69.588829
882.442749 4.902926
882.827942 -5.02388
883.213013 29.712585
883.598145 -2.541988
883.983154 34.673218
884.368042 -96.926346
884.753052 -12.470047
885.137817 -27.36521
885.522644 -79.528275
885.907349 -7.505876
886.292053 -82.013428
886.676636 -57.167023
887.061157 -24.882511
887.44574 -47.2314
887.830078 42.113594
888.214539 -17.434637
888.598816 -17.434637
888.983093 -54.682926
889.367249 -54.682926
889.751465 -39.780819
890.135498 -96.926346
890.519531 -37.297462
890.903503 2.421347
891.287415 -22.39978
891.671326 -62.135403
892.055054 32.19302
892.438843 2.421347
892.82251 -7.505876
893.206116 -17.434637
893.589661 -42.264153
893.973206 -9.987843
894.356628 -27.36521
894.73999 -34.814205
895.123352 -44.747723
895.506592 17.309122
895.889832 -9.987843
896.272949 -62.135403
896.656067 17.309122
897.039063 -69.588829
897.422058 -44.747723
897.804993 -44.747723
898.187866 12.346902
898.570618 -44.747723
898.953369 -91.954994
899.336121 -22.39978
899.718689 -17.434637
900.101257 -22.39978
900.483704 -67.10434
900.866211 -67.10434
901.248596 -22.39978
901.63092 -74.558411
902.013184 -54.682926
902.395386 -27.36521
902.777588 -37.297462
903.159668 4.902926
903.541687 -49.715179
903.923645 84.25753
904.305603 -52.198933
904.6875 -12.470047
905.069275 -5.02388
905.45105 -96.926346
905.832642 12.346902
906.214294 -82.013428
906.595825 -52.198933
906.977417 -5.02388
907.358826 -24.882511
907.740234 -34.814205
908.121582 -64.61982
908.502869 -14.952358
908.884033 -2.541988
909.265198 -5.02388
909.646301 -12.470047
910.027344 -7.505876
910.408325 -29.848148
910.789246 2.421347
911.170105 -44.747723
911.550903 -22.39978
911.931641 -44.747723
912.312317 -57.167023
912.692932 -2.541988
913.073547 4.902926
913.453979 12.346902
913.834473 -0.060201
914.214783 -54.682926
914.595154 22.270792
914.975464 -7.505876
915.355652 -19.917156
915.73584 -62.135403
916.115845 42.113594
916.495972 -22.39978
916.875854 -74.558411
917.255859 -57.167023
917.63562 52.032379
918.015503 29.712585
918.395203 -74.558411
918.774902 -57.167023
919.15448 -9.987843
919.534058 -2.541988
919.913574 24.751539
920.292969 -47.2314
920.672363 76.822533
921.051636 -47.2314
921.430969 -14.952358
921.810181 -82.013428
922.189331 -47.2314
922.56842 -34.814205
922.947388 -62.135403
923.326416 -96.926346
923.705261 7.3844
924.084106 2.421347
924.462891 -124.276787
924.841675 -47.2314
925.220337 -39.780819
925.598938 -82.013428
925.977478 -17.434637
926.355957 -72.07357
926.734436 -27.36521
927.112732 -27.36521
927.491089 -12.470047
927.869324 81.779251
928.247559 -17.434637
928.625671 -39.780819
929.003723 -77.043221
929.381775 -119.30294
929.759705 -9.987843
930.137634 -39.780819
930.515381 -57.167023
930.89325 -9.987843
931.270935 -109.356804
931.64856 -44.747723
932.026123 -12.470047
932.403687 -37.297462
932.78125 59.470585
933.15863 17.309122
933.536011 -57.167023
933.913208 -49.715179
934.290527 -2.541988
934.667664 -89.469414
935.0448 -17.434637
935.421814 -0.060201
935.798889 -19.917156
936.175842 -5.02388
936.552673 14.828064
936.929504 27.232048
937.306274 -101.898262
937.683044 32.19302
938.05957 -7.505876
938.436218 27.232048
938.812744 17.309122
939.189148 7.3844
939.565613 -89.469414
939.941956 -9.987843
940.318237 -42.264153
940.694458 -74.558411
941.070557 -79.528275
941.446655 -44.747723
941.822693 -17.434637
942.198669 -91.954994
942.574646 -57.167023
942.950562 -49.715179
943.326294 -32.331192
943.702026 -84.498695
944.077698 -17.434637
944.453369 -44.747723
944.828918 -17.434637
945.204468 -74.558411
945.579834 -29.848148
945.955261 29.712585
946.330627 -62.135403
946.705811 -69.588829
947.081055 -94.440552
947.456177 -24.882511
947.831238 -62.135403
948.206238 -59.651093
948.581238 2.421347
948.956116 -74.558411
949.330933 -54.682926
949.705811 -9.987843
950.080505 -101.898262
950.455139 -24.882511
950.829773 -64.61982
951.204346 -12.470047
951.578735 37.15345
951.953186 -29.848148
952.327515 -12.470047
952.701843 -89.469414
953.076172 -72.07357
953.450195 -69.588829
953.824341 -82.013428
954.198486 -14.952358
954.572449 -12.470047
954.94635 -59.651093
955.320251 19.789942
955.694092 -57.167023
956.067871 -52.198933
956.441589 -32.331192
956.815125 -17.434637
957.188721 -0.060201
957.562256 -106.870468
957.93573 -34.814205
958.309021 -44.747723
958.682373 -94.440552
959.055664 -5.02388
959.428955 -27.36521
959.802063 -67.10434
960.17511 -12.470047
960.548157 14.828064
960.921143 -141.688354
961.294128 -62.135403
961.666809 -7.505876
962.039612 -42.264153
962.412415 -91.954994
962.785095 -12.470047
963.157715 -27.36521
963.530151 -47.2314
963.902649 -2.541988
964.275146 12.346902
964.647522 -19.917156
965.019714 -39.780819
965.392029 -19.917156
965.76416 -54.682926
966.136292 -24.882511
966.508423 4.902926
966.880371 -44.747723
967.252319 -44.747723
967.624207 -42.264153
967.996094 -0.060201
968.367737 -91.954994
968.739441 -47.2314
969.111084 -39.780819
969.482666 -54.682926
969.854248 -5.02388
970.225586 -57.167023
970.596985 -42.264153
970.968323 -47.2314
971.339661 -14.952358
971.710754 -67.10434
972.081909 -2.541988
972.453064 -42.264153
972.824097 -17.434637
973.194946 -24.882511
973.565918 -77.043221
973.936768 -72.07357
974.307556 -126.763863
974.678284 -39.780819
975.048828 -24.882511
975.419495 -64.61982
975.790039 -22.39978
976.160522 2.421347
976.530884 -106.870468
976.901245 -32.331192
977.271606 17.309122
977.641846 -49.715179
978.012024 -32.331192
978.382019 49.552902
978.752136 -32.331192
979.122131 -14.952358
979.492065 -57.167023
979.861877 -77.043221
980.231689 -39.780819
980.60144 -7.505876
980.971191 7.3844
981.34082 37.15345
981.710266 -32.331192
982.079773 -34.814205
982.44928 -14.952358
982.818604 17.309122
983.187866 -64.61982
983.557129 -47.2314
983.926331 -52.198933
984.295471 -106.870468
984.664612 -57.167023
985.033569 -39.780819
985.402527 7.3844
985.771362 -72.07357
986.140259 -114.329659
986.508911 -24.882511
986.877625 -12.470047
987.246277 56.991283
987.614929 -72.07357
987.983459 24.751539
988.351807 2.421347
988.720215 -79.528275
989.088623 -17.434637
989.456909 -44.747723
989.825012 44.593376
990.193115 -24.882511
990.561279 -19.917156
990.929321 -9.987843
991.297302 9.865636
991.6651 -74.558411
992.03302 2.421347
992.400818 -2.541988
992.768494 -34.814205
993.136047 -24.882511
993.503723 -84.498695
993.871277 -47.2314
994.23877 -32.331192
994.60614 -109.356804
994.97345 -84.498695
995.340759 -54.682926
995.708008 -7.505876
996.075195 -24.882511
996.4422 14.828064
996.809265 -54.682926
997.17627 -49.715179
997.543152 -96.926346
997.910095 -24.882511
998.276733 -106.870468
998.643494 -37.297462
999.010193 -47.2314
999.376831 2.421347
999.743286 -24.882511
1000.109802 -77.043221
1000.476257 -62.135403
1000.842651 -5.02388
1001.208923 -17.434637
1001.575134 -82.013428
1001.941284 -52.198933
1002.307434 54.511883
1002.673523 -12.470047
1003.039429 56.991283
1003.405334 54.511883
1003.771179 -52.198933
1004.137024 -44.747723
1004.502808 -54.682926
1004.868408 -37.297462
1005.234009 -54.682926
1005.599609 -64.61982
1005.965149 -22.39978
1006.330444 -34.814205
1006.695862 -24.882511
1007.061218 2.421347
1007.426453 -19.917156
1007.791626 -5.02388
1008.156677 -5.02388
1008.521729 27.232048
1008.88678 -52.198933
1009.251709 -2.541988
1009.616577 -64.61982
1009.981384 -0.060201
1010.34613 -54.682926
1010.710754 -52.198933
1011.075439 -77.043221
1011.439941 -119.30294
1011.804443 9.865636
1012.168884 -64.61982
1012.533325 -64.61982
1012.897522 -69.588829
1013.26178 -79.528275
1013.626038 -57.167023
1013.990112 24.751539
1014.354187 52.032379
1014.71814 2.421347
1015.082153 -96.926346
1015.446045 19.789942
1015.809937 17.309122
1016.173523 -86.983932
1016.53717 -44.747723
1016.900879 -89.469414
1017.264404 19.789942
1017.627991 -49.715179
1017.991333 -52.198933
1018.354675 -57.167023
1018.718018 -22.39978
1019.081299 39.633572
1019.444397 22.270792
1019.807495 -72.07357
1020.170593 -64.61982
1020.533691 -44.747723
1020.896606 -69.588829
1021.25946 -64.61982
1021.622253 -17.434637
1021.985046 -154.128342
1022.347778 -27.36521
1022.710327 -52.198933
1023.072876 -5.02388
1023.435364 -37.297462
1023.797852 -91.954994
1024.160278 -69.588829
1024.522461 -62.135403
1024.884766 -44.747723
1025.246948 -49.715179
1025.609131 49.552902
1025.971069 2.421347
1026.33313 37.15345
1026.694946 -2.541988
1027.056885 -14.952358
1027.418823 -44.747723
1027.780396 -24.882511
1028.14209 -27.36521
1028.503784 19.789942
1028.865479 17.309122
1029.226807 -106.870468
1029.588135 22.270792
1029.949707 -32.331192
1030.310913 -72.07357
1030.672241 7.3844
1031.033325 -44.747723
1031.394531 -42.264153
1031.755493 2.421347
1032.116577 -39.780819
1032.477417 -47.2314
1032.838257 9.865636
1033.199097 -39.780819
1033.559937 -59.651093
1033.920654 -24.882511
1034.281128 7.3844
1034.641724 -27.36521
1035.002197 24.751539
1035.362671 -17.434637
1035.7229 -67.10434
1036.083252 -19.917156
1036.443481 -44.747723
1036.803711 -49.715179
1037.16394 -49.715179
1037.523804 -49.715179
1037.883789 -39.780819
1038.243774 27.232048
1038.603638 -104.384247
1038.963257 -49.715179
1039.32312 -69.588829
1039.682861 -12.470047
