188.301102 0.0
188.764923 0.0
189.228699 -21.06056
189.692459 31.050627
190.156158 -60.795273
190.619812 75.681
191.083435 1.278512
191.547043 3.760004
192.01059 -40.924477
192.474091 18.647442
192.937561 -6.166995
193.401001 23.608999
193.86441 11.204123
194.327759 60.807957
194.791077 68.244942
195.254349 -6.166995
195.717575 23.608999
196.180786 26.089691
196.643951 36.011284
197.107071 18.647442
197.570145 -38.441204
198.033203 6.241526
198.496216 -11.131053
198.959167 -108.015579
199.422089 1.278512
199.884979 -18.577993
200.347855 -28.508759
200.810654 -8.648904
201.273422 21.128206
201.73616 -23.543098
202.198853 33.531006
202.661514 -40.924477
203.12413 26.089691
203.5867 -8.648904
204.04924 23.608999
204.511734 -45.891609
204.974197 58.328716
205.436615 -6.166995
205.899002 -16.09553
206.361343 -50.859028
206.823654 -38.441204
207.285919 -35.957901
207.748123 -3.685055
208.210327 -8.648904
208.672485 -103.043144
209.134583 -60.795273
209.596649 -40.924477
210.05867 -18.577993
210.520676 -100.557076
210.982635 -21.06056
211.444534 -152.786087
211.906403 -70.733208
212.36824 -132.88382
212.830048 -35.957901
213.291779 60.807957
213.753494 -23.543098
214.215179 -152.786087
214.676819 -73.217995
215.138412 -93.099678
215.59996 26.089691
216.061493 -110.501831
216.522949 16.166439
216.984406 -28.508759
217.445801 -60.795273
217.907166 -80.672844
218.368484 31.050627
218.829773 -35.957901
219.291031 -33.474701
219.752228 13.685334
220.213379 -50.859028
220.6745 38.491318
221.135574 -55.827007
221.596634 -73.217995
222.057648 -43.40799
222.5186 -33.474701
222.979553 43.451355
223.44043 -70.733208
223.901276 -100.557076
224.362076 -40.924477
224.822845 -6.166995
225.283569 1.278512
225.744278 -13.613306
226.20491 16.166439
226.665512 -26.025875
227.126114 -38.441204
227.586639 -33.474701
228.047119 8.722944
228.507568 -30.991747
228.967972 -43.40799
229.428345 -45.891609
229.888687 1.278512
230.348984 -33.474701
230.809219 -60.795273
231.26944 16.166439
231.729614 -30.991747
232.189758 6.241526
232.649841 16.166439
233.109894 -48.375336
233.569901 -13.613306
234.029892 -40.924477
234.489822 -28.508759
234.949707 33.531006
235.409561 73.202362
235.869385 -8.648904
236.329163 -21.06056
236.788895 -40.924477
237.248581 -43.40799
237.708237 -73.217995
238.167847 -88.128647
238.627441 -60.795273
239.08696 8.722944
239.546463 -50.859028
240.00592 -40.924477
240.465332 -38.441204
240.924698 -35.957901
241.384033 -88.128647
241.843338 -40.924477
242.302597 45.931084
242.76181 -35.957901
243.220993 -43.40799
243.680115 -55.827007
244.139221 -1.203219
244.598282 -18.577993
245.057297 -48.375336
245.516266 78.159523
245.975189 16.166439
246.434082 -93.099678
246.892944 13.685334
247.351761 -80.672844
247.810516 3.760004
248.269272 -65.764099
248.727951 36.011284
249.1866 -38.441204
249.645218 -40.924477
250.10379 -50.859028
250.562317 -40.924477
251.020813 -16.09553
251.479279 -8.648904
251.937668 -28.508759
252.396057 -3.685055
252.854385 -3.685055
253.312683 -83.157913
253.77092 53.370052
254.229126 -1.203219
254.687302 33.531006
255.145432 -26.025875
255.6035 -1.203219
256.061584 -48.375336
256.519592 13.685334
256.97757 -48.375336
257.435455 -3.685055
257.893372 -58.311016
258.351196 -103.043144
258.80899 -88.128647
259.266754 -26.025875
259.724487 -35.957901
260.18219 -13.613306
260.639832 -13.613306
261.097443 23.608999
261.554993 -28.508759
262.012512 -21.06056
262.469971 -68.248535
262.927429 -70.733208
263.384827 -58.311016
263.842194 -26.025875
264.29953 -8.648904
264.756805 -38.441204
265.21405 6.241526
265.671234 33.531006
266.128387 -28.508759
266.58551 3.760004
267.042572 -65.764099
267.499573 -16.09553
267.956604 -40.924477
268.413574 -13.613306
268.870483 -18.577993
269.327362 3.760004
269.78418 -65.764099
270.240936 16.166439
270.697693 33.531006
271.154419 -16.09553
271.611053 -38.441204
272.067688 -23.543098
272.524292 53.370052
272.980835 16.166439
273.437347 60.807957
273.893799 -33.474701
274.35025 18.647442
274.80661 -18.577993
275.262939 -26.025875
275.719238 -38.441204
276.175507 -11.131053
276.631714 8.722944
277.087891 -30.991747
277.544067 28.570143
278.000122 -93.099678
278.456177 -11.131053
278.912201 -23.543098
279.368164 -45.891609
279.824097 -30.991747
280.279968 -95.585419
280.73584 -43.40799
281.19162 -40.924477
281.6474 -60.795273
282.103149 -48.375336
282.558838 -45.891609
283.014465 -30.991747
283.470062 -73.217995
283.925629 -6.166995
284.381134 -30.991747
284.836639 -38.441204
285.292053 -3.685055
285.747467 -28.508759
286.20282 -3.685055
286.658142 -43.40799
287.113434 43.451355
287.568634 -8.648904
288.023804 23.608999
288.478973 -65.764099
288.934113 -60.795273
289.38913 -53.342968
289.844208 -28.508759
290.299164 -85.643227
290.754089 -50.859028
291.208984 -13.613306
291.663879 -78.187744
292.118683 -1.203219
292.573456 -127.909233
293.028198 60.807957
293.482849 -28.508759
293.937561 -45.891609
294.392151 -65.764099
294.846741 -18.577993
295.301239 -48.375336
295.755737 18.647442
296.210175 -16.09553
296.664581 -16.09553
297.118958 13.685334
297.573242 -3.685055
298.027557 -45.891609
298.481812 -60.795273
298.935974 -13.613306
299.390137 -68.248535
299.844238 13.685334
300.29834 55.849365
300.75235 -3.685055
301.20636 -30.991747
301.660278 80.63781
302.114197 -60.795273
302.568054 -40.924477
303.021881 -35.957901
303.475677 3.760004
303.929413 -75.702744
304.383118 16.166439
304.836761 -55.827007
305.290375 3.760004
305.743958 -53.342968
306.19751 -26.025875
306.65097 -40.924477
307.104431 45.931084
307.5578 -28.508759
308.011169 -16.09553
308.464508 50.890495
308.917755 -6.166995
309.371063 -16.09553
309.824219 -50.859028
310.277374 -63.279633
310.730499 -21.06056
311.183563 38.491318
311.636597 18.647442
312.089569 21.128206
312.542511 -83.157913
312.995422 8.722944
313.448273 -23.543098
313.901093 -130.396469
314.353882 -33.474701
314.80658 -13.613306
315.259308 -30.991747
315.711975 -35.957901
316.164581 -38.441204
316.617126 -50.859028
317.069672 -13.613306
317.522156 -33.474701
317.974579 18.647442
318.427002 -38.441204
318.879333 -50.859028
319.331665 1.278512
319.783936 -26.025875
320.236176 -38.441204
320.688354 -40.924477
321.140503 -30.991747
321.592651 -21.06056
322.044647 -28.508759
322.496704 -3.685055
322.948639 -117.961487
323.400604 -95.585419
323.852509 65.766006
324.304352 28.570143
324.756165 38.491318
325.207916 -18.577993
325.659668 -58.311016
326.111328 -115.474915
326.562988 36.011284
327.014557 -1.203219
327.466156 21.128206
327.917664 -127.909233
328.36911 -8.648904
328.820557 -58.311016
329.271942 1.278512
329.723297 26.089691
330.174561 1.278512
330.625854 16.166439
331.077026 1.278512
331.528229 -68.248535
331.97937 -13.613306
332.43045 1.278512
332.8815 -30.991747
333.332489 -70.733208
333.783478 -45.891609
334.234406 -55.827007
334.685303 -40.924477
335.136078 16.166439
335.586914 16.166439
336.037659 -8.648904
336.488342 55.849365
336.939026 11.204123
337.389648 -58.311016
337.84024 -45.891609
338.290771 -75.702744
338.741272 11.204123
339.191681 -48.375336
339.64212 -55.827007
340.092468 -48.375336
340.542816 -33.474701
340.993103 -43.40799
341.443329 -40.924477
341.893555 -1.203219
342.343689 -23.543098
342.793793 -63.279633
343.243866 -38.441204
343.693878 -43.40799
344.14389 -58.311016
344.593842 -78.187744
345.043732 -43.40799
345.493591 -112.988319
345.943359 -8.648904
346.393158 -48.375336
346.842896 33.531006
347.292542 -3.685055
347.742218 -60.795273
348.191803 -55.827007
348.641357 -40.924477
349.090881 -108.015579
349.540314 23.608999
349.989777 -8.648904
350.439148 -58.311016
350.888489 -50.859028
351.337799 -50.859028
351.787048 11.204123
352.236267 -1.203219
352.685425 -1.203219
353.134552 26.089691
353.583649 23.608999
354.032684 -8.648904
354.481659 -48.375336
354.930634 68.244942
355.379517 31.050627
355.82843 -68.248535
356.277222 6.241526
356.726013 21.128206
357.174774 -40.924477
357.623444 -73.217995
358.072113 -90.614174
358.520721 38.491318
358.969299 -33.474701
359.417786 -8.648904
359.866302 -48.375336
360.314697 -53.342968
360.763123 -30.991747
361.211456 -8.648904
361.65976 -53.342968
362.108032 13.685334
362.556244 -35.957901
363.004456 3.760004
363.452576 -33.474701
363.900696 -68.248535
364.348663 -55.827007
364.796722 -8.648904
365.24469 -8.648904
365.692596 -90.614174
366.140472 -6.166995
366.588287 -30.991747
367.036102 -43.40799
367.483826 18.647442
367.931549 -28.508759
368.379181 -30.991747
368.826843 -38.441204
369.274384 -8.648904
369.721924 -78.187744
370.169403 -78.187744
370.616821 -43.40799
371.06427 -100.557076
371.511566 -100.557076
371.958923 1.278512
372.406158 -40.924477
372.853424 -23.543098
373.300568 -58.311016
373.747711 -38.441204
374.194794 -68.248535
374.641846 36.011284
375.088898 40.97139
375.535828 -90.614174
375.982758 -35.957901
376.429596 -3.685055
376.876465 -16.09553
377.323242 -33.474701
377.769989 -1.203219
378.216675 -38.441204
378.66333 -70.733208
379.109985 -18.577993
379.556519 -73.217995
380.003052 -48.375336
380.449524 16.166439
380.895996 -33.474701
381.342377 -43.40799
381.788727 -63.279633
382.235046 -23.543098
382.681274 8.722944
383.127533 8.722944
383.573669 -18.577993
384.019836 -1.203219
384.465912 -63.279633
384.911957 -1.203219
385.357971 1.278512
385.803925 21.128206
386.249847 -35.957901
386.695679 23.608999
387.141541 -55.827007
387.587311 26.089691
388.033051 -38.441204
388.478729 -55.827007
388.924408 -8.648904
389.369995 33.531006
389.815552 -1.203219
390.261078 -33.474701
390.706543 -65.764099
391.152008 -70.733208
391.597351 31.050627
392.042725 -28.508759
392.487976 -73.217995
392.933289 11.204123
393.378479 -1.203219
393.823639 -16.09553
394.268768 -35.957901
394.713837 -33.474701
395.158905 21.128206
395.603851 -73.217995
396.048798 -40.924477
396.493683 -21.06056
396.938568 -13.613306
397.383392 13.685334
397.828156 -50.859028
398.272888 -11.131053
398.71756 -26.025875
399.162201 -18.577993
399.606781 28.570143
400.051361 -28.508759
400.495819 -33.474701
400.940308 -13.613306
401.384705 -68.248535
401.829102 11.204123
402.273438 -60.795273
402.717682 1.278512
403.161926 -18.577993
403.60611 -28.508759
404.050293 31.050627
404.494385 -6.166995
404.938446 -35.957901
405.382477 -6.166995
405.826447 -33.474701
406.270386 -16.09553
406.714233 -26.025875
407.158081 -53.342968
407.601868 -13.613306
408.045624 -8.648904
408.489319 50.890495
408.933014 -53.342968
409.376617 -68.248535
409.82019 -45.891609
410.263702 -28.508759
410.707184 -18.577993
411.150635 18.647442
411.594025 48.410843
412.037384 -18.577993
412.480682 -13.613306
412.923981 -30.991747
413.367126 -8.648904
413.810333 -3.685055
414.253479 33.531006
414.696533 -68.248535
415.139587 -1.203219
415.582581 -8.648904
416.025543 -127.909233
416.468414 38.491318
416.911285 -75.702744
417.354065 23.608999
417.796875 -11.131053
418.239594 -23.543098
418.682281 23.608999
419.124908 38.491318
419.567505 31.050627
420.010071 11.204123
420.452545 13.685334
420.89502 -45.891609
421.337372 -88.128647
421.779785 16.166439
422.222107 -11.131053
422.664368 18.647442
423.106628 -21.06056
423.548798 -11.131053
423.990967 -30.991747
424.433044 -38.441204
424.875092 -48.375336
425.317078 -8.648904
425.759064 -18.577993
426.200989 -68.248535
426.642853 -75.702744
427.084686 6.241526
427.526459 -110.501831
427.968201 -98.071259
428.409912 -38.441204
428.851563 43.451355
429.293121 -85.643227
429.734711 -50.859028
430.176239 -3.685055
430.617706 -18.577993
431.059113 -48.375336
431.500488 -35.957901
431.941833 8.722944
432.383087 -23.543098
432.824341 -50.859028
433.265533 -60.795273
433.706726 -60.795273
434.147827 -63.279633
434.588867 -70.733208
435.029877 6.241526
435.470825 43.451355
435.911804 -38.441204
436.352661 1.278512
436.793518 -8.648904
437.234283 -1.203219
437.675049 -28.508759
438.115723 -3.685055
438.556396 -3.685055
438.99704 -16.09553
439.437561 -95.585419
439.878113 -93.099678
440.318573 -70.733208
440.759033 -73.217995
441.199341 13.685334
441.639709 -16.09553
442.079956 -68.248535
442.520264 6.241526
442.96051 -85.643227
443.400604 -50.859028
443.840759 -48.375336
444.280762 11.204123
444.720825 -40.924477
445.160767 -30.991747
445.600739 -73.217995
446.040558 -33.474701
446.480438 11.204123
446.920258 -127.909233
447.359955 -11.131053
447.799713 -65.764099
448.239319 -50.859028
448.678955 -50.859028
449.1185 8.722944
449.558014 1.278512
449.997498 -38.441204
450.436951 -23.543098
450.876343 3.760004
451.315674 -21.06056
451.754974 -85.643227
452.194183 -45.891609
452.633392 11.204123
453.07251 -6.166995
453.511688 -58.311016
453.950684 -137.858704
454.38974 -23.543098
454.828735 -43.40799
455.267639 -6.166995
455.706543 -1.203219
456.145325 -70.733208
456.584137 -6.166995
457.022858 18.647442
457.461578 -50.859028
457.900208 -23.543098
458.338867 40.97139
458.777405 -33.474701
459.215912 23.608999
459.654388 11.204123
460.092773 -16.09553
460.531189 -38.441204
460.969513 -11.131053
461.407806 -35.957901
461.846008 -8.648904
462.284241 1.278512
462.722351 -40.924477
463.160461 -117.961487
463.598541 40.97139
464.03653 -3.685055
464.474518 48.410843
464.912384 -73.217995
465.350281 23.608999
465.788086 11.204123
466.225891 -1.203219
466.663605 -45.891609
467.101318 -35.957901
467.539001 -18.577993
467.976563 -11.131053
468.414124 -65.764099
468.851593 -50.859028
469.289063 -28.508759
469.72644 -35.957901
470.163849 -16.09553
470.601135 -70.733208
471.038422 -55.827007
471.475677 -43.40799
471.912811 -132.88382
472.350006 -112.988319
472.787048 26.089691
473.224121 -30.991747
473.661072 -48.375336
474.098053 -48.375336
474.534943 8.722944
474.971802 -13.613306
475.40863 -18.577993
475.845367 -3.685055
476.282104 3.760004
476.71875 -1.203219
477.155426 -80.672844
477.591949 11.204123
478.028503 -50.859028
478.464966 -18.577993
478.901428 -30.991747
479.33786 -55.827007
479.77417 -53.342968
480.21051 -30.991747
480.646698 3.760004
481.082947 -6.166995
481.519073 -1.203219
481.9552 11.204123
482.391266 40.97139
482.827301 -8.648904
483.263306 -45.891609
483.699188 -70.733208
484.135101 -58.311016
484.570923 -45.891609
485.006744 -11.131053
485.442413 -55.827007
485.878174 -108.015579
486.313782 -98.071259
486.74939 -18.577993
487.184998 -33.474701
487.620453 -45.891609
488.055939 -53.342968
488.491333 -50.859028
488.926727 21.128206
489.36203 -3.685055
489.797302 -58.311016
490.232513 -100.557076
490.667755 3.760004
491.102905 -58.311016
491.537964 -50.859028
491.973022 48.410843
492.40799 -23.543098
492.842957 -73.217995
493.277832 -60.795273
493.712738 -48.375336
494.147491 -50.859028
494.582275 -98.071259
495.017029 53.370052
495.45166 18.647442
495.886292 21.128206
496.320831 -75.702744
496.755402 40.97139
497.18985 -8.648904
497.624298 -40.924477
498.058655 -58.311016
498.493042 -80.672844
498.927368 -58.311016
499.361572 -48.375336
499.795807 -83.157913
500.229919 8.722944
500.664063 -26.025875
501.098083 13.685334
501.532104 -93.099678
501.966064 -48.375336
502.399994 8.722944
502.833893 -13.613306
503.2677 -70.733208
503.701477 -73.217995
504.135193 -55.827007
504.568909 -43.40799
505.002502 31.050627
505.436127 -43.40799
505.869629 13.685334
506.303162 36.011284
506.736603 26.089691
507.169983 -30.991747
507.603363 -50.859028
508.036621 18.647442
508.46994 -130.396469
508.903107 -50.859028
509.336304 -33.474701
509.769379 26.089691
510.202484 55.849365
510.635529 -48.375336
511.068481 -65.764099
511.501434 -13.613306
511.934265 -53.342968
512.367126 23.608999
512.799927 -100.557076
513.232605 -43.40799
513.665344 28.570143
514.097961 -108.015579
514.530579 -88.128647
514.963135 -6.166995
515.395691 -16.09553
515.828064 -53.342968
516.260498 -3.685055
516.692871 18.647442
517.125183 -11.131053
517.557373 -11.131053
517.989624 8.722944
518.421753 -1.203219
518.853943 -35.957901
519.286072 -75.702744
519.718018 -83.157913
520.150024 -8.648904
520.581909 -55.827007
521.013855 60.807957
521.445679 -11.131053
521.877502 -48.375336
522.309204 1.278512
522.740906 -23.543098
523.172546 -23.543098
523.604187 -11.131053
524.035767 50.890495
524.467224 -6.166995
524.898682 6.241526
525.330078 -43.40799
525.761475 -38.441204
526.192749 -3.685055
526.624023 -50.859028
527.055237 21.128206
527.486389 -45.891609
527.917542 -26.025875
528.348572 28.570143
528.779663 18.647442
529.210571 -13.613306
529.641541 18.647442
530.072388 -6.166995
530.503235 -21.06056
530.934082 -23.543098
531.364746 -11.131053
531.795532 -26.025875
532.226135 36.011284
532.656738 38.491318
533.08728 -6.166995
533.517822 -40.924477
533.948242 -21.06056
534.378662 28.570143
534.809082 -30.991747
535.239319 -70.733208
535.669617 -6.166995
536.099792 40.97139
536.529968 -26.025875
536.960083 -65.764099
537.390137 -63.279633
537.82019 -11.131053
538.250183 31.050627
538.680115 -80.672844
539.109985 43.451355
539.539795 6.241526
539.969543 -40.924477
540.399292 38.491318
540.828979 26.089691
541.258606 -105.529312
541.688171 -18.577993
542.117737 -6.166995
542.547302 3.760004
542.976685 95.506065
543.406128 3.760004
543.835388 11.204123
544.264771 -50.859028
544.69397 -30.991747
545.12323 -28.508759
545.552307 -78.187744
545.981506 50.890495
546.410583 -50.859028
546.839539 -58.311016
547.268555 1.278512
547.697449 -50.859028
548.126282 -33.474701
548.555054 36.011284
548.983887 -30.991747
549.412598 -60.795273
549.841309 -85.643227
550.269958 -13.613306
550.698486 -48.375336
551.127075 -130.396469
551.555481 -40.924477
551.983948 -65.764099
552.412292 -1.203219
552.840698 -55.827007
553.26886 -70.733208
553.697205 16.166439
554.125366 -18.577993
554.553467 -30.991747
554.981628 -73.217995
555.409607 6.241526
555.837646 -23.543098
556.265564 31.050627
556.693481 -55.827007
557.121338 -95.585419
557.549133 -30.991747
557.976929 -13.613306
558.404602 -83.157913
558.832275 -85.643227
559.259888 -33.474701
559.687439 -55.827007
560.114929 -53.342968
560.542419 6.241526
560.969788 -38.441204
561.397156 18.647442
561.824524 -78.187744
562.25177 -73.217995
562.679016 -26.025875
563.10614 -45.891609
563.533264 -11.131053
563.960327 16.166439
564.387329 -33.474701
564.814331 -80.672844
565.241272 -53.342968
565.668213 83.116127
566.094971 -30.991747
566.52179 -13.613306
566.948425 -48.375336
567.375183 -58.311016
567.801819 -80.672844
568.228394 -75.702744
568.654846 -35.957901
569.081421 -23.543098
569.507874 16.166439
569.934265 31.050627
570.360596 21.128206
570.786865 8.722944
571.213074 -11.131053
571.639282 -60.795273
572.06543 -60.795273
572.491516 40.97139
572.917603 31.050627
573.343567 13.685334
573.769531 -11.131053
574.195435 -43.40799
574.621277 -23.543098
575.047119 31.050627
575.472839 -65.764099
575.89856 58.328716
576.324158 48.410843
576.749817 -33.474701
577.175293 -1.203219
577.60083 53.370052
578.026306 -1.203219
578.451721 18.647442
578.877136 -26.025875
579.302429 26.089691
579.727661 33.531006
580.152832 -50.859028
580.578064 -11.131053
581.003113 -28.508759
581.428223 -16.09553
581.853271 -3.685055
582.278198 -73.217995
582.703125 -38.441204
583.12793 11.204123
583.552795 8.722944
583.977539 -70.733208
584.402283 21.128206
584.826965 -38.441204
585.251587 36.011284
585.676208 -26.025875
586.100647 -26.025875
586.525208 -98.071259
586.949524 28.570143
587.373962 31.050627
587.798218 -38.441204
588.222534 38.491318
588.646729 21.128206
589.070984 48.410843
589.495117 43.451355
589.919128 50.890495
590.343201 55.849365
590.767151 16.166439
591.191101 38.491318
591.61499 58.328716
592.038818 31.050627
592.462524 36.011284
592.886292 48.410843
593.310059 -16.09553
593.733582 -3.685055
594.157227 53.370052
594.58075 33.531006
595.004272 -13.613306
595.427673 8.722944
595.851074 11.204123
596.274353 36.011284
596.697632 40.97139
597.120911 16.166439
597.544067 48.410843
597.967224 85.594345
598.39032 40.97139
598.813354 60.807957
599.236328 85.594345
599.659241 -3.685055
600.082153 80.63781
600.505005 107.893311
600.927795 142.564316
601.350525 209.374039
601.773254 68.244942
602.195862 43.451355
602.618408 102.938744
603.040955 102.938744
603.46344 70.723633
603.885925 117.801353
604.30835 152.46669
604.730652 110.370506
605.152893 120.278152
605.575195 95.506065
605.997375 95.506065
606.419495 226.683212
606.841553 157.417206
607.263672 226.683212
607.685608 145.040085
608.107605 258.815948
608.52948 234.09993
608.951294 105.416008
609.373108 154.942062
609.7948 216.792847
610.216553 243.987549
610.638123 246.459229
611.059753 192.059982
611.481262 342.777222
611.902832 199.480881
612.324219 318.094391
612.745605 300.810638
613.166931 335.373383
613.588196 347.712708
614.00946 379.783447
614.430664 429.091553
614.851807 340.309448
615.272827 372.383972
615.693909 414.303162
616.114929 401.976776
616.535889 461.121552
616.956787 389.648163
617.377563 434.020386
617.79834 443.87674
618.219055 397.045654
618.639832 483.286926
619.060364 584.166992
619.481018 576.790649
619.901611 579.249512
620.322083 574.33197
620.742493 542.357483
621.162842 554.657227
621.583191 574.33197
622.003418 623.493103
622.423706 655.428345
622.843872 797.725037
623.264038 689.803223
623.684143 682.438538
624.104126 716.799622
624.52417 797.725037
624.944031 741.332764
625.364014 770.76062
625.783752 905.478271
626.203552 871.211243
626.62323 885.89917
627.042969 885.89917
627.462585 934.83667
627.882141 1013.066528
628.301697 1039.93811
628.72113 932.390564
629.140625 1061.916748
629.559998 1059.474976
629.979309 1130.251709
630.39856 1176.585327
630.81781 1261.861084
631.237 1225.326172
631.656067 1342.174927
632.075195 1351.904053
632.494202 1254.55542
632.913208 1361.632202
633.332092 1439.411499
633.750977 1400.531616
634.169739 1502.549561
634.588562 1577.763062
635.007263 1580.188232
635.425964 1732.817017
635.844543 1776.372437
636.263123 1865.829834
636.681641 1928.634277
637.100037 1926.219604
637.518494 2013.104126
637.936829 1906.899658
638.355164 2029.987915
638.773438 2152.897705
639.19165 2164.938232
639.609863 2287.656982
640.027893 2309.29541
640.445984 2369.374756
640.863953 2345.347656
641.281921 2527.790527
641.699829 2542.178467
642.117676 2539.780273
642.535461 2695.507324
642.953247 2736.192871
643.370972 2807.947998
643.788635 2877.259277
644.206177 2915.478516
644.623718 3184.973877
645.04126 3077.742188
645.458618 3265.916992
645.876099 3432.358887
646.293396 3477.48877
646.710693 3619.873535
647.127991 3679.143311
647.545166 3598.528809
647.962341 3844.920166
648.379333 3885.140625
648.796448 4097.823242
649.213379 4208.725098
649.63031 4253.525391
650.04718 4354.849121
650.463989 4524.300781
650.880859 4533.70752
651.297546 4695.845215
651.714233 4885.887207
652.130859 4944.478027
652.547485 5108.376465
652.963928 5360.799316
653.380432 5386.478516
653.796814 5484.476074
654.213196 5824.513184
654.629578 5898.913574
655.045837 6131.125
655.462036 6203.020996
655.878174 6311.945801
656.294312 6730.533691
656.710327 6802.085938
657.126404 7016.500977
657.542358 7055.655273
657.958252 7177.650879
658.374084 7591.113281
658.789917 7657.603516
659.205688 7930.092773
659.621338 8213.433594
660.037048 8441.499023
660.452637 8726.039063
660.868164 8876.038086
661.283691 9048.563477
661.699158 9055.368164
662.114502 9460.850586
662.529846 9723.00293
662.945129 9998.204102
663.360413 10293.136719
663.775635 10645.84668
664.190674 10625.649414
664.605835 11266.207031
665.020813 11511.90332
665.435791 11801.808594
665.850769 12020.033203
666.265625 12440.152344
666.68042 12704.19043
667.095215 13142.738281
667.509949 13421.337891
667.924622 13668.689453
668.339233 14360.80957
668.753784 14708.397461
669.168335 14662.223633
669.582825 15231.233398
669.997192 15544.998047
670.41156 16062.289063
670.825867 16471.789063
671.240173 16778.185547
671.654358 17196.0
672.068481 17683.617188
672.482605 18109.908203
672.896667 18682.646484
673.310669 18892.525391
673.724609 19412.96875
674.138489 19955.537109
674.552307 20649.619141
674.966064 20943.246094
675.379822 21359.853516
675.793579 21787.783203
676.207153 22427.121094
676.620789 23093.826172
677.034241 23726.308594
677.447754 24169.845703
677.861206 24781.863281
678.274597 25348.25
678.687866 26046.128906
679.101135 26636.189453
679.514404 27277.947266
679.927551 27653.509766
680.340698 28371.757813
680.753723 29159.425781
681.166748 29829.369141
681.579712 30472.609375
681.992615 31097.910156
682.405457 31907.519531
682.818298 32538.759766
683.231018 33276.109375
683.643738 33719.96875
684.056335 34094.835938
684.468994 34746.59375
684.881531 35526.40625
685.293945 36314.800781
685.706482 36443.25
686.118774 37014.757813
686.531128 37571.144531
686.943481 37650.992188
687.355713 38234.851563
687.767883 38481.609375
688.179932 38579.492188
688.592041 38929.109375
689.004089 39514.027344
689.416016 39319.5625
689.827881 39384.355469
690.239868 39143.191406
690.651611 39373.183594
691.063354 39306.160156
691.475098 39400.0
691.886719 39161.042969
692.29834 38786.515625
692.7099 39094.109375
693.12146 38897.90625
693.532837 38835.519531
693.944214 38526.09375
694.355652 38345.976563
694.766846 37879.535156
695.178101 37296.210938
695.589294 37121.117188
696.000366 36726.757813
696.411438 36631.507813
696.82251 35758.953125
697.233459 35887.398438
697.644409 34917.214844
698.055298 34345.398438
698.466064 33935.148438
698.876831 33120.695313
699.287537 32607.634766
699.698181 31847.486328
700.108826 31340.404297
700.519348 30951.060547
700.92981 30092.015625
701.340271 28707.693359
701.750732 28431.818359
702.161011 27566.826172
702.57135 26704.996094
702.981567 25968.535156
703.391724 25281.839844
703.80188 24207.382813
704.211914 23582.980469
704.621948 22523.871094
705.031921 22158.970703
705.441895 21026.541016
705.851746 20281.689453
706.261536 20062.777344
706.671265 18940.626953
707.081055 18162.371094
707.490662 17556.808594
707.90033 16907.269531
708.309814 15805.910156
708.719299 15593.246094
709.128784 14697.404297
709.538147 14246.320313
709.94751 13427.966797
710.35675 12817.241211
710.766052 12511.19043
711.175171 11763.926758
711.58429 11111.901367
711.993347 10820.779297
712.402405 10266.144531
712.811401 9876.458008
713.220276 9304.685547
713.62915 8685.102539
714.037964 8186.040039
714.446777 8014.701172
714.855408 7591.113281
715.264099 7324.810547
715.672668 6912.796875
716.081177 6591.930176
716.489746 6156.641602
716.898132 5840.791992
717.306519 5663.930176
717.714844 5316.430664
718.123108 4991.330078
718.531372 4799.116699
718.939514 4580.727539
719.347595 4310.089355
719.755676 4107.265625
720.163696 3762.064453
720.571716 3781.008301
720.979614 3467.989014
721.387451 3242.116943
721.795227 3106.348633
722.202942 2977.552734
722.610718 2760.117188
723.018311 2518.197266
723.425903 2580.53418
723.833374 2258.797607
724.240906 2273.22876
724.648376 2116.765869
725.055725 2109.537842
725.463013 1904.484253
725.8703 1735.237427
726.277466 1655.327515
726.684631 1694.081787
727.091797 1492.839478
727.498779 1441.840942
727.905823 1504.976929
728.312805 1361.632202
728.719666 1356.768311
729.126526 1227.762451
729.533264 1193.648315
729.940063 1159.518433
730.34668 1113.17395
730.753357 1083.888306
731.159851 1020.396057
731.566406 893.242065
731.9729 841.826233
732.379272 856.520264
732.785645 724.160583
733.191895 768.308777
733.598206 711.891907
734.004333 662.795715
734.410522 603.832947
734.816528 675.073364
735.222656 598.916931
735.628662 608.748596
736.034546 475.899353
736.44043 554.657227
736.846252 520.212402
737.252014 463.584747
737.657715 507.906158
738.063354 426.627167
738.468933 298.341248
738.874512 355.115082
739.280029 377.317017
739.685486 397.045654
740.090881 357.582397
740.496216 313.156738
740.90155 313.156738
741.306702 372.383972
741.711914 206.900864
742.117004 352.647675
742.522095 224.210739
742.927124 281.052032
743.332031 263.758057
743.737 258.815948
744.141785 276.111298
744.546631 216.792847
744.951355 221.738297
745.356079 248.930832
745.76062 263.758057
746.165283 197.007431
746.569824 149.991211
746.974243 243.987549
747.378723 140.08844
747.78302 80.63781
748.187378 110.370506
748.591614 43.451355
748.99585 73.202362
749.399963 75.681
749.804077 70.723633
750.20813 130.184036
750.612122 73.202362
751.016052 68.244942
751.419922 31.050627
751.823792 125.2313
752.227478 97.983635
752.631226 75.681
753.034851 95.506065
753.438477 90.550346
753.842102 43.451355
754.245544 -8.648904
754.648987 53.370052
755.052368 107.893311
755.45575 63.286964
755.859009 -1.203219
756.262268 80.63781
756.665405 38.491318
757.068542 38.491318
757.47168 78.159523
757.874634 95.506065
758.277588 70.723633
758.68042 53.370052
759.083374 8.722944
759.486084 60.807957
759.888916 -33.474701
760.291504 11.204123
760.694214 53.370052
761.096802 40.97139
761.499268 3.760004
761.901733 -11.131053
762.304199 48.410843
762.706543 -13.613306
763.108826 80.63781
763.511108 -11.131053
763.913208 6.241526
764.315369 55.849365
764.717529 23.608999
765.119568 31.050627
765.521545 122.754707
765.923462 38.491318
766.325317 18.647442
766.727112 -55.827007
767.128845 -13.613306
767.530518 -16.09553
767.932251 1.278512
768.333862 68.244942
768.735413 21.128206
769.136841 -21.06056
769.538269 13.685334
769.939636 58.328716
770.341003 16.166439
770.742249 -53.342968
771.143433 -18.577993
771.544617 -50.859028
771.94574 -26.025875
772.346802 -103.043144
772.747803 -53.342968
773.148682 21.128206
773.549622 21.128206
773.950439 -3.685055
774.351196 21.128206
774.751892 -16.09553
775.152588 -65.764099
775.553162 -53.342968
775.953735 -43.40799
776.354309 -6.166995
776.754639 8.722944
777.15509 18.647442
777.55542 -85.643227
777.95575 -40.924477
778.355896 1.278512
778.756104 21.128206
779.156189 -50.859028
779.556274 -8.648904
779.956299 36.011284
780.356201 -75.702744
780.756165 3.760004
781.156006 -16.09553
781.555786 -33.474701
781.955505 -80.672844
782.355225 -65.764099
782.754761 -3.685055
783.154358 -33.474701
783.553894 -55.827007
783.953369 -3.685055
784.352783 -83.157913
784.752075 -28.508759
785.151367 -43.40799
785.550598 -3.685055
785.949768 -60.795273
786.348877 -40.924477
786.747986 -3.685055
787.147034 -73.217995
787.545959 -13.613306
787.944885 -53.342968
788.34375 -75.702744
788.742493 -33.474701
789.141235 -58.311016
789.539917 38.491318
789.938538 -80.672844
790.337158 28.570143
790.735718 11.204123
791.134094 33.531006
791.532532 -48.375336
791.930847 -40.924477
792.329224 8.722944
792.727417 26.089691
793.12561 3.760004
793.523682 -23.543098
793.921753 -65.764099
794.319824 -3.685055
794.717773 -23.543098
795.115723 -55.827007
795.51355 -50.859028
795.911377 -53.342968
796.309082 75.681
796.706787 -40.924477
797.10437 -85.643227
797.501953 -63.279633
797.899536 -80.672844
798.296936 -103.043144
798.694397 11.204123
799.091736 1.278512
799.489014 -38.441204
799.88623 -53.342968
800.283447 -13.613306
800.680542 18.647442
801.077637 6.241526
801.47467 28.570143
801.871643 -11.131053
802.268555 8.722944
802.665405 -11.131053
803.062256 -105.529312
803.458923 -13.613306
803.855652 -78.187744
804.252258 -45.891609
804.648804 -70.733208
805.04541 53.370052
805.441833 11.204123
805.838257 -53.342968
806.234619 43.451355
806.630859 -11.131053
807.0271 38.491318
807.423279 -63.279633
807.819458 -68.248535
808.215515 -3.685055
808.611572 -40.924477
809.007507 -35.957901
809.403381 -88.128647
809.799194 -21.06056
810.195068 -58.311016
810.590759 58.328716
810.98645 -1.203219
811.38208 -60.795273
811.777649 26.089691
812.173157 -140.346375
812.568665 -60.795273
812.96405 -112.988319
813.359375 -60.795273
813.754639 -53.342968
814.149841 -16.09553
814.545105 -58.311016
814.940186 -100.557076
815.335266 18.647442
815.730347 3.760004
816.125244 3.760004
816.520203 -35.957901
816.914978 -48.375336
817.309753 -26.025875
817.704468 -23.543098
818.099182 -18.577993
818.493774 38.491318
818.888367 40.97139
819.282898 8.722944
819.677307 8.722944
820.071716 -70.733208
820.466003 6.241526
820.860291 23.608999
821.254517 -68.248535
821.648743 -40.924477
822.042786 -16.09553
822.43689 -38.441204
822.830872 -43.40799
823.224792 -26.025875
823.618774 -50.859028
824.012512 -13.613306
824.406311 -58.311016
824.799988 -21.06056
825.193665 -48.375336
825.58728 -6.166995
825.980835 -13.613306
826.374329 36.011284
826.767761 11.204123
827.161194 18.647442
827.554443 -3.685055
827.947754 3.760004
828.340942 3.760004
828.734131 -68.248535
829.127136 26.089691
829.520264 23.608999
829.913208 -95.585419
830.306152 -16.09553
830.699097 -21.06056
831.091797 -8.648904
831.484619 33.531006
831.877319 -13.613306
832.27002 48.410843
832.662537 -6.166995
833.055054 -1.203219
833.44751 6.241526
833.839966 -45.891609
834.232361 -122.935211
834.624634 16.166439
835.016907 -90.614174
835.409058 -33.474701
835.801208 -33.474701
836.193298 -8.648904
836.585327 -73.217995
836.977295 -50.859028
837.369202 -16.09553
837.761047 -50.859028
838.152832 -103.043144
838.544617 -33.474701
838.936218 -3.685055
839.327942 -45.891609
839.719421 -45.891609
840.111023 -11.131053
840.50238 -18.577993
840.89386 -55.827007
841.285217 -48.375336
841.676453 -23.543098
842.067749 38.491318
842.458862 36.011284
842.849976 13.685334
843.241028 13.685334
843.632019 33.531006
844.022949 33.531006
844.413879 36.011284
844.804749 -1.203219
845.195496 -65.764099
845.586182 -1.203219
845.976807 100.461243
846.367432 -48.375336
846.757996 -28.508759
847.148499 31.050627
847.538879 53.370052
847.92926 75.681
848.319641 45.931084
848.709839 36.011284
849.100098 3.760004
849.490234 16.166439
849.88031 33.531006
850.270325 33.531006
850.660339 8.722944
851.050171 55.849365
851.440125 70.723633
851.829895 8.722944
852.219604 -3.685055
852.609314 83.116127
852.998901 11.204123
853.38855 -13.613306
853.778015 -30.991747
854.16748 58.328716
854.556885 55.849365
854.946228 -8.648904
855.335571 36.011284
855.724731 -21.06056
856.113953 90.550346
856.503052 13.685334
856.892151 -13.613306
857.281067 13.685334
857.670105 -18.577993
858.05896 58.328716
858.447754 11.204123
858.836609 -21.06056
859.225281 90.550346
859.613892 45.931084
860.002502 28.570143
860.391052 -1.203219
860.779541 -1.203219
861.167969 -11.131053
861.556335 -11.131053
861.944702 83.116127
862.332947 18.647442
862.721069 8.722944
863.109253 -16.09553
863.497314 8.722944
863.885376 6.241526
864.273315 58.328716
864.661255 48.410843
865.049072 55.849365
865.43689 -1.203219
865.824707 58.328716
866.21228 50.890495
866.599915 -13.613306
866.987488 16.166439
867.375061 33.531006
867.762451 -13.613306
868.149841 53.370052
868.53717 90.550346
868.924438 -38.441204
869.311707 55.849365
869.698853 33.531006
870.085938 8.722944
870.472961 -33.474701
870.859985 50.890495
871.246887 1.278512
871.633789 40.97139
872.020569 26.089691
872.407349 68.244942
872.794067 -13.613306
873.180725 55.849365
873.567322 -13.613306
873.953796 1.278512
874.340332 -6.166995
874.726624 -1.203219
875.113037 -8.648904
875.499329 73.202362
875.885559 65.766006
876.271729 33.531006
876.657898 21.128206
877.044006 55.849365
877.429932 33.531006
877.815918 18.647442
878.201782 -18.577993
878.587585 55.849365
878.973389 -35.957901
879.35907 78.159523
879.744751 28.570143
880.13031 73.202362
880.51593 -1.203219
880.901367 50.890495
881.286804 48.410843
881.67218 65.766006
882.057434 -21.06056
882.442749 -3.685055
882.827942 13.685334
883.213013 16.166439
883.598145 93.028252
883.983154 78.159523
884.368042 80.63781
884.753052 -40.924477
885.137817 45.931084
885.522644 -13.613306
885.907349 55.849365
886.292053 73.202362
886.676636 93.028252
887.061157 75.681
887.44574 3.760004
887.830078 70.723633
888.214539 48.410843
888.598816 65.766006
888.983093 21.128206
889.367249 31.050627
889.751465 8.722944
890.135498 78.159523
890.519531 73.202362
890.903503 83.116127
891.287415 149.991211
891.671326 11.204123
892.055054 43.451355
892.438843 16.166439
892.82251 21.128206
893.206116 3.760004
893.589661 26.089691
893.973206 43.451355
894.356628 58.328716
894.73999 13.685334
895.123352 13.685334
895.506592 13.685334
895.889832 31.050627
896.272949 43.451355
896.656067 43.451355
897.039063 43.451355
897.422058 80.63781
897.804993 68.244942
898.187866 55.849365
898.570618 23.608999
898.953369 43.451355
899.336121 36.011284
899.718689 83.116127
900.101257 105.416008
900.483704 38.491318
900.866211 68.244942
901.248596 16.166439
901.63092 115.324463
902.013184 65.766006
902.395386 33.531006
902.777588 68.244942
903.159668 80.63781
903.541687 107.893311
903.923645 65.766006
904.305603 117.801353
904.6875 63.286964
905.069275 70.723633
905.45105 90.550346
905.832642 -23.543098
906.214294 -45.891609
906.595825 48.410843
906.977417 36.011284
907.358826 28.570143
907.740234 26.089691
908.121582 21.128206
908.502869 75.681
908.884033 102.938744
909.265198 33.531006
909.646301 28.570143
910.027344 112.847603
910.408325 36.011284
910.789246 80.63781
911.170105 55.849365
911.550903 58.328716
911.931641 3.760004
912.312317 33.531006
912.692932 78.159523
913.073547 60.807957
913.453979 154.942062
913.834473 93.028252
914.214783 102.938744
914.595154 112.847603
914.975464 -3.685055
915.355652 45.931084
915.73584 75.681
916.115845 97.983635
916.495972 122.754707
916.875854 63.286964
917.255859 112.847603
917.63562 157.417206
918.015503 68.244942
918.395203 221.738297
918.774902 90.550346
919.15448 75.681
919.534058 60.807957
919.913574 120.278152
920.292969 78.159523
920.672363 169.791946
921.051636 125.2313
921.430969 93.028252
921.810181 102.938744
922.189331 102.938744
922.56842 167.317169
922.947388 1.278512
923.326416 93.028252
923.705261 110.370506
924.084106 88.072327
924.462891 110.370506
924.841675 70.723633
925.220337 122.754707
925.598938 3.760004
925.977478 125.2313
926.355957 73.202362
926.734436 11.204123
927.112732 93.028252
927.491089 115.324463
927.869324 122.754707
928.247559 68.244942
928.625671 115.324463
929.003723 167.317169
929.381775 120.278152
929.759705 43.451355
930.137634 65.766006
930.515381 26.089691
930.89325 60.807957
931.270935 137.612579
931.64856 70.723633
932.026123 60.807957
932.403687 115.324463
932.78125 63.286964
933.15863 70.723633
933.536011 73.202362
933.913208 36.011284
934.290527 18.647442
934.667664 6.241526
935.0448 -33.474701
935.421814 95.506065
935.798889 68.244942
936.175842 18.647442
936.552673 36.011284
936.929504 100.461243
937.306274 100.461243
937.683044 58.328716
938.05957 6.241526
938.436218 102.938744
938.812744 -21.06056
939.189148 -8.648904
939.565613 -18.577993
939.941956 -3.685055
940.318237 -85.643227
940.694458 -26.025875
941.070557 11.204123
941.446655 8.722944
941.822693 45.931084
942.198669 43.451355
942.574646 -43.40799
942.950562 63.286964
943.326294 43.451355
943.702026 43.451355
944.077698 53.370052
944.453369 -43.40799
944.828918 6.241526
945.204468 31.050627
945.579834 -21.06056
945.955261 16.166439
946.330627 -3.685055
946.705811 -43.40799
947.081055 65.766006
947.456177 40.97139
947.831238 162.367447
948.206238 21.128206
948.581238 75.681
948.956116 -3.685055
949.330933 -30.991747
949.705811 -45.891609
950.080505 -16.09553
950.455139 -3.685055
950.829773 -43.40799
951.204346 -30.991747
951.578735 -50.859028
951.953186 -1.203219
952.327515 21.128206
952.701843 -23.543098
953.076172 78.159523
953.450195 -13.613306
953.824341 55.849365
954.198486 8.722944
954.572449 6.241526
954.94635 -18.577993
955.320251 36.011284
955.694092 53.370052
956.067871 18.647442
956.441589 11.204123
956.815125 65.766006
957.188721 3.760004
957.562256 -16.09553
957.93573 18.647442
958.309021 78.159523
958.682373 31.050627
959.055664 73.202362
959.428955 -8.648904
959.802063 50.890495
960.17511 26.089691
960.548157 36.011284
960.921143 1.278512
961.294128 -26.025875
961.666809 -50.859028
962.039612 -28.508759
962.412415 -1.203219
962.785095 36.011284
963.157715 -13.613306
963.530151 -3.685055
963.902649 31.050627
964.275146 -48.375336
964.647522 -26.025875
965.019714 13.685334
965.392029 -40.924477
965.76416 -21.06056
966.136292 60.807957
966.508423 -53.342968
966.880371 -18.577993
967.252319 -43.40799
967.624207 -18.577993
967.996094 33.531006
968.367737 -30.991747
968.739441 -1.203219
969.111084 -16.09553
969.482666 23.608999
969.854248 -73.217995
970.225586 -3.685055
970.596985 26.089691
970.968323 -3.685055
971.339661 -23.543098
971.710754 -8.648904
972.081909 -23.543098
972.453064 -35.957901
972.824097 -8.648904
973.194946 -3.685055
973.565918 36.011284
973.936768 -30.991747
974.307556 60.807957
974.678284 -65.764099
975.048828 -3.685055
975.419495 -38.441204
975.790039 8.722944
976.160522 -48.375336
976.530884 45.931084
976.901245 -98.071259
977.271606 6.241526
977.641846 16.166439
978.012024 -26.025875
978.382019 11.204123
978.752136 26.089691
979.122131 -11.131053
979.492065 -40.924477
979.861877 -11.131053
980.231689 -40.924477
980.60144 -40.924477
980.971191 33.531006
981.34082 16.166439
981.710266 -70.733208
982.079773 31.050627
982.44928 75.681
982.818604 -53.342968
983.187866 -73.217995
983.557129 -16.09553
983.926331 -13.613306
984.295471 50.890495
984.664612 21.128206
985.033569 3.760004
985.402527 -13.613306
985.771362 -23.543098
986.140259 11.204123
986.508911 -18.577993
986.877625 -18.577993
987.246277 -16.09553
987.614929 -21.06056
987.983459 -23.543098
988.351807 -75.702744
988.720215 23.608999
989.088623 -55.827007
989.456909 55.849365
989.825012 -78.187744
990.193115 48.410843
990.561279 26.089691
990.929321 -23.543098
991.297302 -63.279633
991.6651 -93.099678
992.03302 -28.508759
992.400818 40.97139
992.768494 -88.128647
993.136047 -60.795273
993.503723 -88.128647
993.871277 -45.891609
994.23877 -43.40799
994.60614 -1.203219
994.97345 48.410843
995.340759 -28.508759
995.708008 18.647442
996.075195 -18.577993
996.4422 40.97139
996.809265 -23.543098
997.17627 16.166439
997.543152 63.286964
997.910095 -30.991747
998.276733 -6.166995
998.643494 -26.025875
999.010193 -35.957901
999.376831 55.849365
999.743286 -23.543098
1000.109802 1.278512
1000.476257 -30.991747
1000.842651 58.328716
1001.208923 -63.279633
1001.575134 -8.648904
1001.941284 -50.859028
1002.307434 -6.166995
1002.673523 -90.614174
1003.039429 -1.203219
1003.405334 -28.508759
1003.771179 -38.441204
1004.137024 -6.166995
1004.502808 -48.375336
1004.868408 -23.543098
1005.234009 -30.991747
1005.599609 80.63781
1005.965149 16.166439
1006.330444 -13.613306
1006.695862 -26.025875
1007.061218 -83.157913
1007.426453 55.849365
1007.791626 -93.099678
1008.156677 60.807957
1008.521729 -68.248535
1008.88678 -50.859028
1009.251709 -65.764099
1009.616577 -8.648904
1009.981384 -115.474915
1010.34613 -78.187744
1010.710754 -60.795273
1011.075439 -18.577993
1011.439941 -60.795273
1011.804443 -21.06056
1012.168884 8.722944
1012.533325 31.050627
1012.897522 3.760004
1013.26178 23.608999
1013.626038 -127.909233
1013.990112 -110.501831
1014.354187 -35.957901
1014.71814 -38.441204
1015.082153 -33.474701
1015.446045 -6.166995
1015.809937 1.278512
1016.173523 -68.248535
1016.53717 -50.859028
1016.900879 21.128206
1017.264404 -8.648904
1017.627991 -38.441204
1017.991333 -53.342968
1018.354675 6.241526
1018.718018 -88.128647
1019.081299 45.931084
1019.444397 -50.859028
1019.807495 -70.733208
1020.170593 23.608999
1020.533691 -30.991747
1020.896606 -50.859028
1021.25946 -103.043144
1021.622253 -58.311016
1021.985046 -48.375336
1022.347778 21.128206
1022.710327 6.241526
1023.072876 -11.131053
1023.435364 -21.06056
1023.797852 -55.827007
1024.160278 -16.09553
1024.522461 -23.543098
1024.884766 -43.40799
1025.246948 -6.166995
1025.609131 -28.508759
1025.971069 -30.991747
1026.33313 8.722944
1026.694946 -28.508759
1027.056885 -65.764099
1027.418823 -1.203219
1027.780396 -33.474701
1028.14209 -48.375336
1028.503784 26.089691
1028.865479 93.028252
1029.226807 -55.827007
1029.588135 11.204123
1029.949707 -65.764099
1030.310913 -8.648904
1030.672241 -60.795273
1031.033325 33.531006
1031.394531 -26.025875
1031.755493 -1.203219
1032.116577 6.241526
1032.477417 -18.577993
1032.838257 -63.279633
1033.199097 3.760004
1033.559937 6.241526
1033.920654 13.685334
1034.281128 -55.827007
1034.641724 -8.648904
1035.002197 -43.40799
1035.362671 21.128206
1035.7229 -6.166995
1036.083252 -63.279633
1036.443481 -23.543098
1036.803711 1.278512
1037.16394 -18.577993
1037.523804 -53.342968
1037.883789 80.63781
1038.243774 68.244942
1038.603638 -13.613306
1038.963257 -8.648904
1039.32312 38.491318
1039.682861 28.570143
