188.301102 0.0
188.764923 0.0
189.228699 -66.047195
189.692459 -29.288242
190.156158 -28.791409
190.619812 -4.960569
191.083435 -26.805326
191.547043 -15.385483
192.01059 -21.343445
192.474091 3.477239
192.937561 17.868446
193.401001 -3.471504
193.86441 35.728672
194.327759 24.814547
194.791077 6.455041
195.254349 -11.413889
195.717575 -0.493217
196.180786 -0.989678
196.643951 16.876099
197.107071 7.943953
197.570145 23.326195
198.033203 15.387546
198.496216 12.906272
198.959167 -17.371449
199.422089 -11.910441
199.884979 -26.805326
200.347855 12.410059
200.810654 -29.288242
201.273422 -47.168041
201.73616 -22.336586
202.198853 1.492044
202.661514 -19.85383
203.12413 -42.200802
203.5867 -36.24099
204.04924 -40.710793
204.511734 -18.364254
204.974197 -31.771128
205.436615 -44.187675
205.899002 -45.181202
206.361343 -37.234116
206.823654 -35.744232
207.285919 -38.227528
207.748123 -29.288242
208.210327 -42.697613
208.672485 -6.946183
209.134583 -25.315844
209.596649 -39.220955
210.05867 -22.832962
210.520676 -17.371449
210.982635 -6.449672
211.444534 -34.254524
211.906403 -14.889035
212.36824 5.462367
212.830048 -34.750999
213.291779 -62.569012
213.753494 -47.168041
214.215179 -42.697613
214.676819 -64.059578
215.138412 -48.161488
215.59996 -42.200935
216.061493 -46.671463
216.522949 -54.61956
216.984406 -39.220684
217.445801 -65.550186
217.907166 12.906407
218.368484 -24.819178
218.829773 -28.791677
219.291031 -50.148697
219.752228 -38.724171
220.213379 -32.764446
220.6745 -33.757648
221.135574 -37.730888
221.596634 -32.267853
222.057648 -52.632469
222.5186 -61.07835
222.979553 -24.819178
223.44043 -43.194431
223.901276 -35.744232
224.362076 -18.860865
224.822845 -30.77796
225.283569 -26.308784
225.744278 -34.254253
226.20491 -17.371449
226.665512 -36.240856
227.126114 -54.619698
227.586639 -36.737484
228.047119 -18.861
228.507568 -33.261044
228.967972 -48.161621
229.428345 -13.39972
229.888687 -32.267853
230.348984 -62.569012
230.809219 -47.664761
231.26944 -52.632469
231.729614 -75.488937
232.189758 -34.750999
232.649841 -19.85383
233.109894 -27.798561
233.569901 -33.261044
234.029892 -32.267853
234.489822 -18.861
234.949707 -26.805326
235.409561 -62.569012
235.869385 -49.155083
236.329163 -64.556442
236.788895 -44.187809
237.248581 -61.575188
237.708237 -35.247478
238.167847 9.928931
238.627441 -2.975157
239.08696 -40.21413
239.546463 -40.21413
240.00592 -31.771261
240.465332 -30.778095
240.924698 -21.839947
241.384033 -31.274677
241.843338 -46.174751
242.302597 -76.482994
242.76181 -38.724171
243.220993 -38.227528
243.680115 -56.109924
244.139221 -55.613266
244.598282 -42.697613
245.057297 -51.142193
245.516266 -20.846811
245.975189 -19.357346
246.434082 -9.42799
246.892944 -39.220684
247.351761 -38.724308
247.810516 -1.486143
248.269272 -39.717472
248.727951 -26.308784
249.1866 3.973527
249.645218 -5.456933
250.10379 -37.233982
250.562317 -38.227528
251.020813 -43.194431
251.479279 -35.744232
251.937668 -32.267853
252.396057 -50.645443
252.854385 -45.677769
253.312683 -73.004189
253.77092 -32.764584
254.229126 -51.142193
254.687302 -16.378389
255.145432 -39.717472
255.6035 -46.174614
256.061584 -58.594219
256.519592 -30.281384
256.97757 -26.805326
257.435455 -52.135704
257.893372 -16.378389
258.351196 -22.336452
258.80899 -49.651955
259.266754 -2.975023
259.724487 -52.632336
260.18219 -45.677769
260.639832 -22.832962
261.097443 -18.364254
261.554993 -51.142059
262.012512 -42.69775
262.469971 -31.771261
262.927429 -80.956017
263.384827 -35.247616
263.842194 -46.671326
264.29953 -12.406729
264.756805 -65.053452
265.21405 -10.91734
265.671234 -54.12278
266.128387 -39.220955
266.58551 0.00297
267.042572 -44.187675
267.499573 -35.744232
267.956604 -50.14856
268.413574 -27.30201
268.870483 -26.805326
269.327362 -54.12278
269.78418 -8.931728
270.240936 -51.141922
270.697693 -55.613266
271.154419 -0.989678
271.611053 -22.336452
272.067688 -21.839947
272.524292 -32.764446
272.980835 -15.881934
273.437347 -12.406729
273.893799 -21.343445
274.35025 -18.364254
274.80661 -51.638947
275.262939 -54.12278
275.719238 -61.575188
276.175507 -25.31571
276.631714 -19.85383
277.087891 -11.414024
277.544067 -46.671463
278.000122 -26.805326
278.456177 -32.26799
278.912201 -24.819178
279.368164 -41.207458
279.824097 -20.350319
280.279968 -34.750999
280.73584 -44.684505
281.19162 -19.85383
281.6474 -42.200935
282.103149 -60.581512
282.558838 -29.288378
283.014465 -50.645309
283.470062 -27.301874
283.925629 -27.798561
284.381134 -28.791677
284.836639 -55.116478
285.292053 -33.757919
285.747467 -57.60046
286.20282 -26.308784
286.658142 6.951304
287.113434 -45.677769
287.568634 -39.717609
288.023804 -27.301874
288.478973 -5.456933
288.934113 -32.764584
289.38913 -39.717339
289.844208 -73.004189
290.299164 -32.267719
290.754089 -24.322651
291.208984 -47.664761
291.663879 -38.724171
292.118683 -33.757648
292.573456 -26.308784
293.028198 -63.065865
293.482849 -14.889035
293.937561 -36.240856
294.392151 -22.832962
294.846741 -38.227528
295.301239 -20.846947
295.755737 -48.658352
296.210175 6.951304
296.664581 -18.860865
297.118958 -18.861
297.573242 -42.201073
298.027557 -45.181202
298.481812 -67.040962
298.935974 -17.867781
299.390137 -24.819178
299.844238 -13.896155
300.29834 -32.764584
300.75235 -13.399856
301.20636 -3.96799
301.660278 -45.181202
302.114197 -20.846947
302.568054 -36.737484
303.021881 -41.207592
303.475677 -44.684639
303.929413 -24.322651
304.383118 -39.717609
304.836761 -29.288242
305.290375 -20.350454
305.743958 -22.336586
306.19751 -13.39972
306.65097 -7.938812
307.104431 -20.846947
307.5578 5.958773
308.011169 -5.456933
308.464508 -64.556442
308.917755 -13.896155
309.371063 -28.791677
309.824219 -37.731022
310.277374 -18.364388
310.730499 -50.14856
311.183563 -41.207729
311.636597 -28.791677
312.089569 -14.889035
312.542511 -26.308784
312.995422 -45.677906
313.448273 -30.281384
313.901093 -17.371449
314.353882 -18.364523
314.80658 -74.495026
315.259308 -34.254253
315.711975 -53.626141
316.164581 -33.757782
316.617126 -60.084682
317.069672 -27.302145
317.522156 -30.281384
317.974579 -47.664898
318.427002 -3.471504
318.879333 -8.931728
319.331665 -32.764584
319.783936 6.455176
320.236176 -74.495155
320.688354 -43.194294
321.140503 -31.771261
321.592651 -14.392592
322.044647 -9.428124
322.496704 -25.81238
322.948639 -36.24099
323.400604 -35.74437
323.852509 3.973527
324.304352 -25.315575
324.756165 -25.812244
325.207916 -16.874985
325.659668 -9.428124
326.111328 -8.435471
326.562988 -7.938947
327.014557 -8.435336
327.466156 -40.710793
327.917664 -15.881934
328.36911 -35.744232
328.820557 -37.234116
329.271942 -52.632469
329.723297 -12.90329
330.174561 -44.684505
330.625854 -21.343309
331.077026 -12.406729
331.528229 -50.645309
331.97937 -20.846947
332.43045 -33.757648
332.8815 -21.343309
333.332489 -18.860865
333.783478 -26.308784
334.234406 -14.889035
334.685303 -9.924526
335.136078 -10.91734
335.586914 -45.677769
336.037659 -0.493352
336.488342 -18.860865
336.939026 1.491909
337.389648 -23.825994
337.84024 5.462367
338.290771 2.484515
338.741272 -17.371449
339.191681 -21.84008
339.64212 -2.975157
340.092468 -27.798561
340.542816 -14.889035
340.993103 12.906407
341.443329 14.395021
341.893555 -0.493352
342.343689 37.216713
342.793793 26.799231
343.243866 17.372274
343.693878 95.223602
344.14389 8.440204
344.593842 14.395021
345.043732 26.303133
345.493591 34.240589
345.943359 -13.89602
346.393158 35.232376
346.842896 31.26405
347.292542 50.607826
347.742218 29.279787
348.191803 45.648518
348.641357 58.046211
349.090881 54.574997
349.540314 96.710297
349.989777 120.986443
350.439148 139.806442
350.888489 221.95105
351.337799 435.710785
351.787048 858.689758
352.236267 1236.254272
352.685425 1407.546265
353.134552 1283.495728
353.583649 1026.957764
354.032684 704.740967
354.481659 479.558899
354.930634 375.556
355.379517 285.216675
355.82843 245.188858
356.277222 241.234238
356.726013 236.290207
357.174774 219.9729
357.623444 217.500412
358.072113 174.458954
358.520721 182.376923
358.969299 212.059906
359.417786 214.0383
359.866302 217.994934
360.314697 241.234238
360.763123 253.591843
361.211456 248.6492
361.65976 223.434647
362.108032 270.888672
362.556244 245.683426
363.004456 252.603622
363.452576 292.626648
363.900696 444.58136
364.348663 824.889832
364.796722 1701.070068
365.24469 2527.996826
365.692596 2854.04834
366.140472 2414.253662
366.588287 1810.44043
367.036102 1240.638916
367.483826 735.166138
367.931549 543.061218
368.379181 416.980133
368.826843 423.388641
369.274384 380.489044
369.721924 337.560394
370.169403 354.833801
370.616821 392.819458
371.06427 383.941711
371.511566 361.24881
371.958923 369.142822
372.406158 381.968658
372.853424 352.860107
373.300568 377.03595
373.747711 378.5159
374.194794 401.695709
374.641846 465.76709
375.088898 493.839996
375.535828 503.687378
375.982758 525.345703
376.429596 677.248535
376.876465 928.198059
377.323242 1570.696289
377.769989 2424.338379
378.216675 3033.590576
378.66333 2963.436768
379.109985 2601.350342
379.556519 2183.925293
380.003052 1807.055542
380.449524 1429.416626
380.895996 1137.291382
381.342377 971.727844
381.788727 710.630493
382.235046 632.549683
382.681274 587.328796
383.127533 513.040649
383.573669 558.80426
384.019836 508.11795
384.465912 493.347473
384.911957 499.748413
385.357971 456.406769
385.803925 487.93103
386.249847 500.240875
386.695679 501.717865
387.141541 503.194916
387.587311 501.717865
388.033051 508.610229
388.478729 510.087158
388.924408 527.314392
389.369995 552.408997
389.815552 532.727966
390.261078 556.344604
390.706543 593.229004
391.152008 575.526978
391.597351 594.212219
392.042725 545.521179
392.487976 556.836548
392.933289 580.936279
393.378479 558.312378
393.823639 551.425232
394.268768 555.360657
394.713837 546.505432
395.158905 599.620056
395.603851 624.195923
396.048798 619.772705
396.493683 585.361816
396.938568 576.51062
397.383392 593.229004
397.828156 627.635498
398.272888 634.02356
398.71756 652.692749
399.162201 599.128601
399.606781 608.468262
400.051361 624.195923
400.495819 621.738708
400.940308 637.463196
401.384705 669.882751
401.829102 630.092834
402.273438 661.53363
402.717682 615.349792
403.161926 660.06012
403.60611 786.170959
404.050293 1117.775513
404.494385 2030.67749
404.938446 2426.259033
405.382477 2292.673096
405.826447 1679.759521
406.270386 1242.100464
406.714233 903.241821
407.158081 705.722839
407.601868 789.602661
408.045624 843.996155
408.489319 876.807678
408.933014 836.648315
409.376617 1133.876465
409.82019 2070.220459
410.263702 3478.167969
410.707184 4347.515137
411.150635 4122.575684
411.594025 3468.193604
412.037384 2753.625
412.480682 2131.909668
412.923981 1766.903687
413.367126 1462.453247
413.810333 1159.728027
414.253479 957.0578
414.696533 797.936035
415.139587 687.068665
415.582581 672.829163
416.025543 617.315369
416.468414 631.567017
416.911285 605.519104
417.354065 608.9599
417.796875 550.933289
418.239594 623.704346
418.682281 622.721558
419.124908 638.445801
419.567505 594.703735
420.010071 619.772705
420.452545 665.462891
420.89502 659.568787
421.337372 670.373718
421.779785 648.762512
422.222107 662.024658
422.664368 648.762512
423.106628 678.230835
423.548798 683.140503
423.990967 704.740967
424.433044 717.992371
424.875092 732.712952
425.317078 688.050842
425.759064 687.068665
426.200989 743.015747
426.642853 722.409119
427.084686 759.692322
427.526459 789.112305
427.968201 754.297363
428.409912 781.758667
428.851563 800.876892
429.293121 740.562561
429.734711 819.5
430.176239 816.069519
430.617706 833.70874
431.059113 834.688782
431.500488 858.690002
431.941833 825.380188
432.383087 896.878906
432.824341 891.983948
433.265533 972.705933
433.706726 1060.17334
434.147827 1174.844727
434.588867 1297.126953
435.029877 1823.497437
435.470825 3379.331543
435.911804 4947.491699
436.352661 5531.314453
436.793518 4417.684082
437.234283 3610.591553
437.675049 2957.708008
438.115723 2324.405518
438.556396 1925.461304
438.99704 1819.145508
439.437561 1767.387329
439.878113 1828.33252
440.318573 1881.985352
440.759033 1891.648193
441.199341 1958.295532
441.639709 1967.466919
442.079956 2076.969727
442.520264 2075.041504
442.96051 2128.537109
443.400604 2195.480225
443.840759 2190.18457
444.280762 2176.702881
444.720825 2055.755615
445.160767 1962.639893
445.600739 1782.386353
446.040558 1544.013184
446.480438 1310.755859
446.920258 1194.345459
447.359955 1034.774658
447.799713 924.283813
448.239319 812.639465
448.678955 782.249023
449.1185 814.599609
449.558014 758.220947
449.997498 1003.502808
450.436951 1935.602661
450.876343 4723.752441
451.315674 8079.804688
451.754974 9431.635742
452.194183 8629.329102
452.633392 7191.192383
453.07251 5896.789063
453.511688 4716.708984
453.950684 3740.951416
454.38974 2793.328857
454.828735 2242.646484
455.267639 1735.92981
455.706543 1288.851318
456.145325 933.57959
456.584137 732.222168
457.022858 581.428162
457.461578 428.810638
457.900208 381.968658
458.338867 357.794678
458.777405 315.838104
459.215912 302.504852
459.654388 299.047485
460.092773 291.144714
460.531189 298.059845
460.969513 267.42984
461.407806 244.200089
461.846008 257.051605
462.284241 229.368179
462.722351 267.42984
463.160461 250.131897
463.598541 261.993835
464.03653 280.276398
464.474518 252.603348
464.912384 234.312653
465.350281 231.346313
465.788086 250.626175
466.225891 322.256683
466.663605 316.331848
467.101318 283.734802
467.539001 332.130219
467.976563 339.534698
468.414124 318.306976
468.851593 284.722656
469.289063 306.949524
469.72644 317.319366
470.163849 295.096283
470.601135 278.794159
471.038422 269.406189
471.475677 306.455566
471.912811 289.66272
472.350006 319.788025
472.787048 331.636597
473.224121 274.347595
473.661072 290.650757
474.098053 331.143097
474.534943 308.431
474.971802 311.887848
475.40863 369.636139
475.845367 320.775574
476.282104 339.534698
476.71875 349.898987
477.155426 291.638794
477.591949 316.825745
478.028503 336.079346
478.464966 333.117615
478.901428 321.76297
479.33786 372.596222
479.77417 317.319366
480.21051 307.443359
480.646698 342.002472
481.082947 329.168549
481.519073 344.963806
481.9552 349.405518
482.391266 375.556244
482.827301 344.963806
483.263306 377.529388
483.699188 410.078003
484.135101 385.914673
484.570923 329.66217
485.006744 399.230377
485.442413 439.653473
485.878174 375.062714
486.313782 424.374451
486.74939 452.465363
487.184998 433.739563
487.620453 403.668274
488.055939 441.624756
488.491333 426.839233
488.926727 413.036285
489.36203 443.595856
489.797302 459.362976
490.232513 462.81134
490.667755 441.131989
491.102905 491.8703
491.537964 529.28302
491.973022 565.198792
492.40799 551.917175
492.842957 538.632751
493.277832 496.301971
493.712738 477.588928
494.147491 489.900726
494.582275 469.707855
495.017029 483.006317
495.45166 468.72287
495.886292 485.468597
496.320831 456.406769
496.755402 485.468597
497.18985 543.061218
497.624298 613.874939
498.058655 732.712708
498.493042 808.228821
498.927368 810.67926
499.361572 721.427429
499.795807 646.306152
500.229919 652.201355
500.664063 543.553223
501.098083 544.537109
501.532104 517.962891
501.966064 491.378052
502.399994 514.517456
502.833893 463.796844
503.2677 492.362701
503.701477 507.13327
504.135193 432.753784
504.568909 481.036316
505.002502 442.610168
505.436127 464.289307
505.869629 507.13327
506.303162 468.72287
506.736603 480.051392
507.169983 471.185516
507.603363 495.317261
508.036621 521.900635
508.46994 485.961304
508.903107 501.225525
509.336304 509.102509
509.769379 499.748413
510.202484 493.347595
510.635529 503.194916
511.068481 553.884888
511.501434 509.102631
511.934265 515.99408
512.367126 540.601013
512.799927 511.563751
513.232605 481.036316
513.665344 510.579407
514.097961 531.743469
514.530579 524.853577
514.963135 569.625366
515.395691 582.41156
515.828064 590.279114
516.260498 590.77063
516.692871 610.434326
517.125183 584.378418
517.557373 552.408997
517.989624 576.510498
518.421753 589.295532
518.853943 602.569519
519.286072 588.312134
519.718018 601.586365
520.150024 598.145142
520.581909 630.584045
521.013855 671.846985
521.445679 661.042603
521.877502 713.084717
522.309204 682.649902
522.740906 675.775635
523.172546 691.487183
523.604187 648.762512
524.035767 627.144287
524.467224 634.514771
524.898682 628.61853
525.330078 599.620056
525.761475 589.787048
526.192749 550.441162
526.624023 561.755554
527.055237 554.868774
527.486389 536.664673
527.917542 562.247437
528.348572 572.57605
528.779663 553.392822
529.210571 570.609009
529.641541 595.19519
530.072388 641.884705
530.503235 638.445557
530.934082 657.113159
531.364746 668.409668
531.795532 719.9552
532.226135 780.778137
532.656738 863.58728
533.08728 953.634399
533.517822 1216.27771
533.948242 1959.260498
534.378662 6040.814941
534.809082 16427.757813
535.239319 26735.820313
535.669617 30305.876953
536.099792 25943.455078
536.529968 22033.492188
536.960083 19029.146484
537.390137 16358.573242
537.82019 13554.956055
538.250183 11112.543945
538.680115 9152.624023
539.109985 7205.453613
539.539795 5959.530273
539.969543 4981.694824
540.399292 4047.493408
540.828979 3233.276611
541.258606 2489.138428
541.688171 1959.260498
542.117737 1537.219849
542.547302 1276.679321
542.976685 1059.685181
543.406128 877.787048
543.835388 817.539978
544.264771 793.034119
544.69397 845.955688
545.12323 1279.600586
545.552307 5467.883301
545.981506 11390.631836
546.410583 14483.365234
546.839539 11612.50293
547.268555 8126.864258
547.697449 6943.424316
548.126282 5842.852539
548.555054 4466.166016
548.983887 3083.669189
549.412598 2049.004639
549.841309 1403.171509
550.269958 1047.475098
550.698486 842.036804
551.127075 743.506104
551.555481 682.158813
551.983948 624.195923
552.412292 617.315369
552.840698 646.797791
553.26886 654.657166
553.697205 657.604492
554.125366 621.247131
554.553467 598.145142
554.981628 566.182312
555.409607 568.14978
555.837646 573.067932
556.265564 569.625366
556.693481 521.900635
557.121338 506.148712
557.549133 506.640991
557.976929 522.885071
558.404602 543.061218
558.832275 478.573761
559.259888 512.548401
559.687439 525.345703
560.114929 529.775146
560.542419 497.28656
560.969788 497.778931
561.397156 466.259827
561.824524 470.692993
562.25177 508.610229
562.679016 484.976166
563.10614 473.648499
563.533264 437.68219
563.960327 503.194916
564.387329 498.271515
564.814331 481.036316
565.241272 456.406769
565.668213 475.618744
566.094971 506.148712
566.52179 527.806641
566.948425 557.820496
567.375183 600.60321
567.801819 780.778137
568.228394 1196.294922
568.654846 1717.049316
569.081421 1908.07373
569.507874 1768.355469
569.934265 1485.279297
570.360596 1244.536133
570.786865 1070.916138
571.213074 911.072144
571.639282 808.718689
572.06543 748.901978
572.491516 634.02356
572.917603 572.084534
573.343567 533.21991
573.769531 543.061218
574.195435 584.378418
574.621277 567.657837
575.047119 614.366577
575.472839 744.487183
575.89856 1085.56311
576.324158 2297.962646
576.749817 3953.921631
577.175293 4874.366699
577.60083 4306.993652
578.026306 3478.16748
578.451721 4104.164551
578.877136 5290.9375
579.302429 5687.416992
579.727661 4678.669434
580.152832 3367.445801
580.578064 2788.546143
581.003113 2350.360352
581.428223 1877.636108
581.853271 1534.793457
582.278198 1120.703003
582.703125 897.857788
583.12793 759.692322
583.552795 689.523254
583.977539 658.586548
584.402283 654.165833
584.826965 634.02356
585.251587 647.780029
585.676208 649.253845
586.100647 725.352661
586.525208 800.877136
586.949524 1012.788147
587.373962 1386.641968
587.798218 2483.860352
588.222534 5848.897949
588.646729 11408.945313
589.070984 17830.71875
589.495117 21944.755859
589.919128 23156.556641
590.343201 21690.060547
590.767151 18933.818359
591.191101 16413.746094
591.61499 14210.393555
592.038818 11724.442383
592.462524 9549.6875
592.886292 7554.612793
593.310059 6076.098633
593.733582 4934.370605
594.157227 4107.941406
594.58075 3560.774414
595.004272 3185.655273
595.427673 2786.632568
595.851074 2518.40332
596.274353 2342.190186
596.697632 2161.77417
597.120911 1985.807739
597.544067 1892.13147
597.967224 1747.546387
598.39032 1631.790161
598.813354 1583.306763
599.236328 1518.292358
599.659241 1456.624146
600.082153 1352.113281
600.505005 1336.545898
600.927795 1276.679321
601.350525 1172.406738
601.773254 1164.60498
602.195862 1118.751343
602.618408 1057.731567
603.040955 1053.335938
603.46344 1003.502563
603.885925 947.276245
604.30835 891.005249
604.730652 932.112122
605.152893 893.942139
605.575195 861.138428
605.997375 847.914856
606.419495 830.769104
606.841553 757.730591
607.263672 755.278259
607.685608 770.481506
608.107605 691.977966
608.52948 701.304993
608.951294 712.593811
609.373108 684.61377
609.7948 729.768616
610.216553 713.575317
610.638123 706.213501
611.059753 689.032471
611.481262 686.577576
611.902832 646.306152
612.324219 617.806946
612.745605 620.264343
613.166931 602.078064
613.588196 590.77063
614.00946 531.251709
614.430664 595.687195
614.851807 606.502197
615.272827 629.109802
615.693909 765.577087
616.114929 770.481262
616.535889 734.675598
616.956787 670.864929
617.377563 634.515076
617.79834 617.80719
618.219055 544.537354
618.639832 573.559753
619.060364 522.884949
619.481018 527.314392
619.901611 481.036469
620.322083 482.513885
620.742493 505.164276
621.162842 502.210297
621.583191 498.271515
622.003418 479.066254
622.423706 477.096405
622.843872 429.796356
623.264038 439.653473
623.684143 431.275208
624.104126 464.289307
624.52417 434.232422
624.944031 415.008392
625.364014 418.459167
625.783752 373.582672
626.203552 407.612701
626.62323 388.873871
627.042969 414.515137
627.462585 400.216583
627.882141 428.810913
628.301697 391.339966
628.72113 359.274811
629.140625 367.169464
629.559998 382.461884
629.979309 345.457214
630.39856 352.860107
630.81781 360.755157
631.237 353.353577
631.656067 358.781494
632.075195 373.089386
632.494202 340.521942
632.913208 347.92514
633.332092 346.937897
633.750977 324.231598
634.169739 326.700256
634.588562 342.496033
635.007263 317.319366
635.425964 333.117615
635.844543 328.181091
636.263123 347.431396
636.681641 293.61438
637.100037 357.794678
637.518494 324.231598
637.936829 326.699982
638.355164 353.353577
638.773438 348.418549
639.19165 326.206299
639.609863 278.30011
640.027893 293.61438
640.445984 328.675018
640.863953 304.480377
641.281921 290.650757
641.699829 270.394684
642.117676 308.431
642.535461 296.084106
642.953247 265.453125
643.370972 283.734802
643.788635 268.912201
644.206177 296.578003
644.623718 255.074829
645.04126 292.626373
645.458618 305.467926
645.876099 280.276398
646.293396 306.455841
646.710693 271.877136
647.127991 312.3815
647.545166 260.01709
647.962341 295.096283
648.379333 265.947266
648.796448 264.464935
649.213379 296.578003
649.63031 285.710938
650.04718 256.063293
650.463989 301.023132
650.880859 282.252625
651.297546 246.671906
651.714233 278.794434
652.130859 240.245407
652.547485 278.794434
652.963928 274.347595
653.380432 273.853363
653.796814 275.335754
654.213196 300.0354
654.629578 453.450867
655.045837 579.461243
655.462036 583.886902
655.878174 489.900726
656.294312 433.739563
656.710327 395.77829
657.126404 378.5159
657.542358 403.668152
657.958252 311.887848
658.374084 320.281982
658.789917 288.180695
659.205688 247.166199
659.621338 285.710663
660.037048 247.660507
660.452637 261.993835
660.868164 247.660507
661.283691 278.300354
661.699158 230.851624
662.114502 223.434647
662.529846 255.074829
662.945129 210.081436
663.360413 218.983856
663.775635 245.683426
664.190674 219.478363
664.605835 234.312653
665.020813 225.41243
665.435791 253.59198
665.850769 231.346039
666.265625 213.049179
666.68042 254.58046
667.095215 226.895966
667.509949 218.489334
667.924622 227.884735
668.339233 213.543747
668.753784 228.873886
669.168335 221.456284
669.582825 250.626175
669.997192 528.298767
670.41156 1128.51001
670.825867 1555.657837
671.240173 1501.787598
671.654358 1118.751587
672.068481 871.421814
672.482605 750.373291
672.896667 685.595703
673.310669 608.9599
673.724609 480.051392
674.138489 382.955261
674.552307 293.120331
674.966064 263.476501
675.379822 278.300354
675.793579 215.027435
676.207153 237.773468
676.620789 218.983856
677.034241 201.672653
677.447754 191.283371
677.861206 175.448837
678.274597 236.784851
678.687866 213.049042
679.101135 169.509827
679.514404 191.283371
679.927551 187.820068
680.340698 191.778107
680.753723 206.619049
681.166748 178.418137
681.579712 194.746475
681.992615 173.964081
682.405457 163.075394
682.818298 173.964081
683.231018 210.081436
683.643738 192.272858
684.056335 185.346024
684.468994 186.830368
684.881531 190.788483
685.293945 171.489594
685.706482 174.458954
686.118774 226.895966
686.531128 203.651123
686.943481 191.283371
687.355713 168.025177
687.767883 166.540237
688.179932 159.115341
688.592041 155.650223
689.004089 170.994705
689.416016 192.767593
689.827881 193.262436
690.239868 181.881973
690.651611 194.746475
691.063354 195.735901
691.475098 201.177856
691.886719 138.320541
692.29834 191.778107
692.7099 175.448837
693.12146 162.580551
693.532837 148.719101
693.944214 196.725449
694.355652 183.861359
694.766846 176.438858
695.178101 179.407684
695.589294 149.213913
696.000366 126.930206
696.411438 112.069832
696.82251 142.282196
697.233459 158.125198
697.644409 169.014908
698.055298 114.54686
698.466064 154.164963
698.876831 110.088112
699.287537 145.253113
699.698181 152.679688
700.108826 143.272476
700.519348 133.8638
700.92981 125.444252
701.340271 141.786926
701.750732 131.882935
702.161011 144.262863
702.57135 142.777344
702.981567 122.472641
703.391724 120.491127
703.80188 112.069702
704.211914 136.339935
704.621948 139.311005
705.031921 127.425468
705.441895 138.815979
705.851746 135.844757
706.261536 116.528435
706.671265 116.033089
707.081055 124.453949
707.490662 146.738312
707.90033 140.796616
708.309814 118.509811
708.719299 119.995796
709.128784 140.301331
709.538147 128.911377
709.94751 68.458229
710.35675 172.479279
710.766052 134.854492
711.175171 117.023788
711.58429 118.509682
711.993347 99.187813
712.402405 118.014473
712.811401 106.124611
713.220276 115.53759
713.62915 106.124611
714.037964 114.051491
714.446777 128.416107
714.855408 110.088249
715.264099 114.54686
715.672668 137.330307
716.081177 92.745781
716.489746 133.8638
716.898132 124.453819
717.306519 123.958397
717.714844 113.555977
718.123108 110.583649
718.531372 107.115608
718.939514 115.53759
719.347595 110.583649
719.755676 142.777344
720.163696 117.519127
720.571716 118.014473
720.979614 104.638283
721.387451 80.355408
721.795227 83.329369
722.202942 115.53759
722.610718 81.842339
723.018311 119.50061
723.425903 75.398438
723.833374 121.977203
724.240906 76.88549
724.648376 102.656311
725.055725 98.196823
725.463013 89.276848
725.8703 72.91993
726.277466 109.097298
726.684631 87.294373
727.091797 89.772423
727.498779 110.088249
727.905823 89.276711
728.312805 130.892471
728.719666 109.097435
729.126526 87.789963
729.533264 95.223602
729.940063 111.079056
730.34668 93.737
730.753357 90.763557
731.159851 89.276711
731.566406 77.381302
731.9729 93.241325
732.379272 111.574448
732.785645 97.205811
733.191895 109.097435
733.598206 77.876976
734.004333 74.902748
734.410522 90.763557
734.816528 101.665512
735.222656 101.169899
735.628662 96.710297
736.034546 64.491844
736.44043 42.176853
736.846252 78.372643
737.252014 104.638412
737.657715 81.346832
738.063354 90.26799
738.468933 101.169899
738.874512 100.178802
739.280029 121.481888
739.685486 122.472504
740.090881 103.647232
740.496216 89.276711
740.90155 111.574585
741.306702 106.620178
741.711914 79.859756
742.117004 64.491844
742.522095 100.674423
742.927124 107.611038
743.332031 104.638145
743.737 112.069969
744.141785 103.151909
744.546631 91.259254
744.951355 59.037868
745.356079 81.842339
745.76062 90.26799
746.165283 61.517086
746.569824 87.7901
746.974243 87.789963
747.378723 93.241455
747.78302 104.142822
748.187378 117.023788
748.591614 92.745781
748.99585 80.851051
749.399963 83.329369
749.804077 79.859756
750.20813 81.842476
750.612122 84.81636
751.016052 76.88549
751.419922 88.781136
751.823792 75.894257
752.227478 68.953979
752.631226 70.937057
753.034851 44.160553
753.438477 44.16082
753.842102 88.285553
754.245544 63.500408
754.648987 83.329369
755.052368 67.466728
755.45575 84.320747
755.859009 50.111927
756.262268 56.558689
756.665405 91.754814
757.068542 44.160686
757.47168 60.52533
757.874634 47.136314
758.277588 52.095627
758.68042 41.680748
759.083374 30.271791
759.486084 41.680748
759.888916 42.672821
760.291504 87.294373
760.694214 47.632236
761.096802 85.311836
761.499268 54.57513
761.901733 46.640385
762.304199 50.607956
762.706543 66.970833
763.108826 57.550236
763.511108 59.533695
763.913208 66.475075
764.315369 60.525463
764.717529 46.640385
765.119568 58.542042
765.521545 73.911346
765.923462 159.610352
766.325317 223.929016
766.727112 211.565186
767.128845 142.777344
767.530518 129.901993
767.932251 128.911377
768.333862 113.556252
768.735413 106.124611
769.136841 148.719101
769.538269 196.230743
769.939636 173.964081
770.341003 138.815979
770.742249 138.320801
771.143433 98.692451
771.544617 105.629173
771.94574 105.629173
772.346802 76.389946
772.747803 76.885628
773.148682 59.037868
773.549622 45.15258
773.950439 68.458099
774.351196 69.449715
774.751892 58.046074
775.152588 8.440204
775.553162 36.224552
775.953735 69.449715
776.354309 30.271791
776.754639 43.6646
777.15509 36.224689
777.55542 6.951304
777.95575 7.943953
778.355896 28.783712
778.756104 30.767857
779.156189 34.736488
779.556274 64.491844
779.956299 8.936315
780.356201 -10.421066
780.756165 31.26405
781.156006 18.364613
781.555786 57.054531
781.955505 39.200848
782.355225 38.70472
782.754761 54.079132
783.154358 30.272062
783.553894 45.648518
783.953369 25.310928
784.352783 31.26405
784.752075 1.492044
785.151367 53.087387
785.550598 29.77586
785.949768 24.814817
786.348877 32.256157
786.747986 42.17672
787.147034 59.037868
787.545959 43.168644
787.944885 36.720703
788.34375 24.318569
788.742493 23.326464
789.141235 23.822588
789.539917 7.447698
789.938538 20.845524
790.337158 36.224689
790.735718 7.943818
791.134094 19.853226
791.532532 15.883599
791.930847 37.712719
792.329224 21.341532
792.727417 41.184914
793.12561 22.830204
793.523682 28.287497
793.921753 -9.42826
794.319824 37.712719
794.717773 -13.89602
795.115723 57.550373
795.51355 20.349377
795.911377 56.062702
796.309082 31.760107
796.706787 24.318569
797.10437 25.310793
797.501953 35.232513
797.899536 66.475075
798.296936 70.441193
798.694397 14.395021
799.091736 36.720703
799.489014 13.402617
799.88623 62.508686
800.283447 47.632374
800.680542 22.830204
801.077637 45.648518
801.47467 16.379919
801.871643 24.318569
802.268555 20.845524
802.665405 22.830069
803.062256 48.128426
803.458923 16.380054
803.855652 30.271927
804.252258 14.891354
804.648804 12.410194
805.04541 8.440068
805.441833 29.279787
805.838257 28.287497
806.234619 22.334074
806.630859 8.93645
807.0271 38.70472
807.423279 29.279787
807.819458 32.752338
808.215515 17.868582
808.611572 1.988214
809.007507 29.279787
809.403381 6.951304
809.799194 6.455041
810.195068 13.898821
810.590759 20.349377
810.98645 25.806896
811.38208 18.860912
811.777649 13.898821
812.173157 6.951439
812.568665 25.310793
812.96405 19.853226
813.359375 26.799231
813.754639 31.760107
814.149841 7.447563
814.545105 33.248249
814.940186 4.469946
815.335266 -10.421066
815.730347 42.67255
816.125244 33.248249
816.520203 55.566849
816.914978 48.128288
817.309753 201.177856
817.704468 462.318848
818.099182 667.427185
818.493774 889.046753
818.888367 1134.36438
819.282898 1298.58728
819.677307 1215.790283
820.071716 967.816528
820.466003 717.01062
820.860291 586.83728
821.254517 484.483826
821.648743 395.285187
822.042786 291.144714
822.43689 227.390549
822.830872 160.600479
823.224792 146.738312
823.618774 89.276848
824.012512 60.029514
824.406311 65.979301
824.799988 39.200848
825.193665 35.232647
825.58728 30.271927
825.980835 44.160686
826.374329 15.883734
826.767761 28.783577
827.161194 31.26405
827.554443 14.891354
827.947754 35.728672
828.340942 1.492044
828.734131 15.387546
829.127136 61.516949
829.520264 30.271927
829.913208 58.046211
830.306152 -13.896155
830.699097 15.883599
831.091797 9.929066
831.484619 15.387411
831.877319 39.696835
832.27002 12.906272
832.662537 2.981081
833.055054 10.425165
833.44751 14.891354
833.839966 34.736488
834.232361 7.943818
834.624634 -6.449807
835.016907 -4.464345
835.409058 40.192688
835.801208 4.469946
836.193298 -10.91734
836.585327 10.921394
836.977295 3.477239
837.369202 -9.924661
837.761047 -4.960704
838.152832 1.988214
838.544617 15.387546
838.936218 5.462502
839.327942 -9.924661
839.719421 37.712585
840.111023 -6.449807
840.50238 8.440204
840.89386 -5.456933
841.285217 7.943818
841.676453 -3.471504
842.067749 0.499152
842.458862 -9.924526
842.849976 10.4253
843.241028 33.248249
843.632019 8.440204
844.022949 15.883599
844.413879 7.447563
844.804749 14.891354
845.195496 22.830069
845.586182 0.995735
845.976807 -17.371449
846.367432 -28.791677
846.757996 16.379784
847.148499 9.432693
847.538879 -10.421066
847.92926 -5.456933
848.319641 -5.456933
848.709839 3.973662
849.100098 14.891219
849.490234 -9.924526
849.88031 -6.449672
850.270325 -8.435336
850.660339 -25.812244
851.050171 8.93645
851.440125 16.876234
851.829895 -36.24099
852.219604 21.83794
852.609314 -8.435336
852.998901 -14.392592
853.38855 -9.42826
853.778015 -1.486143
854.16748 -12.90329
854.556885 -32.764584
854.946228 -38.724037
855.335571 -39.220821
855.724731 -28.791542
856.113953 43.664738
856.503052 -19.853966
856.892151 -20.846947
857.281067 5.958773
857.670105 23.326195
858.05896 12.410194
858.447754 -11.413889
858.836609 6.951304
859.225281 11.913977
859.613892 14.395021
860.002502 -18.364388
860.391052 -17.867916
860.779541 -18.861
861.167969 4.966091
861.556335 9.432557
861.944702 -19.85383
862.332947 24.814817
862.721069 -23.329611
863.109253 23.822453
863.497314 17.868446
863.885376 17.868582
864.273315 10.425165
864.661255 -25.31571
865.049072 -22.833097
865.43689 -21.839947
865.824707 20.845524
866.21228 -21.84008
866.599915 1.988214
866.987488 -28.294983
867.375061 -1.486008
867.762451 0.499287
868.149841 6.951304
868.53717 -10.91734
868.924438 -13.896155
869.311707 2.981081
869.698853 10.425165
870.085938 -4.464075
870.472961 -7.938812
870.859985 -6.449672
871.246887 3.973527
871.633789 -3.471504
872.020569 10.921394
872.407349 2.48465
872.794067 5.462502
873.180725 -5.953435
873.567322 -30.281384
873.953796 -31.771128
874.340332 -42.200935
874.726624 22.334074
875.113037 23.32633
875.499329 10.425165
875.885559 -10.91734
876.271729 -0.989543
876.657898 -0.989678
877.044006 -7.939082
877.429932 -37.234253
877.815918 19.357071
878.201782 -21.839947
878.587585 -8.931728
878.973389 6.455041
879.35907 -4.464345
879.744751 -14.889171
880.13031 -10.421066
880.51593 -35.247478
880.901367 13.402617
881.286804 4.966226
881.67218 -11.910441
882.057434 3.477239
882.442749 -14.392592
882.827942 -11.414024
883.213013 0.995735
883.598145 3.477239
883.983154 -18.364388
884.368042 -26.308784
884.753052 -24.819044
885.137817 11.913977
885.522644 2.980947
885.907349 -4.960569
886.292053 -41.207458
886.676636 -23.826263
887.061157 -16.378389
887.44574 -3.96772
887.830078 -27.302145
888.214539 -6.449942
888.598816 13.402752
888.983093 -43.194294
889.367249 13.898821
889.751465 -1.486008
890.135498 -31.771128
890.519531 -3.967855
890.903503 -2.478815
891.287415 19.357071
891.671326 21.837805
892.055054 -19.853966
892.438843 -20.846947
892.82251 21.341532
893.206116 -17.371449
893.589661 -24.819178
893.973206 -16.378254
894.356628 -5.9533
894.73999 -1.486143
895.123352 1.492044
895.506592 -23.329475
895.889832 -34.254391
896.272949 -19.357346
896.656067 -26.308784
897.039063 -24.322651
897.422058 -34.750866
897.804993 -26.805326
898.187866 -29.288378
898.570618 -2.975157
898.953369 -19.357346
899.336121 -35.744232
899.718689 -5.456933
900.101257 -12.903155
900.483704 0.00297
900.866211 -25.81238
901.248596 -2.975157
901.63092 -11.910441
902.013184 -26.308784
902.395386 23.32633
902.777588 5.958638
903.159668 -15.881934
903.541687 -14.392592
903.923645 35.728672
904.305603 -28.791677
904.6875 0.499152
905.069275 2.48465
905.45105 27.791412
905.832642 -6.449942
906.214294 4.470081
906.595825 1.492179
906.977417 -3.96772
907.358826 -0.989678
907.740234 -11.414024
908.121582 -0.493352
908.502869 -15.385617
908.884033 -15.881934
909.265198 -19.85383
909.646301 -43.690983
910.027344 9.432827
910.408325 0.9956
910.789246 7.447428
911.170105 -7.938947
911.550903 -5.456933
911.931641 3.477239
912.312317 -4.46421
912.692932 -9.42799
913.073547 -37.234116
913.453979 -7.938947
913.834473 -31.274677
914.214783 0.003105
914.595154 -31.771128
914.975464 -7.442563
915.355652 26.799095
915.73584 -25.812244
916.115845 -8.435336
916.495972 -8.931728
916.875854 2.980947
917.255859 0.995735
917.63562 -7.938947
918.015503 -0.989678
918.395203 1.492044
918.774902 -34.750999
919.15448 -16.378389
919.534058 -37.234253
919.913574 2.48465
920.292969 -41.704262
920.672363 -14.888901
921.051636 -44.187675
921.430969 -17.867916
921.810181 -14.392458
922.189331 -34.254253
922.56842 -8.931728
922.947388 3.477374
923.326416 -7.442428
923.705261 -9.428124
924.084106 4.966226
924.462891 -6.946183
924.841675 -7.939082
925.220337 5.958908
925.598938 -9.924661
925.977478 -11.910441
926.355957 -17.371313
926.734436 -14.392592
927.112732 -6.946183
927.491089 0.00297
927.869324 -41.704128
928.247559 -22.832962
928.625671 -39.717609
929.003723 20.349377
929.381775 15.883599
929.759705 -4.960569
930.137634 -23.329475
930.515381 -25.812244
930.89325 -24.322651
931.270935 -13.399586
931.64856 -12.90329
932.026123 -25.81238
932.403687 -29.288242
932.78125 3.477239
933.15863 -4.960569
933.536011 -24.322651
933.913208 -21.343445
934.290527 -46.671326
934.667664 -18.364254
935.0448 -49.651821
935.421814 -47.168041
935.798889 -0.493352
936.175842 -7.939217
936.552673 -23.329475
936.929504 -21.839947
937.306274 -30.778095
937.683044 0.499287
938.05957 -24.322651
938.436218 -23.329611
938.812744 -37.730888
939.189148 -37.233982
939.565613 -34.750999
939.941956 -33.261044
940.318237 -4.960704
940.694458 -4.464345
941.070557 -18.861
941.446655 7.447428
941.822693 -45.677906
942.198669 -57.103657
942.574646 -10.917476
942.950562 -19.357346
943.326294 -26.308784
943.702026 -4.960704
944.077698 -18.861
944.453369 -21.343445
944.828918 -41.704262
945.204468 -34.254391
945.579834 -18.364388
945.955261 -22.833097
946.330627 -0.989678
946.705811 -18.860865
947.081055 -24.819044
947.456177 -26.308784
947.831238 -13.399586
948.206238 -34.254524
948.581238 -37.730888
948.956116 -15.385483
949.330933 -50.645309
949.705811 -36.737484
950.080505 -55.613266
950.455139 -54.12278
950.829773 -20.35059
951.204346 -41.704262
951.578735 -35.247616
951.953186 -19.357346
952.327515 -12.406729
952.701843 -63.065865
953.076172 -46.17448
953.450195 -35.744232
953.824341 -51.638947
954.198486 -53.129234
954.572449 -21.343309
954.94635 -14.889171
955.320251 -29.288242
955.694092 -10.421066
956.067871 -42.697613
956.441589 -43.194431
956.815125 -44.684505
957.188721 -35.247616
957.562256 -44.684505
957.93573 -14.889171
958.309021 -36.240856
958.682373 -11.413889
959.055664 -38.227528
959.428955 15.883599
959.802063 -22.336452
960.17511 -24.819313
960.548157 -30.281248
960.921143 -35.744232
961.294128 -20.350319
961.666809 -33.261044
962.039612 -3.967855
962.412415 -40.21413
962.785095 -34.254253
963.157715 -6.449672
963.530151 -26.805462
963.902649 -46.671326
964.275146 -28.295118
964.647522 -52.632336
965.019714 -16.378389
965.392029 -34.750999
965.76416 -52.632469
966.136292 -27.301874
966.508423 -1.486008
966.880371 -7.938947
967.252319 -41.704262
967.624207 5.462367
967.996094 -45.677906
968.367737 -44.187809
968.739441 -27.301874
969.111084 -10.91734
969.482666 -44.684505
969.854248 -56.109924
970.225586 -44.187675
970.596985 -34.254253
970.968323 -33.261044
971.339661 -35.247616
971.710754 -3.96772
972.081909 -21.343309
972.453064 -20.35059
972.824097 -41.207592
973.194946 -12.406729
973.565918 6.455176
973.936768 -35.744232
974.307556 -10.421066
974.678284 -12.903155
975.048828 -35.247616
975.419495 -15.882069
975.790039 -10.91734
976.160522 -47.168041
976.530884 -12.406729
976.901245 -24.322651
977.271606 -26.805326
977.641846 -40.21413
978.012024 -34.750999
978.382019 -27.798561
978.752136 -0.989678
979.122131 -30.281519
979.492065 -36.737617
979.861877 -25.31571
980.231689 5.462502
980.60144 -53.129372
980.971191 -24.819178
981.34082 -57.60046
981.710266 -58.097404
982.079773 -16.874985
982.44928 -38.227528
982.818604 -38.227528
983.187866 4.469811
983.557129 -29.288242
983.926331 -33.261044
984.295471 -37.730888
984.664612 -59.587994
985.033569 -14.889035
985.402527 -22.336586
985.771362 -28.791677
986.140259 -38.724037
986.508911 -13.39972
986.877625 -19.357346
987.246277 -16.378525
987.614929 -63.562721
987.983459 -44.187675
988.351807 -28.791677
988.720215 -51.142059
989.088623 3.477104
989.456909 -31.274677
989.825012 -4.960569
990.193115 -33.757782
990.561279 -14.392592
990.929321 -45.677906
991.297302 -35.247478
991.6651 -13.399586
992.03302 -35.74437
992.400818 -26.308784
992.768494 -24.322651
993.136047 -12.903155
993.503723 -28.295118
993.871277 -43.194294
994.23877 -5.953435
994.60614 -33.757648
994.97345 -49.651955
995.340759 9.928931
995.708008 -9.924661
996.075195 -7.938947
996.4422 -23.825994
996.809265 -49.155083
997.17627 -36.737484
997.543152 -10.91734
997.910095 -47.664761
998.276733 -37.234253
998.643494 -16.874985
999.010193 -28.791677
999.376831 -25.812244
999.743286 -28.791677
1000.109802 -32.764584
1000.476257 -5.456933
1000.842651 -24.819178
1001.208923 -19.357346
1001.575134 -43.194294
1001.941284 -31.771128
1002.307434 -13.896155
1002.673523 -14.889035
1003.039429 -53.626007
1003.405334 -37.234253
1003.771179 -56.606857
1004.137024 -16.874985
1004.502808 -35.247616
1004.868408 -35.744232
1005.234009 -37.233982
1005.599609 -23.329475
1005.965149 -50.645309
1006.330444 -18.364388
1006.695862 -65.053314
1007.061218 -7.938947
1007.426453 -3.471504
1007.791626 -21.343445
1008.156677 -21.343445
1008.521729 -23.825994
1008.88678 -17.371449
1009.251709 -43.69112
1009.616577 -43.194294
1009.981384 -31.771261
1010.34613 -34.254524
1010.710754 -24.322651
1011.075439 -9.42826
1011.439941 -38.227528
1011.804443 -21.343445
1012.168884 -24.819178
1012.533325 -37.730888
1012.897522 -29.288242
1013.26178 -1.982342
1013.626038 -0.989678
1013.990112 -46.174614
1014.354187 -23.825994
1014.71814 -39.220821
1015.082153 -53.129234
1015.446045 -38.724037
1015.809937 -10.917476
1016.173523 -31.771128
1016.53717 -19.357346
1016.900879 -27.301874
1017.264404 -10.917476
1017.627991 -19.357346
1017.991333 -45.181202
1018.354675 -53.129234
1018.718018 0.995735
1019.081299 -3.471504
1019.444397 -13.39972
1019.807495 -6.946183
1020.170593 -37.234253
1020.533691 -33.261044
1020.896606 -34.254253
1021.25946 -57.60046
1021.622253 -21.839947
1021.985046 -29.784811
1022.347778 -16.874849
1022.710327 -29.784946
1023.072876 -35.744232
1023.435364 -13.399856
1023.797852 -12.903155
1024.160278 -61.07835
1024.522461 -54.61956
1024.884766 -39.220955
1025.246948 -41.704128
1025.609131 -24.819178
1025.971069 -43.194431
1026.33313 -35.247616
1026.694946 -39.220821
1027.056885 -7.938947
1027.418823 -43.194294
1027.780396 -43.69112
1028.14209 -18.860865
1028.503784 -30.281519
1028.865479 -8.931728
1029.226807 -38.227528
1029.588135 -23.329611
1029.949707 -34.254253
1030.310913 -18.364523
1030.672241 -46.174614
1031.033325 -51.638947
1031.394531 -32.267853
1031.755493 -31.274677
1032.116577 -19.357346
1032.477417 -31.771397
1032.838257 -37.234116
1033.199097 -41.207592
1033.559937 -19.85383
1033.920654 -33.757648
1034.281128 -29.288378
1034.641724 -34.750999
1035.002197 -35.744232
1035.362671 -45.181202
1035.7229 -2.478815
1036.083252 -33.757648
1036.443481 -58.594082
1036.803711 -29.288378
1037.16394 -31.771261
1037.523804 -34.254253
1037.883789 -35.74437
1038.243774 -20.846947
1038.603638 -41.207592
1038.963257 -51.142193
1039.32312 -17.867916
1039.682861 -30.778095
