0.0 1883.01102
0.0 1887.64923
-142.359085 1892.28699
-87.65416 1896.92459
-77.713333 1901.56158
-90.139664 1906.19812
26.563257 1910.83435
-13.139421 1915.47043
-40.450371 1920.1059
4.233749 1924.74091
-45.417465 1929.37561
19.121069 1934.01001
73.67556 1938.6441
100.934219 1943.27759
21.601812 1947.91077
4.233749 1952.54349
-20.586615 1957.17575
-50.384846 1961.80786
68.71817 1966.43951
-33.000656 1971.07071
-23.069132 1975.70145
-10.657187 1980.33203
-82.683464 1984.96216
21.601812 1989.59167
-5.693169 1994.22089
-77.713333 1998.84979
-50.384846 2003.47855
78.632675 2008.10654
29.04369 2012.73422
81.110939 2017.3616
19.121069 2021.98853
34.004513 2026.61514
9.196651 2031.2413
56.322697 2035.867
81.110939 2040.4924
-55.352783 2045.11734
29.04369 2049.74197
6.715252 2054.36615
-0.729434 2058.99002
6.715252 2063.61343
-13.139421 2068.23654
48.884232 2072.85919
-3.211249 2077.48123
11.67781 2082.10327
-92.625145 2086.72485
-37.967117 2091.34583
-62.805344 2095.96649
-52.868759 2100.5867
-50.384846 2105.20676
-55.352783 2109.82635
-15.621625 2114.44534
-0.729434 2119.06403
-33.000656 2123.6824
-70.258858 2128.30048
95.97908 2132.91779
6.715252 2137.53494
-35.483837 2142.15179
-18.104067 2146.76819
11.67781 2151.38412
36.484768 2155.9996
100.934219 2160.61493
-3.211249 2165.22949
41.444839 2169.84406
11.67781 2174.45801
56.322697 2179.07166
26.563257 2183.68484
4.233749 2188.29773
26.563257 2192.91031
31.524153 2197.52228
1.752278 2202.13379
-25.551889 2206.745
-60.321007 2211.35574
-67.7742 2215.96634
-35.483837 2220.57648
-10.657187 2225.186
-122.460434 2229.79553
11.67781 2234.4043
51.363869 2239.01276
-40.450371 2243.62076
-3.211249 2248.22845
21.601812 2252.83569
-100.082489 2257.44278
-37.967117 2262.0491
-18.104067 2266.65512
-97.596687 2271.26114
-82.683464 2275.86639
31.524153 2280.47119
41.444839 2285.07568
-25.551889 2289.67972
-40.450371 2294.28345
-45.417465 2298.88687
-25.551889 2303.48984
-57.836773 2308.09219
71.196854 2312.6944
95.97908 2317.29614
-20.586615 2321.89758
-10.657187 2326.49841
11.67781 2331.09894
46.404491 2335.69901
4.233749 2340.29892
19.121069 2344.89822
-23.069132 2349.49707
29.04369 2354.09561
-3.211249 2358.69385
-18.104067 2363.29163
-42.933865 2367.88895
-8.175058 2372.48581
-8.175058 2377.08237
11.67781 2381.67847
14.159 2386.27441
16.640085 2390.8696
31.524153 2395.46463
51.363869 2400.0592
-8.175058 2404.65332
-8.175058 2409.24698
4.233749 2413.84033
6.715252 2418.43338
-70.258858 2423.02597
-25.551889 2427.6181
43.924786 2432.20993
-57.836773 2436.80115
19.121069 2441.39221
-60.321007 2445.98282
-18.104067 2450.57297
-80.198418 2455.16266
-45.417465 2459.75189
-18.104067 2464.34082
-77.713333 2468.92944
-124.947441 2473.51761
16.640085 2478.10516
19.121069 2482.69272
128.180542 2487.27951
9.196651 2491.866
-40.450371 2496.45218
-5.693169 2501.0379
-55.352783 2505.62317
-40.450371 2510.20813
-20.586615 2514.79279
-13.139421 2519.37668
4.233749 2523.96057
16.640085 2528.54385
58.802025 2533.12683
-35.483837 2537.7092
16.640085 2542.29126
26.563257 2546.87302
29.04369 2551.45432
-37.967117 2556.035
6.715252 2560.61584
31.524153 2565.19592
-60.321007 2569.7757
-62.805344 2574.35455
-8.175058 2578.93372
-50.384846 2583.51196
14.159 2588.0899
-50.384846 2592.66754
78.632675 2597.24487
34.004513 2601.8219
14.159 2606.39832
6.715252 2610.97443
9.196651 2615.54993
-23.069132 2620.12512
-25.551889 2624.69971
-28.034752 2629.27429
19.121069 2633.84827
-20.586615 2638.42194
-57.836773 2642.9953
19.121069 2647.56805
11.67781 2652.1405
-0.729434 2656.71234
-47.901169 2661.28387
-82.683464 2665.8551
46.404491 2670.42572
-0.729434 2674.99573
98.456635 2679.56604
19.121069 2684.13574
1.752278 2688.70483
-20.586615 2693.27362
41.444839 2697.8418
58.802025 2702.40936
-25.551889 2706.97693
16.640085 2711.54419
-70.258858 2716.11053
-8.175058 2720.67688
-5.693169 2725.24292
-15.621625 2729.80835
-10.657187 2734.37347
29.04369 2738.93799
-52.868759 2743.5025
66.239258 2748.0661
6.715252 2752.62939
21.601812 2757.19238
29.04369 2761.75507
-35.483837 2766.31714
9.196651 2770.87891
-62.805344 2775.44067
-18.104067 2780.00122
-18.104067 2784.56177
-42.933865 2789.12201
-95.110863 2793.68164
-13.139421 2798.24097
-52.868759 2802.79968
16.640085 2807.3584
-55.352783 2811.9162
-50.384846 2816.474
6.715252 2821.03149
56.322697 2825.58838
-18.104067 2830.14465
-3.211249 2834.70062
-5.693169 2839.25629
31.524153 2843.81134
-60.321007 2848.36639
152.939255 2852.92053
-8.175058 2857.47467
-77.713333 2862.0282
16.640085 2866.58142
-13.139421 2871.13434
-77.713333 2875.68634
-52.868759 2880.23804
-47.901169 2884.78973
-95.110863 2889.34113
11.67781 2893.8913
-75.228355 2898.44208
-23.069132 2902.99164
-15.621625 2907.54089
-35.483837 2912.08984
88.545403 2916.63879
31.524153 2921.18683
-50.384846 2925.73456
-85.168755 2930.28198
-42.933865 2934.82849
-102.568527 2939.37561
76.154167 2943.92151
68.71817 2948.46741
-25.551889 2953.01239
-15.621625 2957.55737
-105.05468 2962.10175
-35.483837 2966.64581
-23.069132 2971.18958
-42.933865 2975.73242
4.233749 2980.27557
-10.657187 2984.81812
-13.139421 2989.35974
108.366234 2993.90137
66.239258 2998.44238
31.524153 3002.9834
-0.729434 3007.5235
-67.7742 3012.0636
-50.384846 3016.60278
-82.683464 3021.14197
-42.933865 3025.68054
-18.104067 3030.21881
34.004513 3034.75677
53.843399 3039.29413
46.404491 3043.83118
1.752278 3048.36761
83.589241 3052.90375
-82.683464 3057.43958
-23.069132 3061.9751
16.640085 3066.5097
-60.321007 3071.04431
9.196651 3075.578
-55.352783 3080.11169
-72.743622 3084.64508
31.524153 3089.17755
-33.000656 3093.71063
16.640085 3098.24219
-57.836773 3102.77374
38.964787 3107.30499
31.524153 3111.83563
-77.713333 3116.36597
-50.384846 3120.89569
172.739029 3125.42511
-30.517721 3129.95422
24.082586 3134.48273
-87.65416 3139.01093
51.363869 3143.53882
-52.868759 3148.0658
-0.729434 3152.59308
-80.198418 3157.11975
78.632675 3161.64581
-8.175058 3166.17126
-77.713333 3170.69672
-25.551889 3175.22156
-45.417465 3179.74579
-52.868759 3184.27002
78.632675 3188.79333
-50.384846 3193.31665
-95.110863 3197.83936
31.524153 3202.36176
-0.729434 3206.88354
-77.713333 3211.40503
1.752278 3215.92651
-90.139664 3220.44647
-45.417465 3224.96704
-30.517721 3229.48639
1.752278 3234.00604
58.802025 3238.52509
21.601812 3243.04352
-13.139421 3247.56165
-37.967117 3252.07916
1.752278 3256.59668
-75.228355 3261.11328
-37.967117 3265.62988
-30.517721 3270.14557
71.196854 3274.66156
-115.000206 3279.17664
4.233749 3283.6911
-82.683464 3288.20557
-10.657187 3292.71942
-20.586615 3297.23297
29.04369 3301.74561
-35.483837 3306.25854
-60.321007 3310.77026
63.760235 3315.28229
36.484768 3319.7937
58.802025 3324.3045
-15.621625 3328.815
38.964787 3333.32489
162.839951 3337.83478
-0.729434 3342.34406
21.601812 3346.85303
36.484768 3351.36078
130.656784 3355.86914
78.632675 3360.37659
68.71817 3364.88342
-20.586615 3369.39026
11.67781 3373.89648
-5.693169 3378.4024
-8.175058 3382.90771
71.196854 3387.41272
-3.211249 3391.91681
71.196854 3396.4212
46.404491 3400.92468
-3.211249 3405.42816
-28.034752 3409.93103
58.802025 3414.43329
1.752278 3418.93555
-35.483837 3423.43689
-47.901169 3427.93793
19.121069 3432.43866
-10.657187 3436.93878
-25.551889 3441.4389
103.411705 3445.93842
63.760235 3450.43732
-5.693169 3454.93591
36.484768 3459.43359
14.159 3463.93158
26.563257 3468.42896
-13.139421 3472.92542
-20.586615 3477.42218
-30.517721 3481.91803
81.110939 3486.41357
66.239258 3490.90881
68.71817 3495.40314
115.797325 3499.89777
214.792191 3504.39148
283.993683 3508.88489
692.72644 3513.37799
1118.519409 3517.87048
1381.548584 3522.36267
1667.902832 3526.85425
1578.225952 3531.34552
1706.650879 3535.83649
1337.774292 3540.32684
1091.676758 3544.81659
778.583679 3549.30634
614.132935 3553.79517
367.921326 3558.2843
286.463776 3562.77222
246.931091 3567.26013
202.426544 3571.74774
286.463776 3576.23444
249.402649 3580.72113
152.939255 3585.20721
98.456635 3589.69299
140.561096 3594.17786
254.345367 3598.66302
217.264908 3603.14697
167.789627 3607.63123
251.873993 3612.11456
239.515915 3616.5976
306.220825 3621.08032
234.571869 3625.56244
348.183777 3630.04456
567.423889 3634.52576
1035.519531 3639.00696
1970.133789 3643.48663
3154.462646 3647.96722
4131.319824 3652.4469
4534.15625 3656.92596
4562.371094 3661.40472
4341.166016 3665.88287
3639.296875 3670.36102
2453.875732 3674.83826
1713.91394 3679.31549
1130.717163 3683.79181
589.553345 3688.26843
486.219238 3692.74384
372.854858 3697.21924
429.562195 3701.69403
303.751495 3706.16821
288.933807 3710.6427
288.933807 3715.11566
251.873993 3719.58923
264.229767 3724.06158
180.162262 3728.53424
237.04393 3733.00568
281.523621 3737.47711
195.006012 3741.94794
261.758789 3746.41846
288.933807 3750.88898
286.463776 3755.35828
333.376556 3759.82758
427.097687 3764.29596
793.291138 3768.76465
1091.676758 3773.23242
1573.375854 3777.69989
2040.09436 3782.16675
2184.659424 3786.6333
2360.223389 3791.09985
2513.858398 3795.56519
2333.791016 3800.03052
1757.479248 3804.49524
1573.375854 3808.95996
1262.325806 3813.42377
1091.676758 3817.88727
856.987671 3822.35046
1057.499146 3826.81274
1101.438965 3831.27533
1362.096313 3835.73669
1345.071655 3840.19836
1208.735596 3844.65912
1086.79541 3849.11957
937.749756 3853.57971
648.528992 3858.03925
362.987701 3862.49847
348.183777 3866.95679
133.133041 3871.41541
279.053345 3875.87311
254.345367 3880.33051
185.110535 3884.78729
95.97908 3889.24408
76.154167 3893.69995
192.532257 3898.15552
254.345367 3902.61078
261.758789 3907.06543
227.155212 3911.52008
232.099838 3915.97351
185.110535 3920.42725
224.682755 3924.87976
172.739029 3929.33289
222.210342 3933.78479
372.854858 3938.23639
417.238617 3942.68768
528.064697 3947.13837
574.80127 3951.58905
653.44104 3956.03851
724.628845 3960.48798
768.776978 3964.93683
704.998291 3969.38568
574.80127 3973.83392
464.055115 3978.28156
471.443939 3982.72888
288.933807 3987.1756
214.792191 3991.62201
246.931091 3996.06781
110.843407 4000.51361
170.264389 4004.95819
195.006012 4009.40308
232.099838 4013.84705
269.171295 4018.29102
202.426544 4022.73438
355.586121 4027.17682
601.844116 4031.61926
989.095398 4036.0611
1871.124146 4040.50293
3152.080322 4044.94385
3549.158936 4049.38446
3539.666504 4053.82477
3273.510254 4058.26447
2985.168213 4062.70386
2681.600586 4067.14233
1989.439209 4071.58081
1362.096313 4076.01868
1140.473999 4080.45624
986.651367 4084.89319
888.814026 4089.33014
636.24646 4093.76617
589.553345 4098.2019
572.342224 4102.63702
402.447449 4107.07184
387.652863 4111.50635
325.971619 4115.94025
237.04393 4120.37384
283.993683 4124.80682
296.343079 4129.23981
276.582947 4133.67126
269.171295 4138.10333
239.515915 4142.53479
232.099838 4146.96533
207.373016 4151.39587
301.282074 4155.82581
227.155212 4160.25543
454.201721 4164.68414
621.504822 4169.11285
793.291138 4173.54065
717.26825 4177.96875
714.814453 4182.39594
763.872986 4186.82281
626.419128 4191.24908
729.535706 4195.67505
454.201721 4200.10071
380.254425 4204.52545
358.053406 4208.9502
362.987701 4213.37372
441.883118 4217.79785
461.591949 4222.22107
395.05072 4226.64368
377.788025 4231.06628
325.971619 4235.48798
365.454407 4239.90967
308.690063 4244.33044
204.899887 4248.75092
313.628052 4253.17078
345.716125 4257.59064
274.112579 4262.00989
279.053345 4266.42853
370.388153 4270.84686
325.971619 4275.26459
340.780609 4279.68201
390.118927 4284.09912
286.463776 4288.51563
340.780609 4292.93121
407.378326 4297.34711
301.282074 4301.76239
395.05072 4306.17706
387.652863 4310.59113
496.06778 4315.00488
461.591949 4319.41833
399.981873 4323.83087
530.525391 4328.24341
493.605804 4332.65533
638.703186 4337.06726
807.995544 4341.47827
1237.971558 4345.88867
2549.829102 4350.29877
5239.776367 4354.70825
7187.29248 4359.11804
7912.228516 4363.52661
8058.564453 4367.93518
7449.286133 4372.34283
7010.029297 4376.75049
6381.864258 4381.15723
5066.700195 4385.56396
3261.612061 4389.9704
2218.356445 4394.37561
1638.82959 4398.78113
1196.550659 4403.18573
996.427612 4407.59033
847.192139 4411.99341
763.872986 4416.39709
761.420837 4420.79956
673.086609 4425.20264
518.221008 4429.6051
709.906555 4434.00604
574.80127 4438.40759
589.553345 4442.80762
547.747375 4447.20825
589.553345 4451.60767
441.883118 4456.00739
449.274475 4460.40558
390.118927 4464.80438
481.294708 4469.20258
390.118927 4473.59955
316.097015 4477.99713
296.343079 4482.39319
256.81665 4486.78955
264.229767 4491.185
308.690063 4495.58014
365.454407 4499.97498
217.264908 4504.36951
261.758789 4508.76343
244.459412 4513.15674
217.264908 4517.54974
177.687912 4521.94183
93.501289 4526.33392
192.532257 4530.7251
190.058548 4535.11688
281.523621 4539.50684
204.899887 4543.8974
296.343079 4548.28735
204.899887 4552.67639
180.162262 4557.06543
241.98764 4561.45325
239.515915 4565.84137
105.888954 4570.22858
165.314774 4574.61578
197.47966 4579.00208
227.155212 4583.38867
209.846176 4587.77405
259.287689 4592.15912
261.758789 4596.54388
202.426544 4600.92773
197.47966 4605.31189
237.04393 4609.69513
195.006012 4614.07806
192.532257 4618.46008
133.133041 4622.84241
123.227509 4627.22351
118.2742 4631.60461
157.88974 4635.98541
204.899887 4640.3653
103.411705 4644.74518
143.036957 4649.12384
86.067444 4653.50281
170.264389 4657.88086
91.023399 4662.25891
167.789627 4666.63605
130.656784 4671.01318
185.110535 4675.39001
214.792191 4679.76563
204.899887 4684.14124
190.058548 4688.51593
187.584595 4692.89063
237.04393 4697.2644
145.512711 4701.63849
227.155212 4706.01135
190.058548 4710.38422
239.515915 4714.75677
306.220825 4719.12811
234.571869 4723.50006
180.162262 4727.87048
209.846176 4732.24121
145.512711 4736.61072
172.739029 4740.98053
229.627579 4745.34943
244.459412 4749.71802
269.171295 4754.0863
241.98764 4758.45367
274.112579 4762.82104
237.04393 4767.1875
271.641998 4771.55426
251.873993 4775.91949
259.287689 4780.28503
249.402649 4784.64966
298.812683 4789.01428
209.846176 4793.3786
266.700531 4797.7417
274.112579 4802.1051
207.373016 4806.46698
239.515915 4810.82947
281.523621 4815.19073
195.006012 4819.552
313.628052 4823.91266
259.287689 4828.27301
239.515915 4832.63306
375.321503 4836.99188
372.854858 4841.35101
229.627579 4845.70923
318.565704 4850.06744
239.515915 4854.42413
417.238617 4858.78174
345.716125 4863.13782
358.053406 4867.4939
355.586121 4871.84998
325.971619 4876.20453
385.186737 4880.55939
365.454407 4884.91333
362.987701 4889.26727
436.954926 4893.6203
367.921326 4897.97302
335.844574 4902.32513
417.238617 4906.67755
505.914551 4911.02905
545.287354 4915.37964
587.094788 4919.73022
609.217712 4924.0799
619.047546 4928.42957
594.470032 4932.77832
446.810974 4937.12738
473.906769 4941.47491
409.843597 4945.82275
515.760071 4950.17029
427.097687 4954.5166
414.773865 4958.86292
412.308807 4963.20831
486.219238 4967.55402
325.971619 4971.8985
375.321503 4976.24298
528.064697 4980.58655
513.298889 4984.93042
505.914551 4989.27368
542.827209 4993.61572
535.446228 4997.95807
459.128632 5002.29919
390.118927 5006.64063
392.5849 5010.98083
360.520599 5015.32104
370.388153 5019.66064
340.780609 5023.99994
318.565704 5028.33893
301.282074 5032.677
340.780609 5037.01477
399.981873 5041.35193
360.520599 5045.68909
417.238617 5050.02502
508.376099 5054.36127
432.026367 5058.69629
377.788025 5063.03162
338.312653 5067.36603
417.238617 5071.69983
343.248352 5076.03363
397.516479 5080.36621
449.274475 5084.6994
564.964844 5089.03107
370.388153 5093.36304
414.773865 5097.69379
441.883118 5102.02484
493.605804 5106.35529
518.221008 5110.68481
493.605804 5115.01434
466.517975 5119.34265
515.760071 5123.67126
503.452942 5127.99927
476.369507 5132.32605
515.760071 5136.65344
540.366943 5140.97961
500.991211 5145.30579
550.207336 5149.63135
601.844116 5153.95691
633.789978 5158.28064
859.436401 5162.60498
1435.016479 5166.92871
1851.791382 5171.25183
2302.54248 5175.57373
3332.980469 5179.89624
3658.262939 5184.21753
3622.698242 5188.53943
3565.769043 5192.86072
3610.840332 5197.18018
3290.165527 5201.50024
3118.720703 5205.81909
2676.812256 5210.13855
2215.949951 5214.45679
1665.480347 5218.77502
1291.540527 5223.09204
1030.634155 5227.40906
957.31427 5231.72546
874.12677 5236.04187
834.945618 5240.35767
859.436401 5244.67224
795.742188 5248.98682
687.816956 5253.30078
665.720337 5257.61475
665.720337 5261.92749
690.271729 5266.24023
626.419128 5270.55237
638.703186 5274.86389
628.876221 5279.17542
648.528992 5283.48572
660.808899 5287.79663
641.159729 5292.10571
623.962097 5296.41541
673.086609 5300.72388
795.742188 5305.03235
751.611694 5309.34082
781.035156 5313.64746
869.23053 5317.95532
986.651367 5322.26135
1008.646057 5326.56738
1252.585083 5330.8728
1369.391602 5335.17822
2273.6875 5339.48242
7258.588867 5343.78662
15918.101563 5348.09082
22713.457031 5352.39319
26632.173828 5356.69617
28245.396484 5360.99792
29293.386719 5365.29968
30441.876953 5369.60083
31674.460938 5373.90137
32699.148438 5378.2019
31042.710938 5382.50183
26186.244141 5386.80115
20926.130859 5391.09985
17043.314453 5395.39795
14169.65332 5399.69543
12133.918945 5403.99292
10372.266602 5408.28979
8708.28125 5412.58606
7334.441895 5416.88171
5873.787109 5421.17737
4604.679199 5425.47302
3741.200439 5429.76685
3040.042236 5434.06128
2511.459961 5438.35388
2271.282471 5442.64771
2150.949219 5446.9397
3873.764648 5451.2323
12604.810547 5455.52307
20463.855469 5459.81506
23479.791016 5464.10583
24638.591797 5468.39539
24059.892578 5472.68555
24952.568359 5476.97449
25827.109375 5481.26282
25926.84375 5485.55054
25127.341797 5489.83887
21351.498047 5494.12598
15317.250977 5498.41309
9953.555664 5502.69958
7295.37207 5506.98486
5333.224609 5511.27075
3968.352051 5515.55481
3125.869873 5519.83948
2600.163818 5524.12292
2220.762939 5528.40698
1965.306641 5532.6886
1670.325073 5536.97205
1527.283081 5541.25366
1289.106567 5545.53467
1281.803589 5549.81628
1216.045776 5554.09607
1045.289063 5558.37646
1018.419434 5562.65564
1013.532898 5566.93481
1006.202393 5571.21338
952.423828 5575.49133
825.146729 5579.76929
883.918762 5584.04602
793.291138 5588.32275
771.228577 5592.59888
822.696777 5596.87439
771.228577 5601.14929
741.800903 5605.42419
776.13208 5609.69788
798.193054 5613.97156
758.968628 5618.24524
795.742188 5622.5177
702.544067 5626.79016
712.360535 5631.0614
805.544983 5635.33264
687.816956 5639.60327
739.347961 5643.87329
687.816956 5648.14331
550.207336 5652.41272
587.094788 5656.68213
636.24646 5660.94971
727.082336 5665.2179
609.217712 5669.48425
584.63623 5673.75183
790.840088 5678.01819
825.146729 5682.28394
984.207092 5686.54846
1059.940918 5690.81421
1013.532898 5695.07874
998.871521 5699.34265
1006.202393 5703.60596
881.470947 5707.86865
940.195435 5712.13074
1033.076904 5716.39282
1062.38269 5720.6543
981.762695 5724.91516
1023.30542 5729.17603
1028.191284 5733.43567
1079.472412 5737.69531
1262.325806 5741.95435
1379.11731 5746.21277
1859.041504 5750.47119
2300.138184 5754.72839
3854.83667 5758.9856
6430.474609 5763.24158
8637.760742 5767.49817
9610.49707 5771.75293
10493.609375 5776.0083
11710.856445 5780.26306
14257.750977 5784.51721
16329.901367 5788.77136
17003.941406 5793.02429
17382.302734 5797.27661
16134.996094 5801.52832
14405.251953 5805.78064
12726.785156 5810.03113
11677.412109 5814.28223
10491.363281 5818.53271
8935.517578 5822.78198
6689.410156 5827.03125
5010.512695 5831.2793
3672.485596 5835.52795
2777.317383 5839.77539
2290.520508 5844.02283
1943.581543 5848.26965
1713.91394 5852.51587
1330.476074 5856.76208
1264.760864 5861.00647
1208.735596 5865.25208
1164.860474 5869.49524
1318.310913 5873.73962
1728.438232 5877.98218
3206.861328 5882.22534
4933.209961 5886.46729
6841.748047 5890.70984
8626.383789 5894.95117
10018.916016 5899.19128
10933.240234 5903.43201
11563.655273 5907.67151
12062.737305 5911.91101
12493.857422 5916.1499
12318.418945 5920.38818
11898.019531 5924.62524
10628.323242 5928.86292
9277.941406 5933.10059
7706.168945 5937.33582
6347.130859 5941.57227
5260.808594 5945.8075
4334.099609 5950.04272
3814.604492 5954.27673
3404.298828 5958.51074
3225.908203 5962.74353
2789.275146 5966.97632
2628.914307 5971.20911
2509.061279 5975.44067
2343.403564 5979.67224
2054.562012 5983.9032
1953.238037 5988.13354
1863.874756 5992.36328
1655.790283 5996.59241
1696.965454 6000.82153
1578.225952 6005.05005
1617.017578 6009.27795
1551.545776 6013.50525
1505.44043 6017.73254
1374.254517 6021.95862
1311.010864 6026.18408
1330.476074 6030.40955
1286.672363 6034.6344
1196.550659 6038.85925
1128.27771 6043.0835
1116.079468 6047.30652
1140.473999 6051.52893
1123.39856 6055.75195
981.762695 6059.97375
930.411499 6064.19495
1040.404297 6068.41553
891.261658 6072.63672
1003.759033 6076.85608
859.436401 6081.07605
913.286133 6085.2948
984.207092 6089.51294
945.086975 6093.73108
861.885071 6097.948
847.192139 6102.16553
859.436401 6106.38123
925.518921 6110.59753
788.388916 6114.81262
856.987671 6119.02832
798.193054 6123.24219
815.34668 6127.45605
810.446045 6131.66931
839.844299 6135.88196
805.544983 6140.0946
778.583679 6144.30664
758.968628 6148.51807
861.885071 6152.72827
795.742188 6156.93909
812.896423 6161.14929
793.291138 6165.35889
781.035156 6169.56787
844.742981 6173.77563
847.192139 6177.9834
736.894958 6182.19055
803.094604 6186.39832
771.228577 6190.60364
724.628845 6194.81018
741.800903 6199.01611
658.353027 6203.22083
680.452271 6207.42493
719.72168 6211.62842
704.998291 6215.83191
692.72644 6220.03418
695.18103 6224.23706
577.260254 6228.43872
697.635559 6232.64038
646.072632 6236.84143
621.504822 6241.04126
631.333191 6245.2417
687.816956 6249.44031
655.897095 6253.64014
717.26825 6257.83752
687.816956 6262.03552
665.720337 6266.2323
655.897095 6270.42969
596.928223 6274.62585
587.094788 6278.82141
611.675354 6283.01697
520.682068 6287.2113
454.201721 6291.40625
606.759888 6295.59998
663.264709 6299.79309
584.63623 6303.9856
518.221008 6308.1781
626.419128 6312.37
439.419098 6316.56067
510.837494 6320.75195
510.837494 6324.94202
513.298889 6329.13208
481.294708 6333.32092
532.985962 6337.50977
483.756866 6341.69739
436.954926 6345.88562
532.985962 6350.07263
441.883118 6354.25964
446.810974 6358.44543
491.143707 6362.63123
461.591949 6366.81641
464.055115 6371.00037
513.298889 6375.18494
577.260254 6379.36829
471.443939 6383.55164
478.832153 6387.73438
432.026367 6391.9165
493.605804 6396.09863
436.954926 6400.27893
441.883118 6404.45984
523.143005 6408.63953
464.055115 6412.81921
540.366943 6416.99829
537.906616 6421.17676
446.810974 6425.35461
473.906769 6429.53247
535.446228 6433.70972
471.443939 6437.88635
488.681519 6442.06177
459.128632 6446.23718
478.832153 6450.4126
441.883118 6454.58618
424.633057 6458.76099
456.665222 6462.93396
535.446228 6467.10693
464.055115 6471.27991
483.756866 6475.45166
367.921326 6479.62341
515.760071 6483.79333
407.378326 6487.96448
441.883118 6492.13379
471.443939 6496.3031
456.665222 6500.4718
427.097687 6504.63989
532.985962 6508.80859
466.517975 6512.97546
528.064697 6517.14233
493.605804 6521.30859
528.064697 6525.47485
466.517975 6529.63928
464.055115 6533.80432
444.347107 6537.96814
547.747375 6542.13196
616.590393 6546.29578
560.045959 6550.45837
601.844116 6554.62036
609.217712 6558.78174
508.376099 6562.94312
675.541931 6567.10327
555.126709 6571.26404
717.26825 6575.42358
655.897095 6579.58252
673.086609 6583.74084
594.470032 6587.89917
609.217712 6592.05688
560.045959 6596.21338
589.553345 6600.37048
481.294708 6604.52637
518.221008 6608.68164
496.06778 6612.83691
525.603882 6616.99158
505.914551 6621.14502
547.747375 6625.29846
446.810974 6629.45129
488.681519 6633.60413
399.981873 6637.75635
520.682068 6641.90674
434.490723 6646.05835
367.921326 6650.20813
432.026367 6654.35791
409.843597 6658.50769
353.118744 6662.65625
353.118744 6666.8042
434.490723 6670.95215
328.439941 6675.09949
385.186737 6679.24622
427.097687 6683.39233
471.443939 6687.53784
414.773865 6691.68335
451.738159 6695.82825
503.452942 6699.97192
434.490723 6704.1156
466.517975 6708.25867
646.072632 6712.40173
520.682068 6716.54358
562.505432 6720.68481
473.906769 6724.82605
454.201721 6728.96667
493.605804 6733.10669
579.719055 6737.24609
476.369507 6741.38489
444.347107 6745.52307
468.981018 6749.66064
547.747375 6753.79822
446.810974 6757.93579
340.780609 6762.07153
454.201721 6766.20789
370.388153 6770.34241
412.308807 6774.47754
478.832153 6778.61206
459.128632 6782.74597
348.183777 6786.87866
493.605804 6791.01135
387.652863 6795.14404
316.097015 6799.27551
338.312653 6803.40698
353.118744 6807.53723
355.586121 6811.66748
286.463776 6815.79712
382.72049 6819.92615
429.562195 6824.05457
449.274475 6828.18298
432.026367 6832.31018
362.987701 6836.43738
291.403687 6840.56335
269.171295 6844.68994
325.971619 6848.81531
296.343079 6852.93945
316.097015 6857.06482
424.633057 6861.18774
424.633057 6865.31128
387.652863 6869.43481
412.308807 6873.55713
301.282074 6877.67883
362.987701 6881.79932
358.053406 6885.92041
266.700531 6890.04089
288.933807 6894.16016
362.987701 6898.27881
365.454407 6902.39868
466.517975 6906.51611
387.652863 6910.63354
409.843597 6914.75098
409.843597 6918.86719
454.201721 6922.9834
481.294708 6927.099
367.921326 6931.2146
436.954926 6935.32837
402.447449 6939.44214
358.053406 6943.55652
365.454407 6947.66846
330.908295 6951.78101
446.810974 6955.89294
358.053406 6960.00366
436.954926 6964.11438
333.376556 6968.2251
274.112579 6972.33459
335.844574 6976.44409
279.053345 6980.55298
276.582947 6984.66064
362.987701 6988.76831
414.773865 6992.87537
281.523621 6996.98181
261.758789 7001.08826
286.463776 7005.19348
301.282074 7009.2981
429.562195 7013.40271
370.388153 7017.50732
283.993683 7021.61011
325.971619 7025.7135
483.756866 7029.81567
355.586121 7033.91724
286.463776 7038.0188
323.503082 7042.11914
360.520599 7046.21948
340.780609 7050.31921
286.463776 7054.41895
409.843597 7058.51746
321.034424 7062.61536
402.447449 7066.71265
283.993683 7070.81055
362.987701 7074.90662
296.343079 7079.0033
323.503082 7083.09814
419.703522 7087.19299
358.053406 7091.28784
417.238617 7095.38147
399.981873 7099.4751
404.912964 7103.5675
360.520599 7107.66052
335.844574 7111.75171
343.248352 7115.8429
350.651367 7119.93347
387.652863 7124.02405
355.586121 7128.11401
325.971619 7132.20276
316.097015 7136.2915
382.72049 7140.37964
286.463776 7144.46777
318.565704 7148.55408
323.503082 7152.64099
343.248352 7156.72668
377.788025 7160.81177
249.402649 7164.89746
318.565704 7168.98132
404.912964 7173.06519
283.993683 7177.14844
365.454407 7181.23108
271.641998 7185.31372
301.282074 7189.39514
244.459412 7193.47595
261.758789 7197.55676
276.582947 7201.63696
261.758789 7205.71716
330.908295 7209.79614
229.627579 7213.87451
296.343079 7217.95227
239.515915 7222.02942
241.98764 7226.10718
293.873383 7230.18311
345.716125 7234.25903
296.343079 7238.33374
298.812683 7242.40906
241.98764 7246.48376
321.034424 7250.55725
343.248352 7254.63013
360.520599 7258.703
362.987701 7262.77466
286.463776 7266.84631
286.463776 7270.91797
261.758789 7274.98779
254.345367 7279.05823
395.05072 7283.12805
355.586121 7287.19666
380.254425 7291.26526
355.586121 7295.33264
288.933807 7299.40063
279.053345 7303.4668
355.586121 7307.53357
377.788025 7311.59851
335.844574 7315.66406
271.641998 7319.729
283.993683 7323.79272
291.403687 7327.85645
286.463776 7331.91895
432.026367 7335.98206
328.439941 7340.04333
333.376556 7344.10522
306.220825 7348.16528
279.053345 7352.22656
202.426544 7356.28662
296.343079 7360.34546
274.112579 7364.4043
296.343079 7368.46252
343.248352 7372.52014
276.582947 7376.57715
370.388153 7380.63354
264.229767 7384.68933
340.780609 7388.74512
264.229767 7392.80029
293.873383 7396.85486
427.097687 7400.90881
414.773865 7404.96216
343.248352 7409.0155
362.987701 7413.06702
333.376556 7417.11914
355.586121 7421.17004
316.097015 7425.22095
283.993683 7429.27124
358.053406 7433.32031
224.682755 7437.37
279.053345 7441.41785
358.053406 7445.46631
298.812683 7449.51355
296.343079 7453.56079
279.053345 7457.6062
372.854858 7461.65283
296.343079 7465.69824
303.751495 7469.74243
266.700531 7473.78723
375.321503 7477.8302
237.04393 7481.87378
293.873383 7485.91614
362.987701 7489.9585
259.287689 7493.99963
271.641998 7498.04077
269.171295 7502.0813
286.463776 7506.12122
264.229767 7510.16052
358.053406 7514.19922
214.792191 7518.23792
261.758789 7522.27478
271.641998 7526.31226
219.737671 7530.34851
264.229767 7534.38477
328.439941 7538.42102
333.376556 7542.45544
249.402649 7546.48987
239.515915 7550.52368
259.287689 7554.5575
229.627579 7558.59009
313.628052 7562.62268
387.652863 7566.65405
360.520599 7570.68542
283.993683 7574.7168
259.287689 7578.74634
330.908295 7582.77588
195.006012 7586.8042
251.873993 7590.83374
328.439941 7594.86084
348.183777 7598.88916
276.582947 7602.91504
217.264908 7606.94214
266.700531 7610.96802
214.792191 7614.99268
274.112579 7619.01733
219.737671 7623.04199
293.873383 7627.06543
190.058548 7631.08826
259.287689 7635.11108
301.282074 7639.13208
276.582947 7643.15369
288.933807 7647.17529
362.987701 7651.19568
244.459412 7655.21545
239.515915 7659.23462
279.053345 7663.25317
281.523621 7667.27112
274.112579 7671.28845
271.641998 7675.30518
355.586121 7679.32251
224.682755 7683.33862
266.700531 7687.35413
269.171295 7691.36841
269.171295 7695.38269
311.159027 7699.39636
254.345367 7703.41003
256.81665 7707.42249
195.006012 7711.43433
296.343079 7715.44617
239.515915 7719.4574
274.112579 7723.46802
256.81665 7727.47803
340.780609 7731.48682
241.98764 7735.49622
291.403687 7739.50439
283.993683 7743.51196
249.402649 7747.51892
227.155212 7751.52588
261.758789 7755.53162
274.112579 7759.53735
330.908295 7763.54309
195.006012 7767.54639
237.04393 7771.5509
207.373016 7775.5542
157.88974 7779.5575
165.314774 7783.55896
281.523621 7787.56104
202.426544 7791.56189
192.532257 7795.56274
254.345367 7799.56299
160.364899 7803.56201
286.463776 7807.56165
140.561096 7811.56006
190.058548 7815.55786
254.345367 7819.55505
212.319229 7823.55225
261.758789 7827.54761
165.314774 7831.54358
170.264389 7835.53894
212.319229 7839.53369
237.04393 7843.52783
348.183777 7847.52075
138.085266 7851.51367
147.988251 7855.50598
269.171295 7859.49768
147.988251 7863.48877
239.515915 7867.47986
244.459412 7871.47034
192.532257 7875.45959
308.690063 7879.44885
224.682755 7883.4375
197.47966 7887.42493
261.758789 7891.41235
195.006012 7895.39917
222.210342 7899.38538
251.873993 7903.37158
239.515915 7907.35718
249.402649 7911.34094
259.287689 7915.32532
343.248352 7919.30847
167.789627 7923.29224
209.846176 7927.27417
180.162262 7931.2561
197.47966 7935.23682
276.582947 7939.21753
162.839951 7943.19824
204.899887 7947.17773
150.463791 7951.15723
281.523621 7955.1355
222.210342 7959.11377
404.912964 7963.09082
130.656784 7967.06787
157.88974 7971.0437
261.758789 7975.01953
222.210342 7978.99536
197.47966 7982.96936
217.264908 7986.94397
249.402649 7990.91736
204.899887 7994.89014
246.931091 7998.8623
232.099838 8002.83447
306.220825 8006.80542
244.459412 8010.77637
155.414612 8014.7467
175.213455 8018.71643
150.463791 8022.68555
177.687912 8026.65405
306.220825 8030.62256
254.345367 8034.58923
202.426544 8038.55652
343.248352 8042.52258
222.210342 8046.48804
219.737671 8050.4541
283.993683 8054.41833
180.162262 8058.38257
202.426544 8062.34619
234.571869 8066.30859
227.155212 8070.271
241.98764 8074.23279
118.2742 8078.19458
187.584595 8082.15515
217.264908 8086.11572
185.110535 8090.07507
227.155212 8094.03381
219.737671 8097.99194
192.532257 8101.95068
234.571869 8105.90759
214.792191 8109.8645
249.402649 8113.8208
192.532257 8117.77649
286.463776 8121.73157
222.210342 8125.68665
266.700531 8129.6405
155.414612 8133.59375
138.085266 8137.54639
192.532257 8141.49841
209.846176 8145.45105
219.737671 8149.40186
239.515915 8153.35266
345.716125 8157.30347
241.98764 8161.25244
301.282074 8165.20203
217.264908 8169.14978
321.034424 8173.09753
313.628052 8177.04468
500.991211 8180.99182
528.064697 8184.93774
795.742188 8188.88367
871.678528 8192.82898
984.207092 8196.77307
847.192139 8200.71716
864.333618 8204.66003
842.29364 8208.60291
871.678528 8212.54517
881.470947 8216.48743
844.742981 8220.42786
783.486572 8224.3689
798.193054 8228.30872
557.586365 8232.24792
518.221008 8236.18774
330.908295 8240.12512
266.700531 8244.06311
251.873993 8247.99988
246.931091 8251.93665
274.112579 8255.8728
224.682755 8259.80835
271.641998 8263.74329
274.112579 8267.67761
239.515915 8271.61194
217.264908 8275.54443
113.32048 8279.47754
202.426544 8283.40942
190.058548 8287.34131
190.058548 8291.27136
162.839951 8295.20264
152.939255 8299.13208
170.264389 8303.06152
249.402649 8306.99097
229.627579 8310.91797
167.789627 8314.84619
195.006012 8318.77319
256.81665 8322.7002
212.319229 8326.62537
180.162262 8330.55054
283.993683 8334.4751
301.282074 8338.39966
147.988251 8342.32361
207.373016 8346.24634
217.264908 8350.16907
222.210342 8354.09058
195.006012 8358.01208
110.843407 8361.93298
209.846176 8365.85327
197.47966 8369.77295
197.47966 8373.69202
140.561096 8377.61047
237.04393 8381.52832
291.403687 8385.44617
192.532257 8389.36218
204.899887 8393.27942
138.085266 8397.19421
177.687912 8401.11023
123.227509 8405.0238
192.532257 8408.9386
204.899887 8412.85217
182.636368 8416.76453
177.687912 8420.67749
147.988251 8424.58862
170.264389 8428.49976
286.463776 8432.41028
192.532257 8436.32019
195.006012 8440.22949
120.750977 8444.13879
165.314774 8448.04749
177.687912 8451.95496
167.789627 8455.86182
105.888954 8459.76807
83.589241 8463.67432
113.32048 8467.57996
227.155212 8471.48499
212.319229 8475.38879
204.899887 8479.2926
269.171295 8483.19641
165.314774 8487.09839
192.532257 8491.00098
177.687912 8494.90234
120.750977 8498.8031
177.687912 8502.70325
177.687912 8506.60339
58.802025 8510.50171
185.110535 8514.40125
187.584595 8518.29895
177.687912 8522.19604
214.792191 8526.09314
130.656784 8529.98901
143.036957 8533.8855
192.532257 8537.78015
157.88974 8541.6748
207.373016 8545.56885
150.463791 8549.46228
264.229767 8553.35571
125.704079 8557.24731
125.704079 8561.13953
167.789627 8565.03052
199.953094 8568.92151
86.067444 8572.81067
172.739029 8576.70105
212.319229 8580.5896
187.584595 8584.47754
261.758789 8588.36609
283.993683 8592.25281
219.737671 8596.13892
83.589241 8600.02502
108.366234 8603.91052
138.085266 8607.79541
177.687912 8611.67969
222.210342 8615.56335
175.213455 8619.44702
145.512711 8623.32947
165.314774 8627.21069
177.687912 8631.09253
108.366234 8634.97314
170.264389 8638.85376
185.110535 8642.73315
204.899887 8646.61255
147.988251 8650.49072
172.739029 8654.3689
197.47966 8658.24707
120.750977 8662.1228
170.264389 8665.99915
135.609207 8669.87488
185.110535 8673.75061
190.058548 8677.62451
130.656784 8681.49841
254.345367 8685.3717
187.584595 8689.24438
175.213455 8693.11707
140.561096 8696.98853
190.058548 8700.85938
152.939255 8704.72961
157.88974 8708.59985
222.210342 8712.46887
135.609207 8716.33789
125.704079 8720.20569
254.345367 8724.07349
175.213455 8727.94067
138.085266 8731.80725
197.47966 8735.67322
138.085266 8739.53796
147.988251 8743.40332
162.839951 8747.26624
165.314774 8751.13037
147.988251 8754.99329
123.227509 8758.85559
36.484768 8762.71729
138.085266 8766.57898
140.561096 8770.44006
229.627579 8774.29932
110.843407 8778.15918
177.687912 8782.01782
222.210342 8785.87585
162.839951 8789.73389
190.058548 8793.5907
88.545403 8797.44751
172.739029 8801.3031
125.704079 8805.1593
120.750977 8809.01367
182.636368 8812.86804
83.589241 8816.7218
192.532257 8820.57434
187.584595 8824.42749
182.636368 8828.27942
217.264908 8832.13013
150.463791 8835.98145
108.366234 8839.83154
68.71817 8843.68042
133.133041 8847.53052
108.366234 8851.37817
157.88974 8855.22644
145.512711 8859.07349
78.632675 8862.92053
95.97908 8866.76636
86.067444 8870.61157
26.563257 8874.4574
195.006012 8878.30078
157.88974 8882.14539
78.632675 8885.98816
108.366234 8889.83093
73.67556 8893.67249
36.484768 8897.51465
140.561096 8901.35498
170.264389 8905.19531
110.843407 8909.03503
165.314774 8912.87415
38.964787 8916.71326
58.802025 8920.55054
78.632675 8924.38843
68.71817 8928.2251
41.444839 8932.06116
110.843407 8935.89661
110.843407 8939.73206
73.67556 8943.56628
98.456635 8947.3999
73.67556 8951.23352
58.802025 8955.06592
86.067444 8958.89832
68.71817 8962.72949
120.750977 8966.56067
113.32048 8970.39063
71.196854 8974.22058
180.162262 8978.04993
113.32048 8981.87866
46.404491 8985.70618
103.411705 8989.53369
170.264389 8993.36121
108.366234 8997.18689
34.004513 9001.01257
98.456635 9004.83704
81.110939 9008.66211
76.154167 9012.48596
41.444839 9016.3092
108.366234 9020.13184
78.632675 9023.95386
63.760235 9027.77588
43.924786 9031.59668
53.843399 9035.41687
150.463791 9039.23645
187.584595 9043.05603
36.484768 9046.875
98.456635 9050.69275
105.888954 9054.5105
95.97908 9058.32642
71.196854 9062.14294
135.609207 9065.95825
165.314774 9069.77417
81.110939 9073.58826
24.082586 9077.40234
76.154167 9081.21582
138.085266 9085.02869
152.939255 9088.84033
56.322697 9092.65198
81.110939 9096.46301
100.934219 9100.27344
48.884232 9104.08325
83.589241 9107.89246
9.196651 9111.70105
93.501289 9115.50903
-25.551889 9119.31641
98.456635 9123.12317
128.180542 9126.92932
68.71817 9130.73547
36.484768 9134.53979
36.484768 9138.34473
36.484768 9142.14783
133.133041 9145.95154
150.463791 9149.75464
-20.586615 9153.55652
138.085266 9157.3584
133.133041 9161.15845
71.196854 9164.95972
130.656784 9168.75854
125.704079 9172.55859
66.239258 9176.3562
105.888954 9180.15503
204.899887 9183.95203
120.750977 9187.74902
83.589241 9191.5448
155.414612 9195.34058
81.110939 9199.13574
26.563257 9202.92969
71.196854 9206.72363
227.155212 9210.51636
46.404491 9214.30969
135.609207 9218.10181
58.802025 9221.89331
63.760235 9225.6842
115.797325 9229.47388
88.545403 9233.26416
48.884232 9237.05261
202.426544 9240.84106
81.110939 9244.62891
71.196854 9248.41675
58.802025 9252.20337
100.934219 9255.98938
162.839951 9259.77478
16.640085 9263.55957
4.233749 9267.34436
147.988251 9271.12732
11.67781 9274.91089
29.04369 9278.69324
150.463791 9282.47559
36.484768 9286.25671
135.609207 9290.03723
26.563257 9293.81775
-0.729434 9297.59705
53.843399 9301.37634
120.750977 9305.15381
113.32048 9308.9325
103.411705 9312.70935
14.159 9316.4856
16.640085 9320.26123
63.760235 9324.03687
24.082586 9327.8125
130.656784 9331.5863
38.964787 9335.36011
19.121069 9339.13208
-5.693169 9342.90527
98.456635 9346.67664
53.843399 9350.448
53.843399 9354.21814
29.04369 9357.98889
-18.104067 9361.75842
71.196854 9365.52673
29.04369 9369.29504
51.363869 9373.06274
16.640085 9376.83044
16.640085 9380.5957
58.802025 9384.36218
-10.657187 9388.12744
4.233749 9391.89148
29.04369 9395.65613
6.715252 9399.41956
61.28125 9403.18237
51.363869 9406.94458
108.366234 9410.70557
1.752278 9414.46655
81.110939 9418.22693
-0.729434 9421.98669
-23.069132 9425.74646
-52.868759 9429.50562
-3.211249 9433.26294
71.196854 9437.02026
-15.621625 9440.77698
26.563257 9444.53369
9.196651 9448.28918
1.752278 9452.04468
-0.729434 9455.79834
-25.551889 9459.55261
-77.713333 9463.30627
14.159 9467.05811
-20.586615 9470.81055
21.601812 9474.56177
-50.384846 9478.31238
41.444839 9482.06238
-50.384846 9485.81238
-8.175058 9489.56116
24.082586 9493.30933
66.239258 9497.05811
51.363869 9500.80505
-28.034752 9504.55139
26.563257 9508.29773
140.561096 9512.04346
51.363869 9515.78735
-33.000656 9519.53186
-18.104067 9523.27515
-20.586615 9527.01843
-42.933865 9530.76172
-60.321007 9534.50195
24.082586 9538.24341
-35.483837 9541.98486
83.589241 9545.72449
26.563257 9549.4635
88.545403 9553.20251
-28.034752 9556.94092
46.404491 9560.67871
73.67556 9564.41589
4.233749 9568.15125
19.121069 9571.88721
-67.7742 9575.62256
71.196854 9579.3573
78.632675 9583.09021
-37.967117 9586.82373
11.67781 9590.55664
46.404491 9594.28955
56.322697 9598.02063
6.715252 9601.7511
4.233749 9605.48157
19.121069 9609.21143
-8.175058 9612.94128
46.404491 9616.66809
1.752278 9620.39612
31.524153 9624.12415
29.04369 9627.85095
-20.586615 9631.57715
-42.933865 9635.30151
-20.586615 9639.02649
-0.729434 9642.75146
4.233749 9646.47522
-25.551889 9650.19714
-3.211249 9653.92029
31.524153 9657.6416
78.632675 9661.36292
4.233749 9665.08423
-20.586615 9668.80371
88.545403 9672.52319
-72.743622 9676.24207
46.404491 9679.96094
-8.175058 9683.67737
14.159 9687.39441
-33.000656 9691.11084
-102.568527 9694.82666
51.363869 9698.54248
71.196854 9702.25586
6.715252 9705.96985
56.322697 9709.68323
68.71817 9713.39661
16.640085 9717.10754
123.227509 9720.81909
34.004513 9724.53064
66.239258 9728.24097
-8.175058 9731.94946
19.121069 9735.65918
6.715252 9739.36768
-72.743622 9743.07556
9.196651 9746.78284
-20.586615 9750.48828
-23.069132 9754.19495
26.563257 9757.90039
81.110939 9761.60522
-15.621625 9765.30884
-15.621625 9769.01245
14.159 9772.71606
19.121069 9776.41846
53.843399 9780.12024
-40.450371 9783.82019
53.843399 9787.52136
4.233749 9791.22131
-5.693169 9794.92065
-0.729434 9798.61877
-50.384846 9802.31689
-52.868759 9806.0144
-15.621625 9809.71191
71.196854 9813.4082
-23.069132 9817.10266
24.082586 9820.79773
38.964787 9824.4928
19.121069 9828.18604
16.640085 9831.87866
-42.933865 9835.57129
91.023399 9839.26331
21.601812 9842.95471
-30.517721 9846.64612
21.601812 9850.33569
16.640085 9854.02527
26.563257 9857.71362
48.884232 9861.40259
-20.586615 9865.08911
11.67781 9868.77625
31.524153 9872.46277
63.760235 9876.14929
-0.729434 9879.83459
41.444839 9883.51807
-107.540932 9887.20215
-35.483837 9890.88623
9.196651 9894.56909
-40.450371 9898.25012
-75.228355 9901.93115
9.196651 9905.61279
46.404491 9909.29321
24.082586 9912.97302
-37.967117 9916.651
-65.289787 9920.3302
-45.417465 9924.00818
4.233749 9927.68494
48.884232 9931.36047
-95.110863 9935.03723
-8.175058 9938.71277
51.363869 9942.3877
-30.517721 9946.0614
-60.321007 9949.7345
-95.110863 9953.40759
-65.289787 9957.08008
-30.517721 9960.75195
-47.901169 9964.422
-97.596687 9968.09265
-65.289787 9971.7627
6.715252 9975.43152
-45.417465 9979.10095
-75.228355 9982.76733
-10.657187 9986.43494
-110.027153 9990.10193
-30.517721 9993.76831
-23.069132 9997.43286
76.154167 10001.09802
66.239258 10004.76257
21.601812 10008.42651
-50.384846 10012.08923
-77.713333 10015.75134
-18.104067 10019.41284
-65.289787 10023.07434
-45.417465 10026.73523
-70.258858 10030.39429
-77.713333 10034.05334
120.750977 10037.71179
4.233749 10041.37024
-18.104067 10045.02808
31.524153 10048.68408
9.196651 10052.34009
1.752278 10055.99609
-20.586615 10059.65149
-37.967117 10063.30444
-75.228355 10066.95862
-13.139421 10070.61218
53.843399 10074.26453
6.715252 10077.91626
-60.321007 10081.56677
26.563257 10085.21729
-50.384846 10088.8678
-90.139664 10092.51709
-132.408966 10096.16577
-0.729434 10099.81384
-20.586615 10103.4613
-23.069132 10107.10754
71.196854 10110.75439
46.404491 10114.39941
41.444839 10118.04443
-13.139421 10121.68884
-23.069132 10125.33325
6.715252 10128.97522
-100.082489 10132.6178
-28.034752 10136.26038
24.082586 10139.90112
-3.211249 10143.54187
16.640085 10147.1814
-13.139421 10150.82153
34.004513 10154.46045
21.601812 10158.09937
1.752278 10161.73523
78.632675 10165.3717
-13.139421 10169.00879
-37.967117 10172.64404
-67.7742 10176.27991
-3.211249 10179.91333
9.196651 10183.54675
-20.586615 10187.18018
-40.450371 10190.81299
-37.967117 10194.44397
29.04369 10198.07495
-62.805344 10201.70593
-37.967117 10205.33691
-45.417465 10208.96606
-33.000656 10212.5946
-23.069132 10216.22253
66.239258 10219.85046
-47.901169 10223.47778
-102.568527 10227.10327
-37.967117 10230.72876
-37.967117 10234.35364
16.640085 10237.97852
-107.540932 10241.60278
-102.568527 10245.22461
-105.05468 10248.84766
-40.450371 10252.46948
9.196651 10256.09131
6.715252 10259.71069
-18.104067 10263.3313
-3.211249 10266.94946
103.411705 10270.56885
-65.289787 10274.18823
-3.211249 10277.80396
14.159 10281.4209
-75.228355 10285.03784
-15.621625 10288.65479
-45.417465 10292.26807
-18.104067 10295.88135
1.752278 10299.49707
36.484768 10303.10913
26.563257 10306.72241
-60.321007 10310.33325
-30.517721 10313.94531
41.444839 10317.55493
-55.352783 10321.16577
21.601812 10324.77417
-129.921631 10328.38257
-37.967117 10331.99097
-60.321007 10335.59937
-37.967117 10339.20654
-57.836773 10342.81128
-5.693169 10346.41724
-15.621625 10350.02197
6.715252 10353.62671
-15.621625 10357.229
-0.729434 10360.83252
1.752278 10364.43481
-15.621625 10368.03711
56.322697 10371.6394
6.715252 10375.23804
-45.417465 10378.83789
-57.836773 10382.43774
19.121069 10386.03638
76.154167 10389.63257
-37.967117 10393.2312
-65.289787 10396.82861
