188.301102 0.0
188.764923 0.0
189.228699 491.512482
189.692459 522.93335
190.156158 478.046387
190.619812 466.824646
191.083435 655.349976
191.547043 605.974304
192.01059 628.417786
192.474091 942.626709
192.937561 626.173462
193.401001 693.503906
193.86441 693.503906
194.327759 697.992615
194.791077 680.037842
195.254349 570.064697
195.717575 605.974304
196.180786 605.974304
196.643951 646.372559
197.107071 592.508179
197.570145 668.816101
198.033203 695.748291
198.496216 673.304749
198.959167 650.861267
199.422089 576.797729
199.884979 561.08728
200.347855 608.218628
200.810654 662.083008
201.273422 588.019531
201.73616 729.413513
202.198853 581.286438
202.661514 653.105652
203.12413 520.689026
203.5867 680.037842
204.04924 675.549133
204.511734 601.485596
204.974197 619.440369
205.436615 574.553406
205.899002 612.707336
206.361343 733.902222
206.823654 565.575989
207.285919 740.635254
207.748123 581.286438
208.210327 554.354248
208.672485 646.372559
209.134583 590.263855
209.596649 579.042114
210.05867 617.196045
210.520676 653.105652
210.982635 619.440369
211.444534 529.666443
211.906403 756.345703
212.36824 637.395203
212.830048 563.331665
213.291779 695.748291
213.753494 572.309082
214.215179 632.906494
214.676819 536.399475
215.138412 594.752563
215.59996 650.861267
216.061493 567.820374
216.522949 673.304749
216.984406 623.929077
217.445801 644.128235
217.907166 628.417786
218.368484 565.575989
218.829773 594.752563
219.291031 574.553406
219.752228 605.974304
220.213379 601.485596
220.6745 610.463013
221.135574 599.241272
221.596634 540.888184
222.057648 561.08728
222.5186 572.309082
222.979553 540.888184
223.44043 689.015198
223.901276 655.349976
224.362076 554.354248
224.822845 583.530823
225.283569 594.752563
225.744278 619.440369
226.20491 583.530823
226.665512 574.553406
227.126114 536.399475
227.586639 563.331665
228.047119 590.263855
228.507568 596.996887
228.967972 599.241272
229.428345 567.820374
229.888687 702.481323
230.348984 585.775146
230.809219 657.594299
231.26944 563.331665
231.729614 502.734222
232.189758 572.309082
232.649841 722.680481
233.109894 619.440369
233.569901 682.282166
234.029892 621.684753
234.489822 691.259583
234.949707 596.996887
235.409561 689.015198
235.869385 619.440369
236.329163 610.463013
236.788895 529.666443
237.248581 599.241272
237.708237 720.436096
238.167847 610.463013
238.627441 641.883911
239.08696 610.463013
239.546463 724.924805
240.00592 637.395203
240.465332 585.775146
240.924698 630.662109
241.384033 552.109924
241.843338 531.910767
242.302597 520.689026
242.76181 632.906494
243.220993 644.128235
243.680115 664.327393
244.139221 601.485596
244.598282 603.729919
245.057297 567.820374
245.516266 592.508179
245.975189 563.331665
246.434082 617.196045
246.892944 520.689026
247.351761 581.286438
247.810516 754.101318
248.269272 565.575989
248.727951 673.304749
249.1866 579.042114
249.645218 547.621216
250.10379 680.037842
250.562317 623.929077
251.020813 567.820374
251.479279 525.177734
251.937668 579.042114
252.396057 662.083008
252.854385 635.150818
253.312683 632.906494
253.77092 554.354248
254.229126 563.331665
254.687302 632.906494
255.145432 659.838684
255.6035 538.643799
256.061584 601.485596
256.519592 632.906494
256.97757 500.489868
257.435455 626.173462
257.893372 662.083008
258.351196 583.530823
258.80899 621.684753
259.266754 552.109924
259.724487 810.210083
260.18219 655.349976
260.639832 567.820374
261.097443 561.08728
261.554993 605.974304
262.012512 599.241272
262.469971 650.861267
262.927429 702.481323
263.384827 590.263855
263.842194 599.241272
264.29953 552.109924
264.756805 574.553406
265.21405 619.440369
265.671234 754.101318
266.128387 612.707336
266.58551 522.93335
267.042572 659.838684
267.499573 635.150818
267.956604 628.417786
268.413574 709.214355
268.870483 659.838684
269.327362 576.797729
269.78418 574.553406
270.240936 738.39093
270.697693 585.775146
271.154419 596.996887
271.611053 513.955994
272.067688 686.770874
272.524292 628.417786
272.980835 657.594299
273.437347 628.417786
273.893799 590.263855
274.35025 653.105652
274.80661 567.820374
275.262939 628.417786
275.719238 655.349976
276.175507 635.150818
276.631714 626.173462
277.087891 572.309082
277.544067 588.019531
278.000122 509.467285
278.456177 713.703064
278.912201 635.150818
279.368164 547.621216
279.824097 534.15509
280.279968 641.883911
280.73584 563.331665
281.19162 623.929077
281.6474 659.838684
282.103149 592.508179
282.558838 657.594299
283.014465 637.395203
283.470062 632.906494
283.925629 626.173462
284.381134 612.707336
284.836639 628.417786
285.292053 677.793457
285.747467 596.996887
286.20282 579.042114
286.658142 621.684753
287.113434 561.08728
287.568634 653.105652
288.023804 715.947388
288.478973 565.575989
288.934113 507.222931
289.38913 648.616943
289.844208 570.064697
290.299164 572.309082
290.754089 599.241272
291.208984 561.08728
291.663879 691.259583
292.118683 572.309082
292.573456 664.327393
293.028198 612.707336
293.482849 554.354248
293.937561 500.489868
294.392151 722.680481
294.846741 715.947388
295.301239 554.354248
295.755737 617.196045
296.210175 579.042114
296.664581 614.951721
297.118958 590.263855
297.573242 567.820374
298.027557 684.526489
298.481812 581.286438
298.935974 646.372559
299.390137 704.725647
299.844238 590.263855
300.29834 552.109924
300.75235 480.290741
301.20636 655.349976
301.660278 590.263855
302.114197 558.842957
302.568054 581.286438
303.021881 601.485596
303.475677 680.037842
303.929413 619.440369
304.383118 695.748291
304.836761 668.816101
305.290375 713.703064
305.743958 536.399475
306.19751 522.93335
306.65097 713.703064
307.104431 623.929077
307.5578 686.770874
308.011169 623.929077
308.464508 596.996887
308.917755 675.549133
309.371063 682.282166
309.824219 680.037842
310.277374 605.974304
310.730499 594.752563
311.183563 668.816101
311.636597 603.729919
312.089569 579.042114
312.542511 794.499634
312.995422 570.064697
313.448273 534.15509
313.901093 641.883911
314.353882 682.282166
314.80658 639.639526
315.259308 626.173462
315.711975 572.309082
316.164581 736.146545
316.617126 668.816101
317.069672 639.639526
317.522156 653.105652
317.974579 579.042114
318.427002 657.594299
318.879333 787.766602
319.331665 605.974304
319.783936 596.996887
320.236176 570.064697
320.688354 621.684753
321.140503 605.974304
321.592651 662.083008
322.044647 603.729919
322.496704 662.083008
322.948639 522.93335
323.400604 581.286438
323.852509 637.395203
324.304352 507.222931
324.756165 659.838684
325.207916 536.399475
325.659668 583.530823
326.111328 668.816101
326.562988 628.417786
327.014557 614.951721
327.466156 623.929077
327.917664 531.910767
328.36911 529.666443
328.820557 666.571716
329.271942 601.485596
329.723297 596.996887
330.174561 601.485596
330.625854 619.440369
331.077026 572.309082
331.528229 659.838684
331.97937 695.748291
332.43045 621.684753
332.8815 632.906494
333.332489 603.729919
333.783478 756.345703
334.234406 626.173462
334.685303 558.842957
335.136078 507.222931
335.586914 639.639526
336.037659 632.906494
336.488342 608.218628
336.939026 594.752563
337.389648 565.575989
337.84024 556.598633
338.290771 576.797729
338.741272 700.236938
339.191681 644.128235
339.64212 637.395203
340.092468 612.707336
340.542816 579.042114
340.993103 666.571716
341.443329 628.417786
341.893555 556.598633
342.343689 639.639526
342.793793 576.797729
343.243866 534.15509
343.693878 549.86554
344.14389 626.173462
344.593842 650.861267
345.043732 522.93335
345.493591 655.349976
345.943359 653.105652
346.393158 567.820374
346.842896 583.530823
347.292542 565.575989
347.742218 585.775146
348.191803 536.399475
348.641357 588.019531
349.090881 581.286438
349.540314 596.996887
349.989777 601.485596
350.439148 623.929077
350.888489 626.173462
351.337799 614.951721
351.787048 588.019531
352.236267 601.485596
352.685425 601.485596
353.134552 581.286438
353.583649 590.263855
354.032684 612.707336
354.481659 585.775146
354.930634 653.105652
355.379517 592.508179
355.82843 617.196045
356.277222 500.489868
356.726013 561.08728
357.174774 648.616943
357.623444 603.729919
358.072113 677.793457
358.520721 581.286438
358.969299 536.399475
359.417786 554.354248
359.866302 639.639526
360.314697 527.422058
360.763123 576.797729
361.211456 657.594299
361.65976 608.218628
362.108032 599.241272
362.556244 583.530823
363.004456 552.109924
363.452576 673.304749
363.900696 603.729919
364.348663 879.784912
364.796722 1025.667603
365.24469 1270.301636
365.692596 1328.654785
366.140472 1272.546021
366.588287 996.491089
367.036102 798.988342
367.483826 745.123962
367.931549 738.39093
368.379181 639.639526
368.826843 614.951721
369.274384 646.372559
369.721924 646.372559
370.169403 662.083008
370.616821 682.282166
371.06427 689.015198
371.511566 572.309082
371.958923 621.684753
372.406158 614.951721
372.853424 610.463013
373.300568 619.440369
373.747711 601.485596
374.194794 626.173462
374.641846 617.196045
375.088898 628.417786
375.535828 740.635254
375.982758 608.218628
376.429596 697.992615
376.876465 605.974304
377.323242 558.842957
377.769989 659.838684
378.216675 632.906494
378.66333 590.263855
379.109985 579.042114
379.556519 756.345703
380.003052 702.481323
380.449524 664.327393
380.895996 709.214355
381.342377 666.571716
381.788727 653.105652
382.235046 682.282166
382.681274 749.612671
383.127533 639.639526
383.573669 697.992615
384.019836 783.277893
384.465912 650.861267
384.911957 644.128235
385.357971 724.924805
385.803925 614.951721
386.249847 715.947388
386.695679 693.503906
387.141541 623.929077
387.587311 637.395203
388.033051 657.594299
388.478729 628.417786
388.924408 628.417786
389.369995 632.906494
389.815552 592.508179
390.261078 740.635254
390.706543 747.368286
391.152008 614.951721
391.597351 644.128235
392.042725 570.064697
392.487976 612.707336
392.933289 644.128235
393.378479 668.816101
393.823639 736.146545
394.268768 626.173462
394.713837 778.789185
395.158905 680.037842
395.603851 693.503906
396.048798 630.662109
396.493683 733.902222
396.938568 684.526489
397.383392 763.078735
397.828156 646.372559
398.272888 709.214355
398.71756 614.951721
399.162201 778.789185
399.606781 693.503906
400.051361 713.703064
400.495819 635.150818
400.940308 671.060425
401.384705 807.965698
401.829102 814.698792
402.273438 785.522217
402.717682 772.056152
403.161926 989.757996
403.60611 1851.588135
404.050293 4318.12793
404.494385 7565.701172
404.938446 10018.775391
405.382477 9931.245117
405.826447 7579.16748
406.270386 4735.57666
406.714233 2731.373047
407.158081 1844.855103
407.601868 2105.199707
408.045624 2325.145752
408.489319 2316.168457
408.933014 1954.828247
409.376617 1550.845337
409.82019 1256.835571
410.263702 1162.572876
410.707184 994.246704
411.150635 913.450134
411.594025 980.78064
412.037384 1034.64502
412.480682 1000.979736
412.923981 989.757996
413.367126 940.382324
413.810333 1097.486816
414.253479 1086.265015
414.696533 1063.821533
415.139587 1079.531982
415.582581 1286.012085
416.025543 1113.197266
416.468414 1187.260742
416.911285 1167.061646
417.354065 1344.365234
417.796875 1245.61377
418.239594 1272.546021
418.682281 1234.39209
419.124908 1158.084229
419.567505 1319.677368
420.010071 1250.102539
420.452545 1290.500854
420.89502 1328.654785
421.337372 1528.401855
421.779785 1541.86792
422.222107 1472.293091
422.664368 1481.270508
423.106628 1470.048706
423.548798 1357.831299
423.990967 1420.673096
424.433044 1584.51062
424.875092 1532.890503
425.317078 1557.578369
425.759064 1514.935791
426.200989 1539.623535
426.642853 1687.75061
427.084686 1640.619263
427.526459 1624.908813
427.968201 1629.397583
428.409912 1696.728027
428.851563 1732.637573
429.293121 1714.682861
429.734711 1784.25769
430.176239 1815.678589
430.617706 1750.592407
431.059113 1853.83252
431.500488 1752.836792
431.941833 1849.34375
432.383087 1867.298584
432.824341 2001.959473
433.265533 1932.384644
433.706726 2071.534424
434.147827 2248.837891
434.588867 2942.341797
435.029877 6180.937988
435.470825 13804.992188
435.911804 20506.619141
436.352661 23065.177734
436.793518 19795.160156
437.234283 14619.691406
437.675049 9697.833008
438.115723 5983.435059
438.556396 3528.116943
438.99704 2726.884277
439.437561 2374.521484
439.878113 2340.856201
440.318573 2192.729248
440.759033 2246.593506
441.199341 2215.172607
441.639709 2161.30835
442.079956 2159.063965
442.520264 2185.996094
442.96051 2143.353516
443.400604 2125.398682
443.840759 2120.909912
444.280762 2150.08667
444.720825 2188.240479
445.160767 2064.80127
445.600739 2201.706543
446.040558 2217.416992
446.480438 2203.950928
446.920258 2210.684082
447.359955 2212.928467
447.799713 2255.571045
448.239319 2217.416992
448.678955 2129.887451
449.1185 2235.371826
449.558014 2212.928467
449.997498 2269.037109
450.436951 2076.022949
450.876343 2269.037109
451.315674 2278.014404
451.754974 2246.593506
452.194183 2199.462158
452.633392 2219.661377
453.07251 2235.371826
453.511688 2230.883057
453.950684 2228.638916
454.38974 2224.150146
454.828735 2291.480469
455.267639 2298.213623
455.706543 2123.154297
456.145325 2161.30835
456.584137 2318.412842
457.022858 2138.864746
457.461578 2143.353516
457.900208 1975.027344
458.338867 2046.846558
458.777405 2017.669922
459.215912 2058.068359
459.654388 2105.199707
460.092773 2037.869141
460.531189 1961.561279
460.969513 1972.782959
461.407806 1948.095093
461.846008 2134.376221
462.284241 1934.629028
462.722351 1966.049927
463.160461 1925.651611
463.598541 1925.651611
464.03653 2042.357788
464.474518 1972.782959
464.912384 1984.004761
465.350281 2051.335205
465.788086 2080.511719
466.225891 1979.515991
466.663605 2091.733398
467.101318 2136.620361
467.539001 2040.113403
467.976563 2143.353516
468.414124 2040.113403
468.851593 2067.045654
469.289063 2076.022949
469.72644 2024.403076
470.163849 1952.583862
470.601135 2040.113403
471.038422 2004.203857
471.475677 2026.647339
471.912811 1966.049927
472.350006 2006.448242
472.787048 2024.403076
473.224121 2078.267334
473.661072 2031.136108
474.098053 2051.335205
474.534943 1979.515991
474.971802 2145.5979
475.40863 2134.376221
475.845367 2172.530029
476.282104 2154.575195
476.71875 2017.669922
477.155426 2210.684082
477.591949 2210.684082
478.028503 2190.484863
478.464966 2107.443848
478.901428 2233.127441
479.33786 2226.394531
479.77417 2304.946777
480.21051 2338.611816
480.646698 2264.54834
481.082947 2450.829346
481.519073 2542.847656
481.9552 2785.237305
482.391266 2980.49585
482.827301 3283.48291
483.263306 3698.6875
483.699188 4066.760742
484.135101 4636.825684
484.570923 5067.740723
485.006744 5523.343262
485.442413 6140.539551
485.878174 7011.347168
486.313782 7615.077148
486.74939 8099.856445
487.184998 8571.169922
487.620453 8759.695313
488.055939 8856.202148
488.491333 8712.563477
488.926727 8467.929688
489.36203 8191.874512
489.797302 7633.031738
490.232513 7464.705566
490.667755 6991.147949
491.102905 7031.546387
491.537964 6834.043457
491.973022 6730.803223
492.40799 6443.526855
492.842957 6293.155273
493.277832 5947.525391
493.712738 5705.135742
494.147491 5635.561035
494.582275 5209.134766
495.017029 5164.247559
495.45166 4973.478027
495.886292 4841.061523
496.320831 4585.205566
496.755402 4587.449707
497.18985 4286.707031
497.624298 4277.729492
498.058655 4073.493896
498.493042 3932.099854
498.927368 3707.665039
499.361572 3855.791992
499.795807 3586.469971
500.229919 3433.854248
500.664063 3341.835938
501.098083 3175.75415
501.532104 3063.536621
501.966064 3115.156738
502.399994 2922.142822
502.833893 2998.450684
503.2677 2800.947754
503.701477 2756.060791
504.135193 2812.169678
504.568909 2657.30957
505.002502 2686.486084
505.436127 2742.594727
505.869629 2563.046875
506.303162 2762.793945
506.736603 2569.779785
507.169983 2812.169678
507.603363 2605.689453
508.036621 2690.974854
508.46994 2830.124512
508.903107 2742.594727
509.336304 2807.680908
509.769379 2780.748779
510.202484 2872.76709
510.635529 2868.27832
511.068481 2861.545166
511.501434 2904.187988
511.934265 2904.187988
512.367126 3121.889893
512.799927 2906.432373
513.232605 2935.608887
513.665344 2839.101807
514.097961 2998.450684
514.530579 2913.165283
514.963135 2908.676514
515.395691 2996.206299
515.828064 2897.454834
516.260498 2964.7854
516.692871 2969.273926
517.125183 3027.627197
517.557373 2955.807861
517.989624 3029.871582
518.421753 2919.898438
518.853943 2807.680908
519.286072 2717.906982
519.718018 2857.056641
520.150024 2659.553955
520.581909 2807.680908
521.013855 2616.911133
521.445679 2558.558105
521.877502 2506.937988
522.309204 2621.399902
522.740906 2616.911133
523.172546 2587.734619
523.604187 2432.874512
524.035767 2403.697998
524.467224 2383.498779
524.898682 2253.32666
525.330078 2372.2771
525.761475 2309.435303
526.192749 2230.883057
526.624023 2271.281494
527.055237 2201.706543
527.486389 2217.416992
527.917542 2311.679688
528.348572 2237.616211
528.779663 2147.842285
529.210571 2233.127441
529.641541 2244.349121
530.072388 2188.240479
530.503235 2224.150146
530.934082 2129.887451
531.364746 2203.950928
531.795532 2141.109131
532.226135 2262.303955
532.656738 2372.2771
533.08728 2695.463379
533.517822 2684.241699
533.948242 2823.391357
534.378662 2684.241699
534.809082 2935.608887
535.239319 3359.790771
535.669617 3110.667969
536.099792 3101.690674
536.529968 3346.324707
536.960083 3779.484131
537.390137 4666.001953
537.82019 5197.913086
538.250183 6118.096191
538.680115 6838.532227
539.109985 8140.254883
539.539795 9388.113281
539.969543 11513.511719
540.399292 14559.09375
540.828979 19613.367188
541.258606 25489.074219
541.688171 32583.462891
542.117737 37099.09375
542.547302 38766.644531
542.976685 38151.691406
543.406128 37301.085938
543.835388 36486.386719
544.264771 36383.144531
544.69397 35159.976563
545.12323 35900.609375
545.552307 43594.238281
545.981506 52335.980469
546.410583 55765.34375
546.839539 54387.316406
547.268555 48509.363281
547.697449 44020.667969
548.126282 39098.808594
548.555054 34165.726563
548.983887 28828.666016
549.412598 24281.615234
549.841309 21060.972656
550.269958 17950.304688
550.698486 16215.422852
551.127075 14267.328125
551.555481 12559.37793
551.983948 11273.366211
552.412292 9774.140625
552.840698 8779.894531
553.26886 7915.819824
553.697205 6881.174805
554.125366 6232.557617
554.553467 5413.370605
554.981628 4964.500488
555.409607 4383.213867
555.837646 3873.746826
556.265564 3510.162109
556.693481 3301.437744
557.121338 2976.00708
557.549133 2753.816406
557.976929 2509.182373
558.404602 2437.363281
558.832275 2136.620361
559.259888 2163.552734
559.687439 1954.828247
560.114929 1871.787231
560.542419 1871.787231
560.969788 1799.96814
561.397156 1757.325439
561.824524 1732.637573
562.25177 1588.999268
562.679016 1485.759155
563.10614 1510.447021
563.533264 1562.067017
563.960327 1380.27478
564.387329 1470.048706
564.814331 1369.052979
565.241272 1283.767822
565.668213 1371.297363
566.094971 1263.568604
566.52179 1292.745117
566.948425 1169.305908
567.375183 1216.437256
567.801819 1214.192993
568.228394 1211.948608
568.654846 1238.880737
569.081421 1283.767822
569.507874 1115.441528
569.934265 1187.260742
570.360596 1160.328613
570.786865 1063.821533
571.213074 971.803223
571.639282 971.803223
572.06543 1016.690186
572.491516 951.604065
572.917603 1086.265015
573.343567 940.382324
573.769531 967.314514
574.195435 1185.016357
574.621277 1045.866699
575.047119 1095.242432
575.472839 1202.971191
575.89856 1342.12085
576.324158 2185.996094
576.749817 4217.132324
577.175293 5680.447754
577.60083 6201.136719
578.026306 5099.161621
578.451721 5170.980469
578.877136 6910.351074
579.302429 8144.743164
579.727661 8479.151367
580.152832 6952.994141
580.578064 6445.770996
581.003113 6073.208984
581.428223 5651.271484
581.853271 5595.162598
582.278198 5458.257324
582.703125 5734.3125
583.12793 6212.358887
583.552795 6793.64502
583.977539 6885.663574
584.402283 7213.338379
584.826965 7318.822754
585.251587 7184.162109
585.676208 7069.700195
586.100647 6939.527832
586.525208 7038.279297
586.949524 7608.34375
587.373962 8012.32666
587.798218 8259.205078
588.222534 7776.669922
588.646729 6829.554688
589.070984 6109.118652
589.495117 5732.067871
589.919128 5200.157227
590.343201 4735.57666
590.767151 4661.513184
591.191101 4479.721191
591.61499 4524.60791
592.038818 4681.712402
592.462524 5155.27002
592.886292 5543.54248
593.310059 5990.167969
593.733582 6064.231445
594.157227 5613.117676
594.58075 5195.668457
595.004272 4490.942871
595.427673 4318.12793
595.851074 3867.013672
596.274353 3573.003906
596.697632 3267.772461
597.120911 3193.708984
597.544067 3110.667969
597.967224 3009.672363
598.39032 3283.48291
598.813354 3595.44751
599.236328 3620.135254
599.659241 3774.995361
600.082153 3923.122559
600.505005 3727.864014
600.927795 3602.18042
601.350525 3379.98999
601.773254 3054.559326
602.195862 2807.680908
602.618408 2598.956543
603.040955 2340.856201
603.46344 2111.932617
603.885925 2170.285645
604.30835 2085.000488
604.730652 2098.466553
605.152893 2109.688232
605.575195 2062.556885
605.997375 2235.371826
606.419495 2284.747559
606.841553 2549.580811
607.263672 2711.173828
607.685608 3112.912354
608.107605 3469.763916
608.52948 3990.452881
608.951294 4899.414551
609.373108 6021.588867
609.7948 7812.57959
610.216553 11250.922852
610.638123 17862.775391
611.059753 28435.904297
611.481262 37218.042969
611.902832 40874.089844
612.324219 38564.652344
612.745605 34352.007813
613.166931 30938.353516
613.588196 28274.3125
614.00946 25118.755859
614.430664 22297.609375
614.851807 19752.517578
615.272827 16792.220703
615.693909 14494.007813
616.114929 12575.088867
616.535889 10719.011719
616.956787 9190.610352
617.377563 8162.698242
617.79834 7264.958496
618.219055 6279.688965
618.639832 5736.556641
619.060364 5458.257324
619.481018 4921.85791
619.901611 4679.468262
620.322083 4870.237793
620.742493 4749.042969
621.162842 4805.151855
621.583191 5072.229492
622.003418 5040.808594
622.423706 4995.921387
622.843872 5081.206543
623.264038 5206.890137
623.684143 5009.387695
624.104126 5191.179688
624.52417 5137.31543
624.944031 5242.799805
625.364014 5245.043945
625.783752 5301.152832
626.203552 5206.890137
626.62323 5148.537109
627.042969 5175.469238
627.462585 4977.966797
627.882141 4874.726563
628.301697 4529.09668
628.72113 4571.739258
629.140625 4358.526367
629.559998 4320.37207
629.979309 4311.39502
630.39856 4782.708008
630.81781 5341.55127
631.237 5691.669434
631.656067 5552.52002
632.075195 5040.808594
632.494202 4230.598145
632.913208 3689.710205
633.332092 3274.505615
633.750977 2899.699219
634.169739 2343.100586
634.588562 1966.049927
635.007263 1746.10376
635.425964 1676.528931
635.844543 1488.00354
636.263123 1470.048706
636.681641 1344.365234
637.100037 1256.835571
637.518494 1324.166016
637.936829 1158.084229
638.355164 1317.432983
638.773438 1225.414673
639.19165 1079.531982
639.609863 1054.844116
640.027893 1084.02063
640.445984 1110.952881
640.863953 1164.817261
641.281921 1162.572876
641.699829 1061.577148
642.117676 1092.998047
642.535461 1043.622437
642.953247 1131.151978
643.370972 1238.880737
643.788635 1135.640747
644.206177 1180.52771
644.623718 1180.52771
645.04126 1101.975464
645.458618 1247.858154
645.876099 1200.726807
646.293396 1160.328613
646.710693 1106.464233
647.127991 1126.66333
647.545166 1393.740845
647.962341 1099.731079
648.379333 1209.704224
648.796448 1133.396362
649.213379 1263.568604
649.63031 1279.279053
650.04718 1544.112305
650.463989 1761.814209
650.880859 1932.384644
651.297546 1858.321167
651.714233 1887.497681
652.130859 1782.013306
652.547485 1687.75061
652.963928 1692.23938
653.380432 1647.352295
653.796814 1647.352295
654.213196 1541.86792
654.629578 1501.469604
655.045837 1404.962646
655.462036 1324.166016
655.878174 1225.414673
656.294312 1281.523438
656.710327 1250.102539
657.126404 1119.930298
657.542358 1422.917358
657.958252 1171.550293
658.374084 1200.726807
658.789917 1180.52771
659.205688 1167.061646
659.621338 1151.351196
660.037048 1301.722534
660.452637 1164.817261
660.868164 1104.219849
661.283691 1034.64502
661.699158 1068.310181
662.114502 1328.654785
662.529846 1467.804443
662.945129 1456.582642
663.360413 1335.387817
663.775635 1315.188599
664.190674 1256.835571
664.605835 1297.233887
665.020813 1187.260742
665.435791 1113.197266
665.850769 1079.531982
666.265625 1104.219849
666.68042 1063.821533
667.095215 1171.550293
667.509949 911.205811
667.924622 992.00238
668.339233 1009.957153
668.753784 1090.753784
669.168335 987.513672
669.582825 1063.821533
669.997192 1108.708496
670.41156 1007.71283
670.825867 985.269287
671.240173 1045.866699
671.654358 996.491089
672.068481 962.825806
672.482605 899.98407
672.896667 951.604065
673.310669 947.115356
673.724609 1039.133667
674.138489 908.961426
674.552307 893.250977
674.966064 924.671875
675.379822 1012.201538
675.793579 859.585754
676.207153 877.540527
676.620789 935.893616
677.034241 931.404907
677.447754 933.649292
677.861206 938.138
678.274597 987.513672
678.687866 967.314514
679.101135 924.671875
679.514404 908.961426
679.927551 942.626709
680.340698 987.513672
680.753723 935.893616
681.166748 1034.64502
681.579712 904.472717
681.992615 1034.64502
682.405457 1048.111084
682.818298 1009.957153
683.231018 1014.445862
683.643738 971.803223
684.056335 866.318787
684.468994 1000.979736
684.881531 841.630981
685.293945 974.047546
685.706482 920.183167
686.118774 992.00238
686.531128 1034.64502
686.943481 1016.690186
687.355713 1153.595459
687.767883 1124.418945
688.179932 1272.546021
688.592041 1268.057373
689.004089 1180.52771
689.416016 1162.572876
689.827881 1016.690186
690.239868 1068.310181
690.651611 1057.088501
691.063354 960.581482
691.475098 942.626709
691.886719 985.269287
692.29834 832.653564
692.7099 857.341431
693.12146 958.337097
693.532837 1063.821533
693.944214 1005.468445
694.355652 974.047546
694.766846 864.074463
695.178101 915.694519
695.589294 917.938843
696.000366 812.454407
696.411438 861.830078
696.82251 729.413513
697.233459 731.657837
697.644409 682.282166
698.055298 722.680481
698.466064 680.037842
698.876831 801.232666
699.287537 747.368286
699.698181 715.947388
700.108826 635.150818
700.519348 630.662109
700.92981 724.924805
701.340271 805.721375
701.750732 754.101318
702.161011 693.503906
702.57135 655.349976
702.981567 850.608337
703.391724 807.965698
703.80188 738.39093
704.211914 711.458679
704.621948 778.789185
705.031921 902.228394
705.441895 1012.201538
705.851746 1108.708496
706.261536 1317.432983
706.671265 1470.048706
707.081055 1642.863647
707.490662 1831.389038
707.90033 1833.633301
708.309814 1844.855103
708.719299 2159.063965
709.128784 2217.416992
709.538147 2235.371826
709.94751 1948.095093
710.35675 1705.705444
710.766052 1593.487915
711.175171 1485.759155
711.58429 1577.777466
711.993347 1609.198364
712.402405 1793.234985
712.811401 1898.719482
713.220276 1665.307129
713.62915 1454.338257
714.037964 1178.283325
714.446777 1149.106812
714.855408 1101.975464
715.264099 956.092773
715.672668 857.341431
716.081177 801.232666
716.489746 610.463013
716.898132 691.259583
717.306519 675.549133
717.714844 655.349976
718.123108 727.169128
718.531372 677.793457
718.939514 713.703064
719.347595 711.458679
719.755676 749.612671
720.163696 671.060425
720.571716 655.349976
720.979614 644.128235
721.387451 682.282166
721.795227 706.970032
722.202942 603.729919
722.610718 657.594299
723.018311 675.549133
723.425903 673.304749
723.833374 650.861267
724.240906 608.218628
724.648376 637.395203
725.055725 583.530823
725.463013 664.327393
725.8703 689.015198
726.277466 659.838684
726.684631 614.951721
727.091797 662.083008
727.498779 680.037842
727.905823 644.128235
728.312805 772.056152
728.719666 763.078735
729.126526 776.544861
729.533264 693.503906
729.940063 680.037842
730.34668 653.105652
730.753357 666.571716
731.159851 659.838684
731.566406 617.196045
731.9729 583.530823
732.379272 630.662109
732.785645 601.485596
733.191895 565.575989
733.598206 655.349976
734.004333 610.463013
734.410522 751.856995
734.816528 599.241272
735.222656 648.616943
735.628662 599.241272
736.034546 623.929077
736.44043 686.770874
736.846252 588.019531
737.252014 637.395203
737.657715 650.861267
738.063354 671.060425
738.468933 630.662109
738.874512 682.282166
739.280029 529.666443
739.685486 632.906494
740.090881 745.123962
740.496216 581.286438
740.90155 621.684753
741.306702 706.970032
741.711914 673.304749
742.117004 706.970032
742.522095 610.463013
742.927124 673.304749
743.332031 657.594299
743.737 637.395203
744.141785 628.417786
744.546631 668.816101
744.951355 644.128235
745.356079 706.970032
745.76062 482.535095
746.165283 628.417786
746.569824 581.286438
746.974243 623.929077
747.378723 572.309082
747.78302 632.906494
748.187378 585.775146
748.591614 637.395203
748.99585 709.214355
749.399963 632.906494
749.804077 639.639526
750.20813 579.042114
750.612122 614.951721
751.016052 659.838684
751.419922 585.775146
751.823792 614.951721
752.227478 666.571716
752.631226 637.395203
753.034851 655.349976
753.438477 704.725647
753.842102 628.417786
754.245544 594.752563
754.648987 552.109924
755.052368 610.463013
755.45575 543.132507
755.859009 585.775146
756.262268 608.218628
756.665405 563.331665
757.068542 655.349976
757.47168 684.526489
757.874634 637.395203
758.277588 630.662109
758.68042 839.386597
759.083374 834.897888
759.486084 1032.400635
759.888916 1335.387817
760.291504 1382.519165
760.694214 1633.88623
761.096802 1261.324219
761.499268 1277.034668
761.901733 1027.911987
762.304199 1021.178894
762.706543 886.517944
763.108826 781.033508
763.511108 740.635254
763.913208 727.169128
764.315369 628.417786
764.717529 592.508179
765.119568 684.526489
765.521545 756.345703
765.923462 596.996887
766.325317 628.417786
766.727112 556.598633
767.128845 675.549133
767.530518 601.485596
767.932251 668.816101
768.333862 594.752563
768.735413 668.816101
769.136841 796.743958
769.538269 823.676147
769.939636 839.386597
770.341003 684.526489
770.742249 630.662109
771.143433 695.748291
771.544617 630.662109
771.94574 727.169128
772.346802 592.508179
772.747803 590.263855
773.148682 621.684753
773.549622 619.440369
773.950439 635.150818
774.351196 552.109924
774.751892 650.861267
775.152588 617.196045
775.553162 733.902222
775.953735 733.902222
776.354309 592.508179
776.754639 608.218628
777.15509 534.15509
777.55542 570.064697
777.95575 614.951721
778.355896 538.643799
778.756104 596.996887
779.156189 617.196045
779.556274 619.440369
779.956299 588.019531
780.356201 538.643799
780.756165 648.616943
781.156006 695.748291
781.555786 549.86554
781.955505 529.666443
782.355225 657.594299
782.754761 621.684753
783.154358 673.304749
783.553894 626.173462
783.953369 498.245544
784.352783 536.399475
784.752075 686.770874
785.151367 561.08728
785.550598 706.970032
785.949768 859.585754
786.348877 637.395203
786.747986 630.662109
787.147034 646.372559
787.545959 579.042114
787.944885 664.327393
788.34375 601.485596
788.742493 644.128235
789.141235 579.042114
789.539917 576.797729
789.938538 581.286438
790.337158 554.354248
790.735718 653.105652
791.134094 590.263855
791.532532 686.770874
791.930847 673.304749
792.329224 635.150818
792.727417 545.376892
793.12561 646.372559
793.523682 534.15509
793.921753 610.463013
794.319824 513.955994
794.717773 567.820374
795.115723 680.037842
795.51355 567.820374
795.911377 617.196045
796.309082 740.635254
796.706787 637.395203
797.10437 619.440369
797.501953 635.150818
797.899536 621.684753
798.296936 621.684753
798.694397 596.996887
799.091736 648.616943
799.489014 623.929077
799.88623 657.594299
800.283447 570.064697
800.680542 668.816101
801.077637 610.463013
801.47467 588.019531
801.871643 605.974304
802.268555 513.955994
802.665405 594.752563
803.062256 680.037842
803.458923 594.752563
803.855652 581.286438
804.252258 769.811768
804.648804 639.639526
805.04541 626.173462
805.441833 785.522217
805.838257 668.816101
806.234619 731.657837
806.630859 626.173462
807.0271 641.883911
807.423279 603.729919
807.819458 659.838684
808.215515 614.951721
808.611572 736.146545
809.007507 691.259583
809.403381 704.725647
809.799194 711.458679
810.195068 832.653564
810.590759 1202.971191
810.98645 1633.88623
811.38208 1932.384644
811.777649 2037.869141
812.173157 1907.696899
812.568665 1575.533203
812.96405 1440.872192
813.359375 1209.704224
813.754639 1025.667603
814.149841 861.830078
814.545105 798.988342
814.940186 798.988342
815.335266 745.123962
815.730347 704.725647
816.125244 677.793457
816.520203 718.191772
816.914978 529.666443
817.309753 630.662109
817.704468 682.282166
818.099182 686.770874
818.493774 623.929077
818.888367 803.477051
819.282898 846.11969
819.677307 866.318787
820.071716 758.590027
820.466003 704.725647
820.860291 695.748291
821.254517 758.590027
821.648743 621.684753
822.042786 671.060425
822.43689 630.662109
822.830872 655.349976
823.224792 408.471558
823.618774 601.485596
824.012512 493.756836
824.406311 576.797729
824.799988 574.553406
825.193665 628.417786
825.58728 628.417786
825.980835 731.657837
826.374329 686.770874
826.767761 828.164856
827.161194 810.210083
827.554443 706.970032
827.947754 711.458679
828.340942 733.902222
828.734131 747.368286
829.127136 720.436096
829.520264 828.164856
829.913208 944.871033
830.306152 897.739685
830.699097 866.318787
831.091797 785.522217
831.484619 736.146545
831.877319 846.11969
832.27002 740.635254
832.662537 742.879578
833.055054 581.286438
833.44751 848.364014
833.839966 583.530823
834.232361 558.842957
834.624634 626.173462
835.016907 563.331665
835.409058 596.996887
835.801208 639.639526
836.193298 547.621216
836.585327 610.463013
836.977295 637.395203
837.369202 561.08728
837.761047 579.042114
838.152832 601.485596
838.544617 662.083008
838.936218 621.684753
839.327942 689.015198
839.719421 601.485596
840.111023 623.929077
840.50238 603.729919
840.89386 632.906494
841.285217 675.549133
841.676453 736.146545
842.067749 641.883911
842.458862 677.793457
842.849976 684.526489
843.241028 648.616943
843.632019 612.707336
844.022949 650.861267
844.413879 594.752563
844.804749 579.042114
845.195496 543.132507
845.586182 612.707336
845.976807 556.598633
846.367432 601.485596
846.757996 547.621216
847.148499 664.327393
847.538879 612.707336
847.92926 579.042114
848.319641 704.725647
848.709839 572.309082
849.100098 596.996887
849.490234 534.15509
849.88031 594.752563
850.270325 603.729919
850.660339 686.770874
851.050171 668.816101
851.440125 641.883911
851.829895 686.770874
852.219604 666.571716
852.609314 641.883911
852.998901 599.241272
853.38855 608.218628
853.778015 668.816101
854.16748 565.575989
854.556885 684.526489
854.946228 617.196045
855.335571 628.417786
855.724731 540.888184
856.113953 504.978577
856.503052 572.309082
856.892151 513.955994
857.281067 585.775146
857.670105 630.662109
858.05896 592.508179
858.447754 659.838684
858.836609 733.902222
859.225281 626.173462
859.613892 677.793457
860.002502 583.530823
860.391052 596.996887
860.779541 565.575989
861.167969 617.196045
861.556335 617.196045
861.944702 554.354248
862.332947 579.042114
862.721069 657.594299
863.109253 527.422058
863.497314 617.196045
863.885376 639.639526
864.273315 540.888184
864.661255 484.779449
865.049072 594.752563
865.43689 545.376892
865.824707 637.395203
866.21228 675.549133
866.599915 599.241272
866.987488 639.639526
867.375061 554.354248
867.762451 601.485596
868.149841 590.263855
868.53717 659.838684
868.924438 666.571716
869.311707 592.508179
869.698853 662.083008
870.085938 659.838684
870.472961 547.621216
870.859985 610.463013
871.246887 704.725647
871.633789 556.598633
872.020569 572.309082
872.407349 738.39093
872.794067 715.947388
873.180725 736.146545
873.567322 628.417786
873.953796 596.996887
874.340332 590.263855
874.726624 680.037842
875.113037 536.399475
875.499329 547.621216
875.885559 549.86554
876.271729 552.109924
876.657898 619.440369
877.044006 704.725647
877.429932 814.698792
877.815918 857.341431
878.201782 940.382324
878.587585 989.757996
878.973389 823.676147
879.35907 949.359741
879.744751 742.879578
880.13031 713.703064
880.51593 614.951721
880.901367 588.019531
881.286804 617.196045
881.67218 623.929077
882.057434 534.15509
882.442749 574.553406
882.827942 668.816101
883.213013 565.575989
883.598145 704.725647
883.983154 579.042114
884.368042 632.906494
884.753052 502.734222
885.137817 583.530823
885.522644 659.838684
885.907349 605.974304
886.292053 614.951721
886.676636 621.684753
887.061157 549.86554
887.44574 583.530823
887.830078 561.08728
888.214539 733.902222
888.598816 727.169128
888.983093 635.150818
889.367249 599.241272
889.751465 552.109924
890.135498 583.530823
890.519531 583.530823
890.903503 657.594299
891.287415 745.123962
891.671326 760.834412
892.055054 686.770874
892.438843 776.544861
892.82251 830.409241
893.206116 801.232666
893.589661 828.164856
893.973206 846.11969
894.356628 810.210083
894.73999 798.988342
895.123352 666.571716
895.506592 635.150818
895.889832 496.00119
896.272949 639.639526
896.656067 673.304749
897.039063 659.838684
897.422058 592.508179
897.804993 644.128235
898.187866 628.417786
898.570618 641.883911
898.953369 565.575989
899.336121 605.974304
899.718689 590.263855
900.101257 570.064697
900.483704 635.150818
900.866211 605.974304
901.248596 585.775146
901.63092 666.571716
902.013184 583.530823
902.395386 641.883911
902.777588 605.974304
903.159668 590.263855
903.541687 549.86554
903.923645 547.621216
904.305603 572.309082
904.6875 603.729919
905.069275 545.376892
905.45105 635.150818
905.832642 552.109924
906.214294 637.395203
906.595825 619.440369
906.977417 635.150818
907.358826 581.286438
907.740234 513.955994
908.121582 599.241272
908.502869 556.598633
908.884033 641.883911
909.265198 592.508179
909.646301 653.105652
910.027344 601.485596
910.408325 689.015198
910.789246 650.861267
911.170105 617.196045
911.550903 619.440369
911.931641 534.15509
912.312317 507.222931
912.692932 583.530823
913.073547 632.906494
913.453979 623.929077
913.834473 614.951721
914.214783 639.639526
914.595154 675.549133
914.975464 668.816101
915.355652 583.530823
915.73584 650.861267
916.115845 711.458679
916.495972 572.309082
916.875854 637.395203
917.255859 588.019531
917.63562 576.797729
918.015503 644.128235
918.395203 648.616943
918.774902 601.485596
919.15448 592.508179
919.534058 697.992615
919.913574 554.354248
920.292969 547.621216
920.672363 565.575989
921.051636 531.910767
921.430969 605.974304
921.810181 662.083008
922.189331 608.218628
922.56842 561.08728
922.947388 680.037842
923.326416 630.662109
923.705261 522.93335
924.084106 758.590027
924.462891 626.173462
924.841675 608.218628
925.220337 630.662109
925.598938 608.218628
925.977478 801.232666
926.355957 558.842957
926.734436 614.951721
927.112732 745.123962
927.491089 545.376892
927.869324 579.042114
928.247559 684.526489
928.625671 628.417786
929.003723 554.354248
929.381775 637.395203
929.759705 592.508179
930.137634 558.842957
930.515381 592.508179
930.89325 776.544861
931.270935 565.575989
931.64856 612.707336
932.026123 491.512482
932.403687 552.109924
932.78125 543.132507
933.15863 729.413513
933.536011 561.08728
933.913208 579.042114
934.290527 570.064697
934.667664 742.879578
935.0448 545.376892
935.421814 704.725647
935.798889 664.327393
936.175842 511.711639
936.552673 556.598633
936.929504 675.549133
937.306274 655.349976
937.683044 594.752563
938.05957 540.888184
938.436218 756.345703
938.812744 547.621216
939.189148 538.643799
939.565613 588.019531
939.941956 540.888184
940.318237 684.526489
940.694458 659.838684
941.070557 585.775146
941.446655 626.173462
941.822693 612.707336
942.198669 664.327393
942.574646 608.218628
942.950562 612.707336
943.326294 540.888184
943.702026 706.970032
944.077698 592.508179
944.453369 572.309082
944.828918 623.929077
945.204468 599.241272
945.579834 531.910767
945.955261 605.974304
946.330627 556.598633
946.705811 567.820374
947.081055 570.064697
947.456177 610.463013
947.831238 583.530823
948.206238 525.177734
948.581238 561.08728
948.956116 659.838684
949.330933 662.083008
949.705811 619.440369
950.080505 576.797729
950.455139 554.354248
950.829773 590.263855
951.204346 812.454407
951.578735 785.522217
951.953186 639.639526
952.327515 603.729919
952.701843 605.974304
953.076172 543.132507
953.450195 527.422058
953.824341 614.951721
954.198486 617.196045
954.572449 657.594299
954.94635 626.173462
955.320251 657.594299
955.694092 549.86554
956.067871 648.616943
956.441589 733.902222
956.815125 596.996887
957.188721 619.440369
957.562256 520.689026
957.93573 493.756836
958.309021 614.951721
958.682373 570.064697
959.055664 572.309082
959.428955 558.842957
959.802063 574.553406
960.17511 621.684753
960.548157 565.575989
960.921143 588.019531
961.294128 574.553406
961.666809 594.752563
962.039612 610.463013
962.412415 558.842957
962.785095 565.575989
963.157715 567.820374
963.530151 547.621216
963.902649 644.128235
964.275146 596.996887
964.647522 556.598633
965.019714 567.820374
965.392029 570.064697
965.76416 680.037842
966.136292 626.173462
966.508423 567.820374
966.880371 576.797729
967.252319 657.594299
967.624207 545.376892
967.996094 605.974304
968.367737 608.218628
968.739441 581.286438
969.111084 583.530823
969.482666 561.08728
969.854248 570.064697
970.225586 592.508179
970.596985 691.259583
970.968323 614.951721
971.339661 684.526489
971.710754 648.616943
972.081909 659.838684
972.453064 585.775146
972.824097 776.544861
973.194946 632.906494
973.565918 605.974304
973.936768 612.707336
974.307556 583.530823
974.678284 630.662109
975.048828 662.083008
975.419495 628.417786
975.790039 543.132507
976.160522 680.037842
976.530884 605.974304
976.901245 637.395203
977.271606 608.218628
977.641846 671.060425
978.012024 628.417786
978.382019 579.042114
978.752136 664.327393
979.122131 659.838684
979.492065 543.132507
979.861877 581.286438
980.231689 500.489868
980.60144 554.354248
980.971191 612.707336
981.34082 567.820374
981.710266 552.109924
982.079773 671.060425
982.44928 590.263855
982.818604 657.594299
983.187866 617.196045
983.557129 531.910767
983.926331 529.666443
984.295471 549.86554
984.664612 554.354248
985.033569 619.440369
985.402527 594.752563
985.771362 677.793457
986.140259 749.612671
986.508911 632.906494
986.877625 675.549133
987.246277 572.309082
987.614929 599.241272
987.983459 641.883911
988.351807 599.241272
988.720215 579.042114
989.088623 493.756836
989.456909 650.861267
989.825012 630.662109
990.193115 623.929077
990.561279 605.974304
990.929321 581.286438
991.297302 599.241272
991.6651 561.08728
992.03302 648.616943
992.400818 612.707336
992.768494 603.729919
993.136047 601.485596
993.503723 570.064697
993.871277 579.042114
994.23877 581.286438
994.60614 493.756836
994.97345 529.666443
995.340759 585.775146
995.708008 581.286438
996.075195 567.820374
996.4422 540.888184
996.809265 558.842957
997.17627 599.241272
997.543152 693.503906
997.910095 619.440369
998.276733 680.037842
998.643494 527.422058
999.010193 552.109924
999.376831 632.906494
999.743286 581.286438
1000.109802 653.105652
1000.476257 639.639526
1000.842651 583.530823
1001.208923 686.770874
1001.575134 581.286438
1001.941284 556.598633
1002.307434 484.779449
1002.673523 576.797729
1003.039429 570.064697
1003.405334 596.996887
1003.771179 574.553406
1004.137024 536.399475
1004.502808 563.331665
1004.868408 565.575989
1005.234009 570.064697
1005.599609 675.549133
1005.965149 594.752563
1006.330444 511.711639
1006.695862 529.666443
1007.061218 603.729919
1007.426453 639.639526
1007.791626 585.775146
1008.156677 671.060425
1008.521729 751.856995
1008.88678 581.286438
1009.251709 570.064697
1009.616577 561.08728
1009.981384 588.019531
1010.34613 572.309082
1010.710754 641.883911
1011.075439 740.635254
1011.439941 552.109924
1011.804443 671.060425
1012.168884 576.797729
1012.533325 538.643799
1012.897522 603.729919
1013.26178 556.598633
1013.626038 650.861267
1013.990112 650.861267
1014.354187 839.386597
1014.71814 680.037842
1015.082153 671.060425
1015.446045 684.526489
1015.809937 774.300476
1016.173523 628.417786
1016.53717 610.463013
1016.900879 644.128235
1017.264404 590.263855
1017.627991 646.372559
1017.991333 547.621216
1018.354675 657.594299
1018.718018 554.354248
1019.081299 662.083008
1019.444397 554.354248
1019.807495 576.797729
1020.170593 689.015198
1020.533691 619.440369
1020.896606 576.797729
1021.25946 601.485596
1021.622253 599.241272
1021.985046 596.996887
1022.347778 603.729919
1022.710327 581.286438
1023.072876 585.775146
1023.435364 552.109924
1023.797852 666.571716
1024.160278 516.200317
1024.522461 518.444702
1024.884766 596.996887
1025.246948 583.530823
1025.609131 585.775146
1025.971069 635.150818
1026.33313 500.489868
1026.694946 657.594299
1027.056885 671.060425
1027.418823 563.331665
1027.780396 536.399475
1028.14209 563.331665
1028.503784 596.996887
1028.865479 561.08728
1029.226807 538.643799
1029.588135 603.729919
1029.949707 572.309082
1030.310913 590.263855
1030.672241 724.924805
1031.033325 704.725647
1031.394531 583.530823
1031.755493 605.974304
1032.116577 579.042114
1032.477417 599.241272
1032.838257 861.830078
1033.199097 614.951721
1033.559937 572.309082
1033.920654 507.222931
1034.281128 574.553406
1034.641724 650.861267
1035.002197 650.861267
1035.362671 644.128235
1035.7229 565.575989
1036.083252 579.042114
1036.443481 641.883911
1036.803711 561.08728
1037.16394 749.612671
1037.523804 641.883911
1037.883789 543.132507
1038.243774 558.842957
1038.603638 700.236938
1038.963257 662.083008
1039.32312 570.064697
1039.682861 576.797729
