188.301102 0.0
188.764923 0.0
189.228699 549.86554
189.692459 565.575989
190.156158 610.463013
190.619812 592.508179
191.083435 727.169128
191.547043 684.526489
192.01059 693.503906
192.474091 2347.589355
192.937561 745.123962
193.401001 756.345703
193.86441 754.101318
194.327759 733.902222
194.791077 684.526489
195.254349 686.770874
195.717575 711.458679
196.180786 740.635254
196.643951 680.037842
197.107071 700.236938
197.570145 738.39093
198.033203 673.304749
198.496216 632.906494
198.959167 666.571716
199.422089 702.481323
199.884979 646.372559
200.347855 751.856995
200.810654 749.612671
201.273422 760.834412
201.73616 866.318787
202.198853 659.838684
202.661514 796.743958
203.12413 718.191772
203.5867 828.164856
204.04924 722.680481
204.511734 689.015198
204.974197 706.970032
205.436615 655.349976
205.899002 727.169128
206.361343 763.078735
206.823654 758.590027
207.285919 742.879578
207.748123 648.616943
208.210327 686.770874
208.672485 722.680481
209.134583 747.368286
209.596649 648.616943
210.05867 680.037842
210.520676 648.616943
210.982635 684.526489
211.444534 693.503906
211.906403 832.653564
212.36824 731.657837
212.830048 754.101318
213.291779 772.056152
213.753494 693.503906
214.215179 733.902222
214.676819 596.996887
215.138412 590.263855
215.59996 751.856995
216.061493 650.861267
216.522949 722.680481
216.984406 724.924805
217.445801 697.992615
217.907166 697.992615
218.368484 605.974304
218.829773 742.879578
219.291031 736.146545
219.752228 711.458679
220.213379 727.169128
220.6745 686.770874
221.135574 731.657837
221.596634 704.725647
222.057648 700.236938
222.5186 704.725647
222.979553 682.282166
223.44043 796.743958
223.901276 740.635254
224.362076 742.879578
224.822845 682.282166
225.283569 695.748291
225.744278 657.594299
226.20491 689.015198
226.665512 700.236938
227.126114 697.992615
227.586639 686.770874
228.047119 700.236938
228.507568 689.015198
228.967972 693.503906
229.428345 628.417786
229.888687 700.236938
230.348984 673.304749
230.809219 801.232666
231.26944 637.395203
231.729614 619.440369
232.189758 657.594299
232.649841 722.680481
233.109894 756.345703
233.569901 810.210083
234.029892 781.033508
234.489822 713.703064
234.949707 671.060425
235.409561 783.277893
235.869385 774.300476
236.329163 715.947388
236.788895 747.368286
237.248581 702.481323
237.708237 742.879578
238.167847 693.503906
238.627441 785.522217
239.08696 650.861267
239.546463 781.033508
240.00592 785.522217
240.465332 626.173462
240.924698 767.567444
241.384033 686.770874
241.843338 686.770874
242.302597 668.816101
242.76181 763.078735
243.220993 697.992615
243.680115 758.590027
244.139221 653.105652
244.598282 816.943115
245.057297 695.748291
245.516266 646.372559
245.975189 657.594299
246.434082 680.037842
246.892944 675.549133
247.351761 650.861267
247.810516 810.210083
248.269272 700.236938
248.727951 798.988342
249.1866 711.458679
249.645218 754.101318
250.10379 736.146545
250.562317 630.662109
251.020813 695.748291
251.479279 677.793457
251.937668 702.481323
252.396057 740.635254
252.854385 639.639526
253.312683 760.834412
253.77092 740.635254
254.229126 664.327393
254.687302 776.544861
255.145432 747.368286
255.6035 630.662109
256.061584 702.481323
256.519592 715.947388
256.97757 673.304749
257.435455 751.856995
257.893372 697.992615
258.351196 689.015198
258.80899 736.146545
259.266754 745.123962
259.724487 846.11969
260.18219 765.32312
260.639832 650.861267
261.097443 650.861267
261.554993 702.481323
262.012512 715.947388
262.469971 724.924805
262.927429 691.259583
263.384827 713.703064
263.842194 706.970032
264.29953 671.060425
264.756805 695.748291
265.21405 689.015198
265.671234 832.653564
266.128387 706.970032
266.58551 662.083008
267.042572 713.703064
267.499573 673.304749
267.956604 756.345703
268.413574 821.431824
268.870483 751.856995
269.327362 675.549133
269.78418 738.39093
270.240936 803.477051
270.697693 754.101318
271.154419 704.725647
271.611053 673.304749
272.067688 731.657837
272.524292 704.725647
272.980835 697.992615
273.437347 812.454407
273.893799 700.236938
274.35025 697.992615
274.80661 724.924805
275.262939 810.210083
275.719238 718.191772
276.175507 772.056152
276.631714 765.32312
277.087891 733.902222
277.544067 740.635254
278.000122 691.259583
278.456177 785.522217
278.912201 702.481323
279.368164 594.752563
279.824097 684.526489
280.279968 776.544861
280.73584 673.304749
281.19162 745.123962
281.6474 637.395203
282.103149 736.146545
282.558838 709.214355
283.014465 758.590027
283.470062 727.169128
283.925629 711.458679
284.381134 664.327393
284.836639 715.947388
285.292053 724.924805
285.747467 700.236938
286.20282 628.417786
286.658142 715.947388
287.113434 671.060425
287.568634 695.748291
288.023804 794.499634
288.478973 682.282166
288.934113 686.770874
289.38913 756.345703
289.844208 695.748291
290.299164 671.060425
290.754089 693.503906
291.208984 659.838684
291.663879 711.458679
292.118683 700.236938
292.573456 747.368286
293.028198 680.037842
293.482849 605.974304
293.937561 671.060425
294.392151 841.630981
294.846741 864.074463
295.301239 720.436096
295.755737 659.838684
296.210175 680.037842
296.664581 772.056152
297.118958 693.503906
297.573242 648.616943
298.027557 650.861267
298.481812 736.146545
298.935974 686.770874
299.390137 841.630981
299.844238 715.947388
300.29834 733.902222
300.75235 668.816101
301.20636 718.191772
301.660278 702.481323
302.114197 664.327393
302.568054 610.463013
303.021881 689.015198
303.475677 662.083008
303.929413 671.060425
304.383118 776.544861
304.836761 749.612671
305.290375 758.590027
305.743958 662.083008
306.19751 666.571716
306.65097 763.078735
307.104431 693.503906
307.5578 812.454407
308.011169 740.635254
308.464508 626.173462
308.917755 727.169128
309.371063 695.748291
309.824219 623.929077
310.277374 693.503906
310.730499 668.816101
311.183563 796.743958
311.636597 641.883911
312.089569 697.992615
312.542511 886.517944
312.995422 675.549133
313.448273 812.454407
313.901093 720.436096
314.353882 724.924805
314.80658 747.368286
315.259308 693.503906
315.711975 666.571716
316.164581 778.789185
316.617126 720.436096
317.069672 680.037842
317.522156 628.417786
317.974579 635.150818
318.427002 769.811768
318.879333 852.852722
319.331665 754.101318
319.783936 675.549133
320.236176 650.861267
320.688354 695.748291
321.140503 664.327393
321.592651 776.544861
322.044647 733.902222
322.496704 689.015198
322.948639 713.703064
323.400604 785.522217
323.852509 740.635254
324.304352 740.635254
324.756165 742.879578
325.207916 671.060425
325.659668 727.169128
326.111328 796.743958
326.562988 729.413513
327.014557 727.169128
327.466156 801.232666
327.917664 713.703064
328.36911 765.32312
328.820557 711.458679
329.271942 648.616943
329.723297 605.974304
330.174561 718.191772
330.625854 765.32312
331.077026 671.060425
331.528229 794.499634
331.97937 689.015198
332.43045 614.951721
332.8815 686.770874
333.332489 754.101318
333.783478 803.477051
334.234406 655.349976
334.685303 702.481323
335.136078 695.748291
335.586914 718.191772
336.037659 805.721375
336.488342 662.083008
336.939026 653.105652
337.389648 639.639526
337.84024 684.526489
338.290771 742.879578
338.741272 810.210083
339.191681 706.970032
339.64212 749.612671
340.092468 760.834412
340.542816 641.883911
340.993103 736.146545
341.443329 709.214355
341.893555 623.929077
342.343689 722.680481
342.793793 794.499634
343.243866 727.169128
343.693878 693.503906
344.14389 727.169128
344.593842 850.608337
345.043732 754.101318
345.493591 765.32312
345.943359 677.793457
346.393158 671.060425
346.842896 693.503906
347.292542 684.526489
347.742218 659.838684
348.191803 646.372559
348.641357 727.169128
349.090881 740.635254
349.540314 702.481323
349.989777 738.39093
350.439148 754.101318
350.888489 695.748291
351.337799 772.056152
351.787048 664.327393
352.236267 745.123962
352.685425 727.169128
353.134552 715.947388
353.583649 733.902222
354.032684 630.662109
354.481659 787.766602
354.930634 807.965698
355.379517 751.856995
355.82843 765.32312
356.277222 590.263855
356.726013 709.214355
357.174774 778.789185
357.623444 767.567444
358.072113 765.32312
358.520721 677.793457
358.969299 736.146545
359.417786 706.970032
359.866302 783.277893
360.314697 704.725647
360.763123 774.300476
361.211456 801.232666
361.65976 747.368286
362.108032 790.010925
362.556244 727.169128
363.004456 787.766602
363.452576 920.183167
363.900696 1034.64502
364.348663 1580.021851
364.796722 2693.218994
365.24469 3781.728516
365.692596 3965.765137
366.140472 3366.523926
366.588287 2527.137207
367.036102 1849.34375
367.483826 1218.681641
367.931549 998.735413
368.379181 940.382324
368.826843 792.25531
369.274384 850.608337
369.721924 965.07019
370.169403 944.871033
370.616821 978.536255
371.06427 971.803223
371.511566 855.097046
371.958923 971.803223
372.406158 922.427551
372.853424 861.830078
373.300568 897.739685
373.747711 1009.957153
374.194794 940.382324
374.641846 953.84845
375.088898 911.205811
375.535828 1054.844116
375.982758 951.604065
376.429596 938.138
376.876465 1048.111084
377.323242 1027.911987
377.769989 1088.509399
378.216675 1104.219849
378.66333 1151.351196
379.109985 1151.351196
379.556519 1351.098267
380.003052 1250.102539
380.449524 1308.455566
380.895996 1292.745117
381.342377 1335.387817
381.788727 1274.790405
382.235046 1254.591187
382.681274 1245.61377
383.127533 1189.505127
383.573669 1189.505127
384.019836 1162.572876
384.465912 1113.197266
384.911957 1126.66333
385.357971 1124.418945
385.803925 1097.486816
386.249847 1095.242432
386.695679 1108.708496
387.141541 1061.577148
387.587311 1072.79895
388.033051 1104.219849
388.478729 1090.753784
388.924408 1045.866699
389.369995 1254.591187
389.815552 1153.595459
390.261078 1211.948608
390.706543 1351.098267
391.152008 1254.591187
391.597351 1272.546021
392.042725 1182.772095
392.487976 1146.862427
392.933289 1045.866699
393.378479 1169.305908
393.823639 1196.238159
394.268768 1207.459839
394.713837 1270.301636
395.158905 1256.835571
395.603851 1236.636475
396.048798 1270.301636
396.493683 1315.188599
396.938568 1443.116577
397.383392 1378.030396
397.828156 1438.627808
398.272888 1501.469604
398.71756 1530.64624
399.162201 1636.130615
399.606781 1636.130615
400.051361 1676.528931
400.495819 1775.280273
400.940308 1853.83252
401.384705 2042.357788
401.829102 2091.733398
402.273438 2217.416992
402.717682 2592.223389
403.161926 4129.602539
403.60611 10761.654297
404.050293 33548.53125
404.494385 62159.496094
404.938446 65535.0
405.382477 65535.0
405.826447 52755.671875
406.270386 29728.650391
406.714233 14998.986328
407.158081 10804.296875
407.601868 15692.490234
408.045624 19431.576172
408.489319 18174.740234
408.933014 12070.110352
409.376617 8140.254883
409.82019 5637.805176
410.263702 4751.287109
410.707184 4576.228027
411.150635 4544.807129
411.594025 4899.414551
412.037384 4755.775879
412.480682 5148.537109
412.923981 5222.600586
413.367126 5460.501465
413.810333 5714.113281
414.253479 5996.901367
414.696533 6142.783691
415.139587 6237.046387
415.582581 6578.1875
416.025543 6670.206055
416.468414 6831.799316
416.911285 7305.356934
417.354065 7498.370605
417.796875 7496.126465
418.239594 7538.769043
418.682281 8144.743164
419.124908 8153.720703
419.567505 8488.128906
420.010071 8791.116211
420.452545 9156.945313
420.89502 9251.208008
421.337372 9870.648438
421.779785 9978.376953
422.222107 10095.083008
422.664368 10575.374023
423.106628 10932.225586
423.548798 11165.637695
423.990967 11511.267578
424.433044 11785.078125
424.875092 11807.521484
425.317078 12375.341797
425.759064 12887.053711
426.200989 12880.320313
426.642853 13140.665039
427.084686 13589.53418
427.526459 13780.304688
427.968201 13796.014648
428.409912 14265.083984
428.851563 14637.645508
429.293121 14763.329102
429.734711 14951.854492
430.176239 15461.322266
430.617706 15784.507813
431.059113 16002.209961
431.500488 16076.273438
431.941833 16659.804688
432.383087 17027.876953
432.824341 17757.291016
433.265533 18260.025391
433.706726 19801.892578
434.147827 21873.427734
434.588867 29800.46875
435.029877 55783.300781
435.470825 65535.0
435.911804 65535.0
436.352661 65535.0
436.793518 65535.0
437.234283 65535.0
437.675049 64361.203125
438.115723 48556.496094
438.556396 31941.578125
438.99704 24966.140625
439.437561 22611.818359
439.878113 21891.382813
440.318573 21547.996094
440.759033 21559.21875
441.199341 21898.115234
441.639709 21846.496094
442.079956 21738.767578
442.520264 21788.142578
442.96051 22216.8125
443.400604 21891.382813
443.840759 21844.251953
444.280762 22169.681641
444.720825 22295.365234
445.160767 22649.972656
445.600739 22519.800781
446.040558 22827.275391
446.480438 22239.255859
446.920258 22753.212891
447.359955 22447.980469
447.799713 23161.683594
448.239319 22683.638672
448.678955 22986.625
449.1185 23215.548828
449.558014 22939.494141
449.997498 23038.244141
450.436951 22865.429688
450.876343 23186.371094
451.315674 23641.974609
451.754974 23242.480469
452.194183 23639.730469
452.633392 23255.947266
453.07251 23067.421875
453.511688 22908.072266
453.950684 22786.876953
454.38974 22591.619141
454.828735 22869.917969
455.267639 22798.099609
455.706543 22896.851563
456.145325 22591.619141
456.584137 22470.423828
457.022858 21938.513672
457.461578 22219.056641
457.900208 21954.224609
458.338867 21972.179688
458.777405 21518.820313
459.215912 21559.21875
459.654388 21817.318359
460.092773 21435.779297
460.531189 21002.621094
460.969513 21090.150391
461.407806 20924.068359
461.846008 21119.326172
462.284241 21049.751953
462.722351 20856.738281
463.160461 20686.166016
463.598541 20906.113281
464.03653 21096.882813
464.474518 20962.222656
464.912384 20991.398438
465.350281 20697.388672
465.788086 20508.863281
466.225891 20771.453125
466.663605 20818.583984
467.101318 20953.244141
467.539001 20632.302734
467.976563 21027.308594
468.414124 20643.523438
468.851593 20807.361328
469.289063 20980.175781
469.72644 21078.927734
470.163849 20944.267578
470.601135 21186.65625
471.038422 21599.617188
471.475677 21164.212891
471.912811 21029.552734
472.350006 21395.380859
472.787048 21523.308594
473.224121 21480.666016
473.661072 21227.054688
474.098053 21615.328125
474.534943 21633.283203
474.971802 21675.925781
475.40863 21999.111328
475.845367 21289.896484
476.282104 21776.919922
476.71875 21700.613281
477.155426 22156.214844
477.591949 22221.302734
478.028503 22409.828125
478.464966 23092.109375
478.901428 23141.484375
479.33786 24054.935547
479.77417 24463.40625
480.21051 25168.132813
480.646698 26840.171875
481.082947 28642.384766
481.519073 30211.185547
481.9552 32693.435547
482.391266 35963.453125
482.827301 40189.5625
483.263306 44961.046875
483.699188 49312.839844
484.135101 53440.199219
484.570923 56528.425781
485.006744 59358.546875
485.442413 62235.804688
485.878174 65135.503906
486.313782 65535.0
486.74939 65535.0
487.184998 65535.0
487.620453 65535.0
488.055939 65535.0
488.491333 65535.0
488.926727 65535.0
489.36203 65535.0
489.797302 65535.0
490.232513 65263.429688
490.667755 64064.949219
491.102905 63710.34375
491.537964 63297.382813
491.973022 62940.53125
492.40799 61930.574219
492.842957 60936.328125
493.277832 59872.503906
493.712738 59044.339844
494.147491 57962.5625
494.582275 56627.175781
495.017029 55801.253906
495.45166 54546.664063
495.886292 53720.742188
496.320831 52315.78125
496.755402 51361.933594
497.18985 50071.429688
497.624298 48996.386719
498.058655 47647.535156
498.493042 45710.660156
498.927368 44180.015625
499.361572 42121.945313
499.795807 40492.550781
500.229919 39058.410156
500.664063 37500.832031
501.098083 36026.292969
501.532104 34729.058594
501.966064 33627.085938
502.399994 32670.992188
502.833893 31986.464844
503.2677 31050.572266
503.701477 30666.787109
504.135193 29744.361328
504.568909 29623.166016
505.002502 29347.111328
505.436127 29387.509766
505.869629 29291.001953
506.303162 29077.789063
506.736603 28940.882813
507.169983 29356.087891
507.603363 29109.208984
508.036621 29585.011719
508.46994 29822.912109
508.903107 30325.646484
509.336304 30493.972656
509.769379 30700.453125
510.202484 30695.964844
510.635529 31160.544922
511.068481 31344.582031
511.501434 31620.636719
511.934265 31863.025391
512.367126 32172.746094
512.799927 31533.107422
513.232605 31459.042969
513.665344 31346.826172
514.097961 32044.818359
514.530579 32011.152344
514.963135 31739.587891
515.395691 31427.623047
515.828064 31113.414063
516.260498 31162.789063
516.692871 31191.964844
517.125183 31198.699219
517.557373 30161.808594
517.989624 30276.271484
518.421753 29472.794922
518.853943 28999.236328
519.286072 28866.820313
519.718018 28649.117188
520.150024 28312.464844
520.581909 27843.396484
521.013855 27015.232422
521.445679 26808.751953
521.877502 26270.107422
522.309204 25639.445313
522.740906 25406.033203
523.172546 24968.384766
523.604187 24494.828125
524.035767 24286.103516
524.467224 23599.332031
524.898682 23612.798828
525.330078 22908.072266
525.761475 22495.113281
526.192749 22593.863281
526.624023 21732.033203
527.055237 21889.138672
527.486389 21628.792969
527.917542 21758.966797
528.348572 21375.181641
528.779663 21020.574219
529.210571 20650.257813
529.641541 20726.564453
530.072388 20374.203125
530.503235 20235.052734
530.934082 20358.492188
531.364746 20129.568359
531.795532 20957.732422
532.226135 21195.634766
532.656738 22800.34375
533.08728 25538.449219
533.517822 27702.001953
533.948242 29104.720703
534.378662 28521.189453
534.809082 28285.533203
535.239319 29688.251953
535.669617 30761.050781
536.099792 33079.464844
536.529968 37209.066406
536.960083 43248.609375
537.390137 50720.046875
537.82019 56131.175781
538.250183 59874.75
538.680115 62812.601563
539.109985 65535.0
539.539795 65535.0
539.969543 65535.0
540.399292 65535.0
540.828979 65535.0
541.258606 65535.0
541.688171 65535.0
542.117737 65535.0
542.547302 65535.0
542.976685 65535.0
543.406128 65535.0
543.835388 65535.0
544.264771 65535.0
544.69397 65535.0
545.12323 65535.0
545.552307 65535.0
545.981506 65535.0
546.410583 65535.0
546.839539 65535.0
547.268555 65535.0
547.697449 65535.0
548.126282 65535.0
548.555054 65535.0
548.983887 65535.0
549.412598 65535.0
549.841309 65535.0
550.269958 65535.0
550.698486 65535.0
551.127075 65535.0
551.555481 65535.0
551.983948 65535.0
552.412292 65535.0
552.840698 65535.0
553.26886 63479.175781
553.697205 60130.605469
554.125366 57316.191406
554.553467 53857.648438
554.981628 48866.214844
555.409607 43973.535156
555.837646 39985.324219
556.265564 35346.257813
556.693481 32296.185547
557.121338 29414.441406
557.549133 26559.628906
557.976929 24676.619141
558.404602 21938.513672
558.832275 20365.224609
559.259888 18868.244141
559.687439 17627.119141
560.114929 16379.260742
560.542419 15533.140625
560.969788 14799.239258
561.397156 13926.1875
561.824524 13549.136719
562.25177 12743.415039
562.679016 12393.296875
563.10614 11749.167969
563.533264 11318.25293
563.960327 10692.080078
564.387329 10240.96582
564.814331 9857.181641
565.241272 9156.945313
565.668213 9046.97168
566.094971 8447.730469
566.52179 8176.164063
566.948425 8063.946777
567.375183 7902.353516
567.801819 7817.068359
568.228394 7747.493652
568.654846 7545.501953
569.081421 7496.126465
569.507874 7307.601074
569.934265 6733.047852
570.360596 6427.816406
570.786865 6073.208984
571.213074 5752.26709
571.639282 5489.678223
572.06543 5406.637207
572.491516 5184.446777
572.917603 5141.804199
573.343567 5191.179688
573.769531 5274.220703
574.195435 5473.967773
574.621277 5767.977539
575.047119 6203.381348
575.472839 6885.663574
575.89856 8609.323242
576.324158 20122.835938
576.749817 48502.632813
577.175293 56934.652344
577.60083 57040.136719
578.026306 46870.988281
578.451721 49175.9375
578.877136 60191.203125
579.302429 63782.160156
579.727661 63418.578125
580.152832 57821.167969
580.578064 55029.199219
581.003113 53177.609375
581.428223 50695.359375
581.853271 50621.296875
582.278198 52107.054688
582.703125 54708.257813
583.12793 57325.167969
583.552795 59315.90625
583.977539 60168.757813
584.402283 60821.863281
584.826965 60543.566406
585.251587 60117.140625
585.676208 59230.621094
586.100647 58534.871094
586.525208 59266.53125
586.949524 62105.632813
587.373962 64208.585938
587.798218 64224.296875
588.222534 61430.082031
588.646729 57756.082031
589.070984 54598.285156
589.495117 51229.515625
589.919128 48394.902344
590.343201 45634.351563
590.767151 43845.605469
591.191101 43879.273438
591.61499 44348.339844
592.038818 46096.6875
592.462524 50257.710938
592.886292 53954.15625
593.310059 55796.765625
593.733582 55157.125
594.157227 52210.296875
594.58075 46987.695313
595.004272 41650.632813
595.427673 37328.015625
595.851074 33469.980469
596.274353 31631.857422
596.697632 29091.253906
597.120911 27531.431641
597.544067 26817.728516
597.967224 27726.691406
598.39032 29944.107422
598.813354 33106.394531
599.236328 35797.371094
599.659241 37776.886719
600.082153 36998.097656
600.505005 35025.3125
600.927795 31640.835938
601.350525 28581.787109
601.773254 25136.710938
602.195862 22569.175781
602.618408 20230.564453
603.040955 18520.369141
603.46344 17005.433594
603.885925 16846.085938
604.30835 16828.130859
604.730652 16816.908203
605.152893 17086.230469
605.575195 17889.707031
605.997375 18832.333984
606.419495 19954.509766
606.841553 22286.388672
607.263672 24972.873047
607.685608 28397.75
608.107605 33324.097656
608.52948 40041.433594
608.951294 48006.628906
609.373108 56162.59375
609.7948 63555.480469
610.216553 65535.0
610.638123 65535.0
611.059753 65535.0
611.481262 65535.0
611.902832 65535.0
612.324219 65535.0
612.745605 65535.0
613.166931 65535.0
613.588196 65535.0
614.00946 65535.0
614.430664 65535.0
614.851807 65535.0
615.272827 65535.0
615.693909 65535.0
616.114929 65535.0
616.535889 65535.0
616.956787 64215.320313
617.377563 59746.820313
617.79834 56761.835938
618.219055 53249.429688
618.639832 50208.335938
619.060364 47674.464844
619.481018 45623.132813
619.901611 45073.265625
620.322083 45784.722656
620.742493 46509.648438
621.162842 46976.472656
621.583191 47344.546875
622.003418 47086.445313
622.423706 47028.09375
622.843872 47236.820313
623.264038 47721.597656
623.684143 48911.101563
624.104126 49043.519531
624.52417 49113.09375
624.944031 49032.296875
625.364014 48848.261719
625.783752 48917.835938
626.203552 48572.207031
626.62323 47988.675781
627.042969 46498.425781
627.462585 44711.925781
627.882141 43322.671875
628.301697 41132.1875
628.72113 39817.0
629.140625 38320.019531
629.559998 38703.800781
629.979309 40851.644531
630.39856 45968.761719
630.81781 50998.347656
631.237 52616.523438
631.656067 50616.808594
632.075195 44054.332031
632.494202 36143.0
632.913208 29403.21875
633.332092 24667.642578
633.750977 20731.054688
634.169739 17054.810547
634.588562 14305.482422
635.007263 12321.477539
635.425964 10618.016602
635.844543 9527.262695
636.263123 8936.999023
636.681641 8023.54834
637.100037 7821.557129
637.518494 7415.330078
637.936829 7159.474121
638.355164 6827.310547
638.773438 6620.830078
639.19165 6212.358887
639.609863 6212.358887
640.027893 6046.276855
640.445984 5927.326172
640.863953 5972.213379
641.281921 5851.018555
641.699829 5799.398438
642.117676 6111.362793
642.535461 5846.529785
642.953247 5976.702148
643.370972 6250.512695
643.788635 5985.679199
644.206177 6178.693359
644.623718 6176.449219
645.04126 6106.874512
645.458618 6275.200684
645.876099 6194.403809
646.293396 6140.539551
646.710693 6194.403809
647.127991 6086.675293
647.545166 6557.988281
647.962341 6171.960449
648.379333 6333.553711
648.796448 6587.165039
649.213379 7018.080078
649.63031 8461.196289
650.04718 10797.564453
650.463989 13389.787109
650.880859 14451.365234
651.297546 13885.789063
651.714233 12543.667969
652.130859 11430.470703
652.547485 10671.880859
652.963928 10541.708008
653.380432 10465.400391
653.796814 9922.267578
654.213196 9215.297852
654.629578 8411.821289
655.045837 7765.448242
655.462036 7563.457031
655.878174 7128.053223
656.294312 6892.396484
656.710327 6683.671875
657.126404 6636.540527
657.542358 7051.745117
657.958252 6670.206055
658.374084 6914.839844
658.789917 6454.748535
659.205688 5925.082031
659.621338 5467.234863
660.037048 5545.787109
660.452637 5083.451172
660.868164 5040.808594
661.283691 5056.519043
661.699158 6059.743164
662.114502 7615.077148
662.529846 8642.989258
662.945129 8865.179688
663.360413 8007.837891
663.775635 7350.243652
664.190674 6629.807617
664.605835 6234.802246
665.020813 5767.977539
665.435791 5568.230469
665.850769 4993.677246
666.265625 4823.106445
666.68042 4764.753418
667.095215 4724.35498
667.509949 4688.445801
667.924622 4643.558594
668.339233 4466.254883
668.753784 4457.277832
669.168335 4529.09668
669.582825 4394.436035
669.997192 4266.507813
670.41156 4120.625
670.825867 4084.715576
671.240173 4205.910645
671.654358 4008.407715
672.068481 4223.865234
672.482605 3959.031982
672.896667 3956.787598
673.310669 3642.578857
673.724609 3932.099854
674.138489 3660.533691
674.552307 3597.691895
674.966064 3501.184814
675.379822 3523.628418
675.793579 3332.858643
676.207153 3285.727295
676.620789 3393.456055
677.034241 3258.795166
677.447754 3283.48291
677.861206 3218.396729
678.274597 3292.460449
678.687866 3379.98999
679.101135 3366.523926
679.514404 3552.804932
679.927551 3640.334473
680.340698 3815.393799
680.753723 3936.588623
681.166748 4037.584229
681.579712 4158.779297
681.992615 4116.136719
682.405457 3965.765137
682.818298 3757.040527
683.231018 3759.284912
683.643738 3523.628418
684.056335 3375.501221
684.468994 3415.899658
684.881531 3427.121338
685.293945 3454.053467
685.706482 3653.800537
686.118774 3981.475586
686.531128 4380.969727
686.943481 5018.364746
687.355713 5929.570801
687.767883 6542.277832
688.179932 6874.441895
688.592041 6450.259766
689.004089 5725.334961
689.416016 5155.27002
689.827881 4378.725586
690.239868 4062.272217
690.651611 4003.918945
691.063354 3579.737061
691.475098 3169.02124
691.886719 2769.526855
692.29834 2531.625977
692.7099 2643.843506
693.12146 3229.618652
693.532837 4228.354004
693.944214 4607.648926
694.355652 4363.015137
694.766846 3777.239746
695.178101 3137.600342
695.589294 2702.196533
696.000366 2437.363281
696.411438 2188.240479
696.82251 2017.669922
697.233459 1743.859375
697.644409 1568.800171
698.055298 1470.048706
698.466064 1378.030396
698.876831 1395.985229
699.287537 1508.202637
699.698181 1308.455566
700.108826 1422.917358
700.519348 1378.030396
700.92981 1483.514893
701.340271 1604.709717
701.750732 1710.194092
702.161011 1564.311401
702.57135 1730.393311
702.981567 2008.692627
703.391724 2035.624756
703.80188 2334.123291
704.211914 2493.471924
704.621948 2944.586182
705.031921 3366.523926
705.441895 4466.254883
705.851746 5884.683594
706.261536 7648.742188
706.671265 9704.566406
707.081055 11082.59668
707.490662 11374.362305
707.90033 10750.432617
708.309814 11468.625
708.719299 13623.200195
709.128784 14920.433594
709.538147 14269.572266
709.94751 11446.180664
710.35675 9145.723633
710.766052 7718.316895
711.175171 7621.810059
711.58429 9040.238281
711.993347 10855.916992
712.402405 11906.272461
712.811401 11013.021484
713.220276 9325.271484
713.62915 7271.691406
714.037964 5386.437988
714.446777 4562.762207
714.855408 3864.769287
715.264099 3101.690674
715.672668 2533.870361
716.081177 2152.330811
716.489746 1761.814209
716.898132 1465.560059
717.306519 1324.166016
717.714844 1234.39209
718.123108 1281.523438
718.531372 1189.505127
718.939514 1164.817261
719.347595 1122.174561
719.755676 1126.66333
720.163696 1097.486816
720.571716 1119.930298
720.979614 1066.065918
721.387451 1027.911987
721.795227 1193.993774
722.202942 1009.957153
722.610718 1016.690186
723.018311 1009.957153
723.425903 951.604065
723.833374 884.273621
724.240906 888.762329
724.648376 1025.667603
725.055725 1034.64502
725.463013 996.491089
725.8703 967.314514
726.277466 1016.690186
726.684631 983.024963
727.091797 1027.911987
727.498779 1025.667603
727.905823 960.581482
728.312805 1059.332886
728.719666 1030.15625
729.126526 1018.93457
729.533264 969.558899
729.940063 956.092773
730.34668 994.246704
730.753357 978.536255
731.159851 888.762329
731.566406 895.495361
731.9729 837.142273
732.379272 908.961426
732.785645 875.296204
733.191895 821.431824
733.598206 908.961426
734.004333 886.517944
734.410522 1041.378052
734.816528 859.585754
735.222656 841.630981
735.628662 814.698792
736.034546 816.943115
736.44043 841.630981
736.846252 866.318787
737.252014 906.717102
737.657715 814.698792
738.063354 877.540527
738.468933 819.1875
738.874512 807.965698
739.280029 848.364014
739.685486 848.364014
740.090881 864.074463
740.496216 866.318787
740.90155 947.115356
741.306702 1027.911987
741.711914 953.84845
742.117004 1032.400635
742.522095 1057.088501
742.927124 1025.667603
743.332031 1079.531982
743.737 1106.464233
744.141785 920.183167
744.546631 899.98407
744.951355 852.852722
745.356079 942.626709
745.76062 830.409241
746.165283 938.138
746.569824 904.472717
746.974243 929.160583
747.378723 944.871033
747.78302 875.296204
748.187378 785.522217
748.591614 870.807495
748.99585 837.142273
749.399963 758.590027
749.804077 798.988342
750.20813 774.300476
750.612122 875.296204
751.016052 713.703064
751.419922 792.25531
751.823792 781.033508
752.227478 776.544861
752.631226 920.183167
753.034851 812.454407
753.438477 772.056152
753.842102 839.386597
754.245544 792.25531
754.648987 742.879578
755.052368 745.123962
755.45575 713.703064
755.859009 680.037842
756.262268 729.413513
756.665405 706.970032
757.068542 843.875305
757.47168 709.214355
757.874634 940.382324
758.277588 1719.171509
758.68042 2219.661377
759.083374 2477.761475
759.486084 4066.760742
759.888916 6569.210449
760.291504 7828.290039
760.694214 7179.67334
761.096802 5258.510254
761.499268 3992.697266
761.901733 2991.717529
762.304199 2392.476318
762.706543 2042.357788
763.108826 1793.234985
763.511108 1465.560059
763.913208 1137.88501
764.315369 1048.111084
764.717529 805.721375
765.119568 868.563171
765.521545 834.897888
765.923462 686.770874
766.325317 774.300476
766.727112 745.123962
767.128845 792.25531
767.530518 724.924805
767.932251 886.517944
768.333862 1039.133667
768.735413 1277.034668
769.136841 1609.198364
769.538269 1741.61499
769.939636 1667.551514
770.341003 1364.564331
770.742249 1218.681641
771.143433 1153.595459
771.544617 1009.957153
771.94574 884.273621
772.346802 906.717102
772.747803 855.097046
773.148682 828.164856
773.549622 850.608337
773.950439 857.341431
774.351196 781.033508
774.751892 819.1875
775.152588 783.277893
775.553162 834.897888
775.953735 942.626709
776.354309 760.834412
776.754639 689.015198
777.15509 727.169128
777.55542 695.748291
777.95575 662.083008
778.355896 671.060425
778.756104 747.368286
779.156189 751.856995
779.556274 731.657837
779.956299 646.372559
780.356201 720.436096
780.756165 751.856995
781.156006 790.010925
781.555786 731.657837
781.955505 778.789185
782.355225 765.32312
782.754761 751.856995
783.154358 763.078735
783.553894 709.214355
783.953369 632.906494
784.352783 673.304749
784.752075 899.98407
785.151367 1124.418945
785.550598 1290.500854
785.949768 1382.519165
786.348877 1081.776367
786.747986 1000.979736
787.147034 917.938843
787.545959 778.789185
787.944885 866.318787
788.34375 893.250977
788.742493 718.191772
789.141235 704.725647
789.539917 727.169128
789.938538 693.503906
790.337158 646.372559
790.735718 760.834412
791.134094 646.372559
791.532532 763.078735
791.930847 769.811768
792.329224 776.544861
792.727417 691.259583
793.12561 720.436096
793.523682 641.883911
793.921753 697.992615
794.319824 695.748291
794.717773 702.481323
795.115723 769.811768
795.51355 733.902222
795.911377 812.454407
796.309082 830.409241
796.706787 706.970032
797.10437 781.033508
797.501953 772.056152
797.899536 675.549133
798.296936 666.571716
798.694397 689.015198
799.091736 742.879578
799.489014 673.304749
799.88623 828.164856
800.283447 738.39093
800.680542 787.766602
801.077637 680.037842
801.47467 693.503906
801.871643 722.680481
802.268555 702.481323
802.665405 686.770874
803.062256 781.033508
803.458923 680.037842
803.855652 733.902222
804.252258 803.477051
804.648804 706.970032
805.04541 823.676147
805.441833 1048.111084
805.838257 1171.550293
806.234619 1169.305908
806.630859 1084.02063
807.0271 922.427551
807.423279 859.585754
807.819458 828.164856
808.215515 839.386597
808.611572 859.585754
809.007507 873.05188
809.403381 987.513672
809.799194 1645.108032
810.195068 2731.373047
810.590759 5689.425293
810.98645 8788.87207
811.38208 10723.500977
811.777649 9471.15332
812.173157 7134.786133
812.568665 5274.220703
812.96405 4194.688965
813.359375 3330.614258
813.754639 2791.970459
814.149841 2221.905762
814.545105 1651.841064
814.940186 1321.921753
815.335266 1086.265015
815.730347 992.00238
816.125244 763.078735
816.520203 899.98407
816.914978 706.970032
817.309753 666.571716
817.704468 778.789185
818.099182 953.84845
818.493774 1348.853882
818.888367 1808.945435
819.282898 1972.782959
819.677307 1669.795776
820.071716 1418.428711
820.466003 1153.595459
820.860291 1101.975464
821.254517 1059.332886
821.648743 899.98407
822.042786 843.875305
822.43689 834.897888
822.830872 837.142273
823.224792 729.413513
823.618774 792.25531
824.012512 637.395203
824.406311 657.594299
824.799988 657.594299
825.193665 742.879578
825.58728 1039.133667
825.980835 1571.044434
826.374329 1773.035889
826.767761 1784.25769
827.161194 1425.161743
827.554443 1496.980957
827.947754 1308.455566
828.340942 1268.057373
828.734131 1330.899048
829.127136 1885.253418
829.520264 2632.621582
829.913208 2998.450684
830.306152 2888.477539
830.699097 2212.928467
831.091797 1730.393311
831.484619 1398.229614
831.877319 1389.252197
832.27002 1144.618164
832.662537 1054.844116
833.055054 857.341431
833.44751 983.024963
833.839966 772.056152
834.232361 745.123962
834.624634 686.770874
835.016907 740.635254
835.409058 715.947388
835.801208 666.571716
836.193298 655.349976
836.585327 754.101318
836.977295 689.015198
837.369202 653.105652
837.761047 657.594299
838.152832 713.703064
838.544617 695.748291
838.936218 720.436096
839.327942 722.680481
839.719421 745.123962
840.111023 790.010925
840.50238 738.39093
840.89386 657.594299
841.285217 756.345703
841.676453 776.544861
842.067749 695.748291
842.458862 747.368286
842.849976 641.883911
843.241028 720.436096
843.632019 691.259583
844.022949 664.327393
844.413879 644.128235
844.804749 715.947388
845.195496 639.639526
845.586182 740.635254
845.976807 641.883911
846.367432 659.838684
846.757996 713.703064
847.148499 783.277893
847.538879 715.947388
847.92926 709.214355
848.319641 801.232666
848.709839 664.327393
849.100098 774.300476
849.490234 682.282166
849.88031 760.834412
850.270325 861.830078
850.660339 949.359741
851.050171 1012.201538
851.440125 906.717102
851.829895 848.364014
852.219604 879.784912
852.609314 828.164856
852.998901 774.300476
853.38855 720.436096
853.778015 787.766602
854.16748 738.39093
854.556885 697.992615
854.946228 722.680481
855.335571 718.191772
855.724731 697.992615
856.113953 675.549133
856.503052 684.526489
856.892151 740.635254
857.281067 738.39093
857.670105 644.128235
858.05896 691.259583
858.447754 722.680481
858.836609 823.676147
859.225281 769.811768
859.613892 740.635254
860.002502 623.929077
860.391052 733.902222
860.779541 715.947388
861.167969 709.214355
861.556335 722.680481
861.944702 655.349976
862.332947 655.349976
862.721069 711.458679
863.109253 693.503906
863.497314 684.526489
863.885376 740.635254
864.273315 657.594299
864.661255 650.861267
865.049072 693.503906
865.43689 686.770874
865.824707 785.522217
866.21228 709.214355
866.599915 704.725647
866.987488 630.662109
867.375061 677.793457
867.762451 751.856995
868.149841 626.173462
868.53717 666.571716
868.924438 693.503906
869.311707 722.680481
869.698853 697.992615
870.085938 704.725647
870.472961 715.947388
870.859985 724.924805
871.246887 760.834412
871.633789 745.123962
872.020569 751.856995
872.407349 839.386597
872.794067 668.816101
873.180725 718.191772
873.567322 781.033508
873.953796 790.010925
874.340332 749.612671
874.726624 706.970032
875.113037 662.083008
875.499329 630.662109
875.885559 691.259583
876.271729 689.015198
876.657898 920.183167
877.044006 1609.198364
877.429932 2226.394531
877.815918 2578.757324
878.201782 2177.018799
878.587585 1977.271729
878.973389 1636.130615
879.35907 1488.00354
879.744751 1232.147705
880.13031 1099.731079
880.51593 846.11969
880.901367 742.879578
881.286804 774.300476
881.67218 781.033508
882.057434 621.684753
882.442749 668.816101
882.827942 704.725647
883.213013 644.128235
883.598145 700.236938
883.983154 724.924805
884.368042 659.838684
884.753052 610.463013
885.137817 619.440369
885.522644 731.657837
885.907349 682.282166
886.292053 664.327393
886.676636 751.856995
887.061157 715.947388
887.44574 722.680481
887.830078 740.635254
888.214539 745.123962
888.598816 778.789185
888.983093 781.033508
889.367249 662.083008
889.751465 666.571716
890.135498 722.680481
890.519531 666.571716
890.903503 664.327393
891.287415 803.477051
891.671326 828.164856
892.055054 1243.369507
892.438843 1784.25769
892.82251 2145.5979
893.206116 2284.747559
893.589661 1865.054199
893.973206 1555.333984
894.356628 1445.360962
894.73999 1299.478271
895.123352 1101.975464
895.506592 812.454407
895.889832 706.970032
896.272949 749.612671
896.656067 740.635254
897.039063 700.236938
897.422058 653.105652
897.804993 632.906494
898.187866 711.458679
898.570618 637.395203
898.953369 612.707336
899.336121 677.793457
899.718689 691.259583
900.101257 713.703064
900.483704 693.503906
900.866211 655.349976
901.248596 666.571716
901.63092 713.703064
902.013184 655.349976
902.395386 632.906494
902.777588 617.196045
903.159668 697.992615
903.541687 614.951721
903.923645 668.816101
904.305603 608.218628
904.6875 693.503906
905.069275 610.463013
905.45105 718.191772
905.832642 657.594299
906.214294 731.657837
906.595825 695.748291
906.977417 677.793457
907.358826 745.123962
907.740234 704.725647
908.121582 722.680481
908.502869 740.635254
908.884033 713.703064
909.265198 650.861267
909.646301 731.657837
910.027344 666.571716
910.408325 796.743958
910.789246 709.214355
911.170105 713.703064
911.550903 718.191772
911.931641 635.150818
912.312317 641.883911
912.692932 637.395203
913.073547 689.015198
913.453979 612.707336
913.834473 664.327393
914.214783 702.481323
914.595154 756.345703
914.975464 686.770874
915.355652 740.635254
915.73584 828.164856
916.115845 763.078735
916.495972 657.594299
916.875854 695.748291
917.255859 733.902222
917.63562 675.549133
918.015503 783.277893
918.395203 760.834412
918.774902 682.282166
919.15448 561.08728
919.534058 877.540527
919.913574 664.327393
920.292969 659.838684
920.672363 675.549133
921.051636 673.304749
921.430969 711.458679
921.810181 731.657837
922.189331 659.838684
922.56842 675.549133
922.947388 760.834412
923.326416 632.906494
923.705261 641.883911
924.084106 848.364014
924.462891 706.970032
924.841675 680.037842
925.220337 675.549133
925.598938 713.703064
925.977478 814.698792
926.355957 693.503906
926.734436 635.150818
927.112732 774.300476
927.491089 693.503906
927.869324 704.725647
928.247559 738.39093
928.625671 702.481323
929.003723 731.657837
929.381775 706.970032
929.759705 579.042114
930.137634 632.906494
930.515381 680.037842
930.89325 751.856995
931.270935 691.259583
931.64856 632.906494
932.026123 700.236938
932.403687 659.838684
932.78125 704.725647
933.15863 897.739685
933.536011 605.974304
933.913208 680.037842
934.290527 664.327393
934.667664 803.477051
935.0448 675.549133
935.421814 722.680481
935.798889 715.947388
936.175842 673.304749
936.552673 653.105652
936.929504 693.503906
937.306274 650.861267
937.683044 639.639526
938.05957 666.571716
938.436218 812.454407
938.812744 718.191772
939.189148 702.481323
939.565613 657.594299
939.941956 671.060425
940.318237 709.214355
940.694458 720.436096
941.070557 644.128235
941.446655 724.924805
941.822693 722.680481
942.198669 731.657837
942.574646 711.458679
942.950562 689.015198
943.326294 680.037842
943.702026 697.992615
944.077698 675.549133
944.453369 700.236938
944.828918 662.083008
945.204468 733.902222
945.579834 747.368286
945.955261 760.834412
946.330627 655.349976
946.705811 702.481323
947.081055 675.549133
947.456177 740.635254
947.831238 662.083008
948.206238 697.992615
948.581238 659.838684
948.956116 632.906494
949.330933 635.150818
949.705811 668.816101
950.080505 619.440369
950.455139 677.793457
950.829773 675.549133
951.204346 922.427551
951.578735 864.074463
951.953186 731.657837
952.327515 635.150818
952.701843 704.725647
953.076172 677.793457
953.450195 617.196045
953.824341 610.463013
954.198486 614.951721
954.572449 736.146545
954.94635 621.684753
955.320251 668.816101
955.694092 641.883911
956.067871 653.105652
956.441589 745.123962
956.815125 653.105652
957.188721 601.485596
957.562256 682.282166
957.93573 704.725647
958.309021 599.241272
958.682373 626.173462
959.055664 653.105652
959.428955 673.304749
959.802063 650.861267
960.17511 760.834412
960.548157 691.259583
960.921143 637.395203
961.294128 713.703064
961.666809 686.770874
962.039612 693.503906
962.412415 648.616943
962.785095 635.150818
963.157715 700.236938
963.530151 630.662109
963.902649 704.725647
964.275146 673.304749
964.647522 664.327393
965.019714 632.906494
965.392029 675.549133
965.76416 666.571716
966.136292 691.259583
966.508423 614.951721
966.880371 641.883911
967.252319 738.39093
967.624207 697.992615
967.996094 668.816101
968.367737 722.680481
968.739441 689.015198
969.111084 709.214355
969.482666 592.508179
969.854248 655.349976
970.225586 650.861267
970.596985 677.793457
970.968323 677.793457
971.339661 704.725647
971.710754 715.947388
972.081909 774.300476
972.453064 668.816101
972.824097 877.540527
973.194946 614.951721
973.565918 686.770874
973.936768 695.748291
974.307556 646.372559
974.678284 711.458679
975.048828 756.345703
975.419495 754.101318
975.790039 747.368286
976.160522 668.816101
976.530884 684.526489
976.901245 724.924805
977.271606 727.169128
977.641846 823.676147
978.012024 718.191772
978.382019 677.793457
978.752136 814.698792
979.122131 718.191772
979.492065 659.838684
979.861877 635.150818
980.231689 653.105652
980.60144 632.906494
980.971191 655.349976
981.34082 691.259583
981.710266 671.060425
982.079773 724.924805
982.44928 686.770874
982.818604 697.992615
983.187866 713.703064
983.557129 603.729919
983.926331 646.372559
984.295471 623.929077
984.664612 648.616943
985.033569 745.123962
985.402527 671.060425
985.771362 718.191772
986.140259 745.123962
986.508911 749.612671
986.877625 715.947388
987.246277 650.861267
987.614929 686.770874
987.983459 738.39093
988.351807 697.992615
988.720215 666.571716
989.088623 549.86554
989.456909 677.793457
989.825012 731.657837
990.193115 644.128235
990.561279 666.571716
990.929321 664.327393
991.297302 693.503906
991.6651 644.128235
992.03302 715.947388
992.400818 563.331665
992.768494 754.101318
993.136047 655.349976
993.503723 662.083008
993.871277 724.924805
994.23877 720.436096
994.60614 614.951721
994.97345 567.820374
995.340759 630.662109
995.708008 655.349976
996.075195 684.526489
996.4422 635.150818
996.809265 628.417786
997.17627 612.707336
997.543152 796.743958
997.910095 684.526489
998.276733 700.236938
998.643494 650.861267
999.010193 570.064697
999.376831 713.703064
999.743286 655.349976
1000.109802 742.879578
1000.476257 677.793457
1000.842651 657.594299
1001.208923 738.39093
1001.575134 639.639526
1001.941284 621.684753
1002.307434 590.263855
1002.673523 668.816101
1003.039429 662.083008
1003.405334 733.902222
1003.771179 579.042114
1004.137024 650.861267
1004.502808 610.463013
1004.868408 619.440369
1005.234009 673.304749
1005.599609 722.680481
1005.965149 684.526489
1006.330444 639.639526
1006.695862 671.060425
1007.061218 632.906494
1007.426453 702.481323
1007.791626 673.304749
1008.156677 671.060425
1008.521729 859.585754
1008.88678 599.241272
1009.251709 655.349976
1009.616577 612.707336
1009.981384 680.037842
1010.34613 787.766602
1010.710754 713.703064
1011.075439 763.078735
1011.439941 646.372559
1011.804443 729.413513
1012.168884 680.037842
1012.533325 635.150818
1012.897522 781.033508
1013.26178 1045.866699
1013.626038 1310.699951
1013.990112 1326.4104
1014.354187 1292.745117
1014.71814 1018.93457
1015.082153 1003.224121
1015.446045 915.694519
1015.809937 935.893616
1016.173523 814.698792
1016.53717 830.409241
1016.900879 769.811768
1017.264404 657.594299
1017.627991 727.169128
1017.991333 657.594299
1018.354675 659.838684
1018.718018 632.906494
1019.081299 680.037842
1019.444397 677.793457
1019.807495 635.150818
1020.170593 623.929077
1020.533691 657.594299
1020.896606 554.354248
1021.25946 673.304749
1021.622253 581.286438
1021.985046 650.861267
1022.347778 715.947388
1022.710327 668.816101
1023.072876 639.639526
1023.435364 635.150818
1023.797852 686.770874
1024.160278 585.775146
1024.522461 592.508179
1024.884766 639.639526
1025.246948 650.861267
1025.609131 621.684753
1025.971069 655.349976
1026.33313 673.304749
1026.694946 720.436096
1027.056885 830.409241
1027.418823 671.060425
1027.780396 695.748291
1028.14209 648.616943
1028.503784 641.883911
1028.865479 608.218628
1029.226807 632.906494
1029.588135 626.173462
1029.949707 619.440369
1030.310913 662.083008
1030.672241 655.349976
1031.033325 675.549133
1031.394531 713.703064
1031.755493 659.838684
1032.116577 621.684753
1032.477417 769.811768
1032.838257 843.875305
1033.199097 621.684753
1033.559937 742.879578
1033.920654 650.861267
1034.281128 686.770874
1034.641724 751.856995
1035.002197 704.725647
1035.362671 711.458679
1035.7229 706.970032
1036.083252 655.349976
1036.443481 641.883911
1036.803711 697.992615
1037.16394 790.010925
1037.523804 733.902222
1037.883789 623.929077
1038.243774 675.549133
1038.603638 689.015198
1038.963257 682.282166
1039.32312 655.349976
1039.682861 668.816101
