1883.01102 0.0
1887.64923 0.0
1892.28699 428.670715
1896.92459 430.915039
1901.56158 406.227203
1906.19812 424.182007
1910.83435 637.395203
1915.47043 484.779449
1920.1059 493.756836
1924.74091 2336.367676
1929.37561 621.684753
1934.01001 617.196045
1938.6441 605.974304
1943.27759 603.729919
1947.91077 621.684753
1952.54349 547.621216
1957.17575 531.910767
1961.80786 596.996887
1966.43951 610.463013
1971.07071 507.222931
1975.70145 574.553406
1980.33203 579.042114
1984.96216 576.797729
1989.59167 594.752563
1994.22089 520.689026
1998.84979 531.910767
2003.47855 596.996887
2008.10654 603.729919
2012.73422 574.553406
2017.3616 686.770874
2021.98853 527.422058
2026.61514 601.485596
2031.2413 482.535095
2035.867 711.458679
2040.4924 662.083008
2045.11734 531.910767
2049.74197 563.331665
2054.36615 527.422058
2058.99002 588.019531
2063.61343 671.060425
2068.23654 579.042114
2072.85919 623.929077
2077.48123 487.023773
2082.10327 558.842957
2086.72485 590.263855
2091.34583 464.580292
2095.96649 522.93335
2100.5867 531.910767
2105.20676 504.978577
2109.82635 536.399475
2114.44534 603.729919
2119.06403 655.349976
2123.6824 632.906494
2128.30048 547.621216
2132.91779 588.019531
2137.53494 466.824646
2142.15179 493.756836
2146.76819 430.915039
2151.38412 583.530823
2155.9996 572.309082
2160.61493 592.508179
2165.22949 570.064697
2169.84406 482.535095
2174.45801 558.842957
2179.07166 583.530823
2183.68484 525.177734
2188.29773 610.463013
2192.91031 565.575989
2197.52228 565.575989
2202.13379 572.309082
2206.745 484.779449
2211.35574 567.820374
2215.96634 538.643799
2220.57648 529.666443
2225.186 511.711639
2229.79553 574.553406
2234.4043 536.399475
2239.01276 529.666443
2243.62076 547.621216
2248.22845 579.042114
2252.83569 543.132507
2257.44278 574.553406
2262.0491 565.575989
2266.65512 516.200317
2271.26114 574.553406
2275.86639 498.245544
2280.47119 563.331665
2285.07568 592.508179
2289.67972 473.557678
2294.28345 581.286438
2298.88687 529.666443
2303.48984 563.331665
2308.09219 507.222931
2312.6944 489.268127
2317.29614 480.290741
2321.89758 500.489868
2326.49841 588.019531
2331.09894 556.598633
2335.69901 574.553406
2340.29892 680.037842
2344.89822 588.019531
2349.49707 540.888184
2354.09561 628.417786
2358.69385 565.575989
2363.29163 552.109924
2367.88895 554.354248
2372.48581 543.132507
2377.08237 554.354248
2381.67847 572.309082
2386.27441 637.395203
2390.8696 466.824646
2395.46463 675.549133
2400.0592 617.196045
2404.65332 502.734222
2409.24698 603.729919
2413.84033 583.530823
2418.43338 574.553406
2423.02597 529.666443
2427.6181 691.259583
2432.20993 531.910767
2436.80115 650.861267
2441.39221 500.489868
2445.98282 572.309082
2450.57297 496.00119
2455.16266 601.485596
2459.75189 439.892456
2464.34082 581.286438
2468.92944 574.553406
2473.51761 527.422058
2478.10516 724.924805
2482.69272 585.775146
2487.27951 691.259583
2491.866 549.86554
2496.45218 473.557678
2501.0379 585.775146
2505.62317 507.222931
2510.20813 500.489868
2514.79279 480.290741
2519.37668 579.042114
2523.96057 516.200317
2528.54385 493.756836
2533.12683 563.331665
2537.7092 525.177734
2542.29126 469.069
2546.87302 507.222931
2551.45432 579.042114
2556.035 457.84726
2560.61584 498.245544
2565.19592 540.888184
2569.7757 565.575989
2574.35455 603.729919
2578.93372 617.196045
2583.51196 540.888184
2588.0899 563.331665
2592.66754 484.779449
2597.24487 792.25531
2601.8219 641.883911
2606.39832 565.575989
2610.97443 536.399475
2615.54993 603.729919
2620.12512 612.707336
2624.69971 496.00119
2629.27429 592.508179
2633.84827 572.309082
2638.42194 525.177734
2642.9953 509.467285
2647.56805 529.666443
2652.1405 547.621216
2656.71234 729.413513
2661.28387 547.621216
2665.8551 500.489868
2670.42572 536.399475
2674.99573 496.00119
2679.56604 596.996887
2684.13574 711.458679
2688.70483 594.752563
2693.27362 491.512482
2697.8418 534.15509
2702.40936 693.503906
2706.97693 509.467285
2711.54419 554.354248
2716.11053 516.200317
2720.67688 623.929077
2725.24292 592.508179
2729.80835 464.580292
2734.37347 603.729919
2738.93799 543.132507
2743.5025 563.331665
2748.0661 558.842957
2752.62939 603.729919
2757.19238 646.372559
2761.75507 614.951721
2766.31714 603.729919
2770.87891 527.422058
2775.44067 529.666443
2780.00122 482.535095
2784.56177 704.725647
2789.12201 639.639526
2793.68164 520.689026
2798.24097 491.512482
2802.79968 554.354248
2807.3584 455.602905
2811.9162 531.910767
2816.474 529.666443
2821.03149 614.951721
2825.58838 596.996887
2830.14465 572.309082
2834.70062 603.729919
2839.25629 552.109924
2843.81134 513.955994
2848.36639 540.888184
2852.92053 664.327393
2857.47467 516.200317
2862.0282 451.114197
2866.58142 617.196045
2871.13434 563.331665
2875.68634 558.842957
2880.23804 556.598633
2884.78973 466.824646
2889.34113 496.00119
2893.8913 608.218628
2898.44208 504.978577
2902.99164 462.335938
2907.54089 509.467285
2912.08984 594.752563
2916.63879 605.974304
2921.18683 563.331665
2925.73456 570.064697
2930.28198 538.643799
2934.82849 509.467285
2939.37561 480.290741
2943.92151 790.010925
2948.46741 644.128235
2953.01239 473.557678
2957.55737 576.797729
2962.10175 500.489868
2966.64581 491.512482
2971.18958 448.869843
2975.73242 507.222931
2980.27557 576.797729
2984.81812 605.974304
2989.35974 520.689026
2993.90137 614.951721
2998.44238 632.906494
3002.9834 623.929077
3007.5235 511.711639
3012.0636 529.666443
3016.60278 617.196045
3021.14197 545.376892
3025.68054 545.376892
3030.21881 664.327393
3034.75677 574.553406
3039.29413 527.422058
3043.83118 704.725647
3048.36761 641.883911
3052.90375 677.793457
3057.43958 549.86554
3061.9751 513.955994
3066.5097 644.128235
3071.04431 588.019531
3075.578 621.684753
3080.11169 554.354248
3084.64508 511.711639
3089.17755 594.752563
3093.71063 561.08728
3098.24219 599.241272
3102.77374 579.042114
3107.30499 511.711639
3111.83563 549.86554
3116.36597 596.996887
3120.89569 480.290741
3125.42511 754.101318
3129.95422 552.109924
3134.48273 534.15509
3139.01093 605.974304
3143.53882 619.440369
3148.0658 563.331665
3152.59308 596.996887
3157.11975 504.978577
3161.64581 612.707336
3166.17126 590.263855
3170.69672 561.08728
3175.22156 531.910767
3179.74579 502.734222
3184.27002 579.042114
3188.79333 664.327393
3193.31665 574.553406
3197.83936 473.557678
3202.36176 516.200317
3206.88354 588.019531
3211.40503 504.978577
3215.92651 610.463013
3220.44647 576.797729
3224.96704 592.508179
3229.48639 567.820374
3234.00604 659.838684
3238.52509 648.616943
3243.04352 572.309082
3247.56165 619.440369
3252.07916 579.042114
3256.59668 552.109924
3261.11328 534.15509
3265.62988 588.019531
3270.14557 632.906494
3274.66156 617.196045
3279.17664 540.888184
3283.6911 525.177734
3288.20557 588.019531
3292.71942 534.15509
3297.23297 518.444702
3301.74561 601.485596
3306.25854 605.974304
3310.77026 538.643799
3315.28229 635.150818
3319.7937 552.109924
3324.3045 572.309082
3328.815 498.245544
3333.32489 540.888184
3337.83478 653.105652
3342.34406 554.354248
3346.85303 614.951721
3351.36078 478.046387
3355.86914 572.309082
3360.37659 657.594299
3364.88342 487.023773
3369.39026 529.666443
3373.89648 525.177734
3378.4024 579.042114
3382.90771 650.861267
3387.41272 583.530823
3391.91681 689.015198
3396.4212 603.729919
3400.92468 608.218628
3405.42816 547.621216
3409.93103 574.553406
3414.43329 581.286438
3418.93555 507.222931
3423.43689 572.309082
3427.93793 565.575989
3432.43866 513.955994
3436.93878 570.064697
3441.4389 579.042114
3445.93842 626.173462
3450.43732 556.598633
3454.93591 558.842957
3459.43359 599.241272
3463.93158 536.399475
3468.42896 525.177734
3472.92542 507.222931
3477.42218 549.86554
3481.91803 493.756836
3486.41357 540.888184
3490.90881 547.621216
3495.40314 460.091583
3499.89777 617.196045
3504.39148 554.354248
3508.88489 558.842957
3513.37799 720.436096
3517.87048 496.00119
3522.36267 581.286438
3526.85425 572.309082
3531.34552 516.200317
3535.83649 547.621216
3540.32684 538.643799
3544.81659 612.707336
3549.30634 572.309082
3553.79517 525.177734
3558.2843 590.263855
3562.77222 585.775146
3567.26013 536.399475
3571.74774 653.105652
3576.23444 570.064697
3580.72113 547.621216
3585.20721 534.15509
3589.69299 545.376892
3594.17786 511.711639
3598.66302 605.974304
3603.14697 538.643799
3607.63123 585.775146
3612.11456 590.263855
3616.5976 534.15509
3621.08032 648.616943
3625.56244 558.842957
3630.04456 534.15509
3634.52576 585.775146
3639.00696 534.15509
3643.48663 572.309082
3647.96722 473.557678
3652.4469 552.109924
3656.92596 520.689026
3661.40472 500.489868
3665.88287 554.354248
3670.36102 498.245544
3674.83826 518.444702
3679.31549 619.440369
3683.79181 556.598633
3688.26843 516.200317
3692.74384 473.557678
3697.21924 630.662109
3701.69403 599.241272
3706.16821 561.08728
3710.6427 558.842957
3715.11566 511.711639
3719.58923 614.951721
3724.06158 608.218628
3728.53424 511.711639
3733.00568 621.684753
3737.47711 621.684753
3741.94794 552.109924
3746.41846 522.93335
3750.88898 540.888184
3755.35828 623.929077
3759.82758 522.93335
3764.29596 594.752563
3768.76465 525.177734
3773.23242 630.662109
3777.69989 579.042114
3782.16675 516.200317
3786.6333 484.779449
3791.09985 547.621216
3795.56519 657.594299
3800.03052 570.064697
3804.49524 496.00119
3808.95996 536.399475
3813.42377 585.775146
3817.88727 536.399475
3822.35046 507.222931
3826.81274 617.196045
3831.27533 475.802032
3835.73669 561.08728
3840.19836 585.775146
3844.65912 500.489868
3849.11957 614.951721
3853.57971 493.756836
3858.03925 455.602905
3862.49847 525.177734
3866.95679 561.08728
3871.41541 531.910767
3875.87311 610.463013
3880.33051 621.684753
3884.78729 572.309082
3889.24408 534.15509
3893.69995 617.196045
3898.15552 520.689026
3902.61078 673.304749
3907.06543 706.970032
3911.52008 614.951721
3915.97351 525.177734
3920.42725 563.331665
3924.87976 549.86554
3929.33289 480.290741
3933.78479 500.489868
3938.23639 547.621216
3942.68768 516.200317
3947.13837 684.526489
3951.58905 509.467285
3956.03851 543.132507
3960.48798 543.132507
3964.93683 635.150818
3969.38568 558.842957
3973.83392 565.575989
3978.28156 554.354248
3982.72888 556.598633
3987.1756 502.734222
3991.62201 527.422058
3996.06781 540.888184
4000.51361 538.643799
4004.95819 626.173462
4009.40308 540.888184
4013.84705 610.463013
4018.29102 657.594299
4022.73438 680.037842
4027.17682 588.019531
4031.61926 646.372559
4036.0611 592.508179
4040.50293 605.974304
4044.94385 549.86554
4049.38446 579.042114
4053.82477 659.838684
4058.26447 657.594299
4062.70386 691.259583
4067.14233 772.056152
4071.58081 749.612671
4076.01868 695.748291
4080.45624 794.499634
4084.89319 834.897888
4089.33014 769.811768
4093.76617 776.544861
4098.2019 832.653564
4102.63702 976.291931
4107.07184 933.649292
4111.50635 884.273621
4115.94025 971.803223
4120.37384 985.269287
4124.80682 1077.287598
4129.23981 992.00238
4133.67126 1104.219849
4138.10333 1057.088501
4142.53479 1236.636475
4146.96533 1220.926025
4151.39587 1261.324219
4155.82581 1467.804443
4160.25543 1458.827026
4164.68414 1519.424438
4169.11285 1553.089722
4173.54065 1777.524658
4177.96875 1689.994995
4182.39594 1797.723755
4186.82281 1880.764648
4191.24908 1867.298584
4195.67505 2141.109131
4200.10071 2188.240479
4204.52545 2248.837891
4208.9502 2387.987549
4213.37372 2619.155518
4217.79785 2897.454834
4222.22107 2973.762695
4226.64368 3065.781006
4231.06628 3117.401123
4235.48798 3195.953369
4239.90967 3422.632568
4244.33044 3727.864014
4248.75092 3817.637939
4253.17078 4064.516357
4257.59064 4405.657715
4262.00989 4432.589844
4266.42853 4609.893555
4270.84686 4814.128906
4275.26459 5085.695313
4279.68201 5078.962402
4284.09912 5375.216309
4288.51563 5799.398438
4292.93121 5671.470703
4297.34711 6030.566406
4301.76239 6160.73877
4306.17706 6645.518066
4310.59113 6771.20166
4315.00488 7009.102539
4319.41833 7379.42041
4323.83087 7751.982422
4328.24341 8050.480957
4332.65533 8586.879883
4337.06726 8746.228516
4341.47827 8997.595703
4345.88867 9560.927734
4350.29877 9944.711914
4354.70825 10065.90625
4359.11804 10546.197266
4363.52661 11188.081055
4367.93518 11475.357422
4372.34283 11881.584961
4376.75049 12276.59082
4381.15723 12599.776367
4385.56396 13340.412109
4389.9704 13865.589844
4394.37561 14428.920898
4398.78113 14545.626953
4403.18573 14965.320313
4407.59033 15230.154297
4411.99341 15640.870117
4416.39709 15858.571289
4420.79956 16163.803711
4425.20264 16495.966797
4429.6051 16623.894531
4434.00604 16406.193359
4438.40759 16466.791016
4442.80762 16601.451172
4447.20825 16547.587891
4451.60767 16365.794922
4456.00739 16242.355469
4460.40558 15600.47168
4464.80438 15221.176758
4469.20258 15340.126953
4473.59955 14399.745117
4477.99713 14433.410156
4482.39319 13769.083008
4486.78955 13475.073242
4491.185 13138.420898
4495.58014 12415.740234
4499.97498 11780.588867
4504.36951 11437.204102
4508.76343 10995.067383
4513.15674 10586.595703
4517.54974 9913.291016
4521.94183 9682.123047
4526.33392 9235.49707
4530.7251 8672.165039
4535.11688 8169.431152
4539.50684 8077.413086
4543.8974 7525.303223
4548.28735 7374.931641
4552.67639 6777.93457
4557.06543 6517.590332
4561.45325 6367.21875
4565.84137 6061.987305
4570.22858 5682.692383
4574.61578 5478.456543
4579.00208 5231.578125
4583.38867 5034.075195
4587.77405 4933.07959
4592.15912 4924.102051
4596.54388 4683.957031
4600.92773 4486.454102
4605.31189 4080.226807
4609.69513 4136.335449
4614.07806 4192.444336
4618.46008 3981.475586
4622.84241 3826.615479
4627.22351 3783.9729
4631.60461 3667.266602
4635.98541 3653.800537
4640.3653 3617.890869
4644.74518 3326.125488
4649.12384 3276.75
4653.50281 3272.26123
4657.88086 3299.193359
4662.25891 3002.939209
4666.63605 3151.066406
4671.01318 3148.822021
4675.39001 2928.875732
4679.76563 3029.871582
4684.14124 2742.594727
4688.51593 2922.142822
4692.89063 2738.105957
4697.2644 2684.241699
4701.63849 2578.757324
4706.01135 2677.508545
4710.38422 2720.151367
4714.75677 2549.580811
4719.12811 2421.652832
4723.50006 2480.005859
4727.87048 2612.422607
4732.24121 2520.404297
4736.61072 2515.915527
4740.98053 2558.558105
4745.34943 2480.005859
4749.71802 2493.471924
4754.0863 2464.29541
4758.45367 2531.625977
4762.82104 2497.960693
4767.1875 2363.299805
4771.55426 2560.80249
4775.91949 2585.490234
4780.28503 2632.621582
4784.64966 2585.490234
4789.01428 2621.399902
4793.3786 2408.186768
4797.7417 2565.29126
4802.1051 2518.159912
4806.46698 2554.069336
4810.82947 2639.354736
4815.19073 2601.200684
4819.552 2639.354736
4823.91266 2670.775635
4828.27301 2711.173828
4832.63306 2769.526855
4836.99188 2879.5
4841.35101 2881.744385
4845.70923 2955.807861
4850.06744 2888.477539
4854.42413 2971.518311
4858.78174 3148.822021
4863.13782 3099.446289
4867.4939 3193.708984
4871.84998 3166.776855
4876.20453 3332.858643
4880.55939 3364.279541
4884.91333 3377.745605
4889.26727 3480.985596
4893.6203 3689.710205
4897.97302 3685.221436
4902.32513 3878.235596
4906.67755 3867.013672
4911.02905 4136.335449
4915.37964 4125.11377
4919.73022 4371.992188
4924.0799 4511.14209
4928.42957 4556.028809
4932.77832 4654.780273
4937.12738 4766.997559
4941.47491 5094.672852
4945.82275 5197.913086
4950.17029 5397.660156
4954.5166 5408.881836
4958.86292 5514.366211
4963.20831 5808.375977
4967.55402 5969.96875
4971.8985 6097.896973
4976.24298 6239.291016
4980.58655 6483.924805
4984.93042 6638.785156
4989.27368 6863.220215
4993.61572 7152.741211
4997.95807 7397.375
5002.29919 7554.479492
5006.64063 8093.123535
5010.98083 7969.684082
5015.32104 8250.227539
5019.66064 8553.214844
5023.99994 8755.206055
5028.33893 9062.682617
5032.677 9347.714844
5037.01477 9417.289063
5041.35193 9675.389648
5045.68909 10032.241211
5050.02502 10209.544922
5054.36127 10389.092773
5058.69629 10525.998047
5063.03162 11080.352539
5067.36603 11098.306641
5071.69983 11603.285156
5076.03363 11751.413086
5080.36621 12007.268555
5084.6994 12260.879883
5089.03107 12696.283203
5093.36304 12729.949219
5097.69379 13055.379883
5102.02484 13598.511719
5106.35529 13697.263672
5110.68481 14173.06543
5115.01434 14217.952148
5119.34265 14289.771484
5123.67126 15068.560547
5127.99927 14936.144531
5132.32605 14998.986328
5136.65344 15331.149414
5140.97961 15827.150391
5145.30579 15939.368164
5149.63135 16271.532227
5153.95691 16356.817383
5158.28064 16832.619141
5162.60498 16758.556641
5166.92871 17104.185547
5171.25183 17342.085938
5175.57373 17519.390625
5179.89624 17999.681641
5184.21753 18037.833984
5188.53943 18159.029297
5192.86072 18455.283203
5197.18018 18500.169922
5201.50024 19153.277344
5205.81909 19106.144531
5210.13855 19182.453125
5214.45679 19462.996094
5218.77502 19923.087891
5223.09204 19478.707031
5227.40906 19896.15625
5231.72546 20084.681641
5236.04187 20282.183594
5240.35767 20538.039063
5244.67224 20338.292969
5248.98682 20383.179688
5253.30078 20825.316406
5257.61475 21051.996094
5261.92749 20762.474609
5266.24023 21182.167969
5270.55237 21159.724609
5274.86389 21202.367188
5279.17542 21521.064453
5283.48572 21426.802734
5287.79663 21808.341797
5292.10571 21922.802734
5296.41541 21938.513672
5300.72388 22140.505859
5305.03235 21972.179688
5309.34082 22149.482422
5313.64746 22174.169922
5317.95532 22205.591797
5322.26135 22681.392578
5326.56738 22504.089844
5330.8728 22477.158203
5335.17822 22546.732422
5339.48242 22708.326172
5343.78662 22703.837891
5348.09082 22802.587891
5352.39319 23563.421875
5356.69617 23094.353516
5360.99792 22952.958984
5365.29968 22820.542969
5369.60083 22939.494141
5373.90137 23098.841797
5378.2019 22959.693359
5382.50183 23150.462891
5386.80115 23312.054688
5391.09985 23231.259766
5395.39795 23246.96875
5399.69543 23576.888672
5403.99292 23056.199219
5408.28979 23666.662109
5412.58606 23518.535156
5416.88171 23509.558594
5421.17737 23879.875
5425.47302 23383.875
5429.76685 23841.722656
5434.06128 23630.753906
5438.35388 23931.496094
5442.64771 23716.039063
5446.9397 23695.839844
5451.2323 24052.691406
5455.52307 23992.09375
5459.81506 24155.931641
5464.10583 24111.042969
5468.39539 23828.255859
5472.68555 24153.6875
5476.97449 24164.908203
5481.26282 23958.427734
5485.55054 24306.302734
5489.83887 24025.757813
5494.12598 24378.121094
5498.41309 24200.818359
5502.69958 24043.712891
5506.98486 24283.859375
5511.27075 24506.048828
5515.55481 24117.777344
5519.83948 24501.560547
5524.12292 24187.351563
5528.40698 24474.628906
5532.6886 24582.357422
5536.97205 24550.935547
5541.25366 24467.894531
5545.53467 24557.669922
5549.81628 24371.388672
5554.09607 24968.384766
5558.37646 24867.388672
5562.65564 25080.603516
5566.93481 24822.501953
5571.21338 24898.810547
5575.49133 24997.5625
5579.76929 25208.53125
5584.04602 25228.730469
5588.32275 25677.599609
5592.59888 25334.214844
5596.87439 25675.355469
5601.14929 25466.630859
5605.42419 25859.392578
5609.69788 25796.550781
5613.97156 25677.599609
5618.24524 25518.25
5622.5177 25834.705078
5626.79016 25700.042969
5631.0614 25816.75
5635.33264 25798.794922
5639.60327 25349.923828
5643.87329 25468.875
5648.14331 25641.689453
5652.41272 25352.169922
5656.68213 25612.513672
5660.94971 25347.679688
5665.2179 25040.205078
5669.48425 24979.607422
5673.75183 25372.369141
5678.01819 24981.851563
5682.28394 25044.693359
5686.54846 25024.494141
5690.81421 24948.185547
5695.07874 24640.710938
5699.34265 24622.755859
5703.60596 24813.525391
5707.86865 24595.824219
5712.13074 24521.759766
5716.39282 24510.537109
5720.6543 24131.242188
5724.91516 24261.416016
5729.17603 24299.568359
5733.43567 24324.257813
5737.69531 24283.859375
5741.95435 24279.369141
5746.21277 24041.46875
5750.47119 24034.736328
5754.72839 23792.345703
5758.9856 24313.035156
5763.24158 23751.947266
5767.49817 23875.386719
5771.75293 23729.503906
5776.0083 23668.90625
5780.26306 23632.998047
5784.51721 23388.363281
5788.77136 23105.576172
5793.02429 23314.300781
5797.27661 23585.865234
5801.52832 23545.46875
5805.78064 23278.390625
5810.03113 22957.449219
5814.28223 23083.132813
5818.53271 23422.029297
5822.78198 23062.933594
5827.03125 23107.820313
5831.2793 23327.765625
5835.52795 22975.402344
5839.77539 22869.917969
5844.02283 23002.335938
5848.26965 23024.779297
5852.51587 22499.601563
5856.76208 22513.066406
5861.00647 22780.144531
5865.25208 22510.822266
5869.49524 22178.660156
5873.73962 22737.501953
5877.98218 22562.443359
5882.22534 22075.419922
5886.46729 22506.333984
5890.70984 22158.460938
5894.95117 22122.550781
5899.19128 22400.849609
5903.43201 22156.214844
5907.67151 22028.287109
5911.91101 22075.419922
5916.1499 22185.392578
5920.38818 21747.744141
5924.62524 21693.878906
5928.86292 21696.125
5933.10059 21745.5
5937.33582 21736.521484
5941.57227 21588.394531
5945.8075 21150.748047
5950.04272 21258.476563
5954.27673 21323.5625
5958.51074 21496.376953
5962.74353 21083.416016
5966.97632 21204.611328
5971.20911 21013.841797
5975.44067 21247.253906
5979.67224 20600.880859
5983.9032 21202.367188
5988.13354 20971.199219
5992.36328 20517.839844
5996.59241 20389.912109
6000.82153 20313.605469
6005.05005 20419.089844
6009.27795 20342.78125
6013.50525 20185.677734
6017.73254 19783.939453
6021.95862 20086.925781
6026.18408 19925.332031
6030.40955 19514.617188
6034.6344 19671.720703
6038.85925 19721.097656
6043.0835 19379.955078
6047.30652 19254.271484
6051.52893 19245.294922
6055.75195 19229.583984
6059.97375 19103.900391
6064.19495 18931.085938
6068.41553 18966.996094
6072.63672 18749.292969
6076.85608 18812.134766
6081.07605 18836.822266
6085.2948 19016.371094
6089.51294 18619.121094
6093.73108 18399.175781
6097.948 18313.890625
6102.16553 18183.716797
6106.38123 18444.0625
6110.59753 18226.359375
6114.81262 18280.224609
6119.02832 17858.287109
6123.24219 18019.880859
6127.45605 17990.703125
6131.66931 17914.396484
6135.88196 18078.232422
6140.0946 17586.720703
6144.30664 17602.431641
6148.51807 17254.556641
6152.72827 17216.402344
6156.93909 17357.796875
6161.14929 17357.796875
6165.35889 17162.539063
6169.56787 16861.794922
6173.77563 16902.193359
6177.9834 16711.423828
6182.19055 16549.832031
6186.39832 16531.876953
6190.60364 16379.260742
6194.81018 16305.197266
6199.01611 15925.902344
6203.22083 15932.635742
6207.42493 15640.870117
6211.62842 15595.982422
6215.83191 15497.231445
6220.03418 15200.977539
6224.23706 15178.53418
6228.43872 14788.017578
6232.64038 14765.573242
6236.84143 14502.984375
6241.04126 14487.274414
6245.2417 14462.586914
6249.44031 13930.675781
6253.64014 13883.543945
6257.83752 13677.064453
6262.03552 13461.606445
6266.2323 13358.366211
6270.42969 13176.574219
6274.62585 13003.759766
6278.82141 13068.845703
6283.01697 12875.832031
6287.2113 12777.080078
6291.40625 12438.183594
6295.59998 12379.830078
6299.79309 12016.246094
6303.9856 12220.481445
6308.1781 11892.806641
6312.37 11769.367188
6316.56067 11495.556641
6320.75195 11529.22168
6324.94202 11358.651367
6329.13208 11291.321289
6333.32092 11405.783203
6337.50977 10842.451172
6341.69739 10963.646484
6345.88562 10719.011719
6350.07263 10804.296875
6354.25964 10660.65918
6358.44543 10400.314453
6362.63123 10359.916016
6366.81641 10104.060547
6371.00037 10261.165039
6375.18494 9967.155273
6379.36829 9933.489258
6383.55164 9648.457031
6387.73438 9897.580078
6391.9165 9832.494141
6396.09863 9619.28125
6400.27893 9473.398438
6404.45984 9226.519531
6408.63953 9100.835938
6412.81921 9046.97168
6416.99829 9098.591797
6421.17676 8860.69043
6425.35461 8750.717773
6429.53247 8795.604492
6433.70972 8712.563477
6437.88635 8342.246094
6442.06177 8432.020508
6446.23718 8371.422852
6450.4126 8189.630371
6454.58618 8180.652832
6458.76099 8115.566895
6462.93396 8057.213867
6467.10693 7774.425781
6471.27991 7619.565918
6475.45166 7922.552734
6479.62341 7386.15332
6483.79333 7300.868164
6487.96448 7440.017578
6492.13379 7365.954102
6496.3031 7092.143555
6500.4718 7105.609863
6504.63989 7139.274902
6508.80859 7047.256836
6512.97546 6986.65918
6517.14233 6935.039063
6521.30859 6921.573242
6525.47485 6789.15625
6529.63928 6748.758301
6533.80432 6562.477051
6537.96814 6488.413574
6542.13196 6421.083008
6546.29578 6329.064941
6550.45837 6371.70752
6554.62036 6216.847168
6558.78174 6082.186523
6562.94312 6196.648438
6567.10327 6077.697754
6571.26404 5857.751465
6575.42358 5902.638672
6579.58252 5799.398438
6583.74084 5599.651367
6587.89917 5624.339355
6592.05688 5770.22168
6596.21338 5516.610352
6600.37048 5673.714844
6604.52637 5527.832031
6608.68164 5541.29834
6612.83691 5267.487793
6616.99158 5285.442383
6621.14502 5213.623047
6625.29846 5227.089355
6629.45129 5119.36084
6633.60413 5040.808594
6637.75635 4989.188477
6641.90674 4854.527344
6646.05835 4881.459473
6650.20813 4863.504883
6654.35791 4737.821289
6658.50769 4645.802734
6662.65625 4690.689941
6666.8042 4697.422852
6670.95215 4650.291504
6675.09949 4407.901855
6679.24622 4264.263672
6683.39233 4398.924316
6687.53784 4354.037598
6691.68335 4266.507813
6695.82825 4363.015137
6699.97192 4259.774902
6704.1156 4165.512207
6708.25867 4051.050293
6712.40173 4086.959961
6716.54358 3979.231201
6720.68481 3835.592773
6724.82605 3804.171875
6728.96667 3709.90918
6733.10669 3689.710205
6737.24609 3810.905029
6741.38489 3624.624023
6745.52307 3514.650879
6749.66064 3555.049316
6753.79822 3682.977051
6757.93579 3485.474365
6762.07153 3539.338867
6766.20789 3418.143799
6770.34241 3431.610107
6774.47754 3301.437744
6778.61206 3299.193359
6782.74597 3449.564697
6786.87866 3169.02124
6791.01135 3169.02124
6795.14404 3166.776855
6799.27551 3036.604492
6803.40698 2989.473145
6807.53723 2973.762695
6811.66748 3025.382813
6815.79712 2883.98877
6819.92615 3097.201904
6824.05457 2899.699219
6828.18298 2942.341797
6832.31018 2863.789551
6836.43738 2859.301025
6840.56335 2778.504395
6844.68994 2722.395508
6848.81531 2531.625977
6852.93945 2632.621582
6857.06482 2567.535645
6861.18774 2684.241699
6865.31128 2567.535645
6869.43481 2412.675537
6873.55713 2518.159912
6877.67883 2529.381592
6881.79932 2538.358887
6885.92041 2367.78833
6890.04089 2248.837891
6894.16016 2358.811035
6898.27881 2352.078125
6902.39868 2352.078125
6906.51611 2255.571045
6910.63354 2224.150146
6914.75098 2242.10498
6918.86719 2233.127441
6922.9834 2071.534424
6927.099 2150.08667
6931.2146 2239.860596
6935.32837 2116.421387
6939.44214 2004.203857
6943.55652 2042.357788
6947.66846 1914.429932
6951.78101 1923.407349
6955.89294 2087.244873
6960.00366 1941.362061
6964.11438 1997.470825
6968.2251 1907.696899
6972.33459 1914.429932
6976.44409 1878.520264
6980.55298 1934.629028
6984.66064 1925.651611
6988.76831 1921.162964
6992.87537 1954.828247
6996.98181 1833.633301
7001.08826 1716.927124
7005.19348 1790.990723
7009.2981 1654.085449
7013.40271 1822.411621
7017.50732 1808.945435
7021.61011 1795.47937
7025.7135 1694.483643
7029.81567 1865.054199
7033.91724 1712.438477
7038.0188 1544.112305
7042.11914 1512.691406
7046.21948 1613.687134
7050.31921 1602.465332
7054.41895 1514.935791
7058.51746 1593.487915
7062.61536 1508.202637
7066.71265 1535.134888
7070.81055 1483.514893
7074.90662 1553.089722
7079.0033 1503.713989
7083.09814 1454.338257
7087.19299 1519.424438
7091.28784 1519.424438
7095.38147 1407.207031
7099.4751 1420.673096
7103.5675 1391.496582
7107.66052 1353.342651
7111.75171 1335.387817
7115.8429 1380.27478
7119.93347 1274.790405
7124.02405 1452.093994
7128.11401 1357.831299
7132.20276 1373.541748
7136.2915 1400.473877
7140.37964 1319.677368
7144.46777 1281.523438
7148.55408 1317.432983
7152.64099 1247.858154
7156.72668 1259.079956
7160.81177 1303.966919
7164.89746 1115.441528
7168.98132 1232.147705
7173.06519 1214.192993
7177.14844 1146.862427
7181.23108 1243.369507
7185.31372 1117.685913
7189.39514 1205.215576
7193.47595 1140.129395
7197.55676 1268.057373
7201.63696 1104.219849
7205.71716 1131.151978
7209.79614 1171.550293
7213.87451 1086.265015
7217.95227 1214.192993
7222.02942 1021.178894
7226.10718 1054.844116
7230.18311 1075.043335
7234.25903 1063.821533
7238.33374 1039.133667
7242.40906 1052.599854
7246.48376 1030.15625
7250.55725 1084.02063
7254.63013 1043.622437
7258.703 1000.979736
7262.77466 1054.844116
7266.84631 1023.423279
7270.91797 1072.79895
7274.98779 980.78064
7279.05823 956.092773
7283.12805 1115.441528
7287.19666 1124.418945
7291.26526 1081.776367
7295.33264 1077.287598
7299.40063 1057.088501
7303.4668 969.558899
7307.53357 1054.844116
7311.59851 940.382324
7315.66406 906.717102
7319.729 929.160583
7323.79272 913.450134
7327.85645 960.581482
7331.91895 870.807495
7335.98206 906.717102
7340.04333 962.825806
7344.10522 969.558899
7348.16528 848.364014
7352.22656 888.762329
7356.28662 855.097046
7360.34546 850.608337
7364.4043 924.671875
7368.46252 792.25531
7372.52014 985.269287
7376.57715 884.273621
7380.63354 1036.889404
7384.68933 870.807495
7388.74512 917.938843
7392.80029 828.164856
7396.85486 776.544861
7400.90881 895.495361
7404.96216 855.097046
7409.0155 895.495361
7413.06702 895.495361
7417.11914 888.762329
7421.17004 911.205811
7425.22095 882.029236
7429.27124 884.273621
7433.32031 855.097046
7437.37 794.499634
7441.41785 834.897888
7445.46631 816.943115
7449.51355 821.431824
7453.56079 841.630981
7457.6062 794.499634
7461.65283 733.902222
7465.69824 754.101318
7469.74243 747.368286
7473.78723 731.657837
7477.8302 778.789185
7481.87378 731.657837
7485.91614 790.010925
7489.9585 794.499634
7493.99963 706.970032
7498.04077 718.191772
7502.0813 729.413513
7506.12122 686.770874
7510.16052 662.083008
7514.19922 738.39093
7518.23792 727.169128
7522.27478 740.635254
7526.31226 810.210083
7530.34851 798.988342
7534.38477 756.345703
7538.42102 731.657837
7542.45544 763.078735
7546.48987 697.992615
7550.52368 738.39093
7554.5575 740.635254
7558.59009 635.150818
7562.62268 749.612671
7566.65405 668.816101
7570.68542 749.612671
7574.7168 778.789185
7578.74634 704.725647
7582.77588 657.594299
7586.8042 740.635254
7590.83374 733.902222
7594.86084 628.417786
7598.88916 650.861267
7602.91504 697.992615
7606.94214 765.32312
7610.96802 673.304749
7614.99268 718.191772
7619.01733 650.861267
7623.04199 639.639526
7627.06543 621.684753
7631.08826 641.883911
7635.11108 664.327393
7639.13208 697.992615
7643.15369 662.083008
7647.17529 570.064697
7651.19568 785.522217
7655.21545 702.481323
7659.23462 644.128235
7663.25317 630.662109
7667.27112 572.309082
7671.28845 671.060425
7675.30518 704.725647
7679.32251 722.680481
7683.33862 565.575989
7687.35413 677.793457
7691.36841 635.150818
7695.38269 706.970032
7699.39636 603.729919
7703.41003 588.019531
7707.42249 653.105652
7711.43433 637.395203
7715.44617 588.019531
7719.4574 632.906494
7723.46802 686.770874
7727.47803 590.263855
7731.48682 724.924805
7735.49622 635.150818
7739.50439 718.191772
7743.51196 630.662109
7747.51892 693.503906
7751.52588 664.327393
7755.53162 722.680481
7759.53735 695.748291
7763.54309 585.775146
7767.54639 592.508179
7771.5509 641.883911
7775.5542 691.259583
7779.5575 565.575989
7783.55896 610.463013
7787.56104 666.571716
7791.56189 608.218628
7795.56274 599.241272
7799.56299 585.775146
7803.56201 605.974304
7807.56165 590.263855
7811.56006 590.263855
7815.55786 565.575989
7819.55505 581.286438
7823.55225 632.906494
7827.54761 588.019531
7831.54358 592.508179
7835.53894 619.440369
7839.53369 520.689026
7843.52783 561.08728
7847.52075 646.372559
7851.51367 610.463013
7855.50598 574.553406
7859.49768 709.214355
7863.48877 525.177734
7867.47986 572.309082
7871.47034 547.621216
7875.45959 527.422058
7879.44885 689.015198
7883.4375 554.354248
7887.42493 641.883911
7891.41235 565.575989
7895.39917 632.906494
7899.38538 650.861267
7903.37158 590.263855
7907.35718 644.128235
7911.34094 540.888184
7915.32532 677.793457
7919.30847 684.526489
7923.29224 639.639526
7927.27417 567.820374
7931.2561 540.888184
7935.23682 518.444702
7939.21753 558.842957
7943.19824 567.820374
7947.17773 641.883911
7951.15723 585.775146
7955.1355 689.015198
7959.11377 601.485596
7963.09082 711.458679
7967.06787 563.331665
7971.0437 596.996887
7975.01953 628.417786
7978.99536 522.93335
7982.96936 511.711639
7986.94397 543.132507
7990.91736 556.598633
7994.89014 491.512482
7998.8623 697.992615
8002.83447 626.173462
8006.80542 605.974304
8010.77637 531.910767
8014.7467 590.263855
8018.71643 579.042114
8022.68555 639.639526
8026.65405 561.08728
8030.62256 662.083008
8034.58923 576.797729
8038.55652 473.557678
8042.52258 664.327393
8046.48804 563.331665
8050.4541 626.173462
8054.41833 574.553406
8058.38257 583.530823
8062.34619 689.015198
8066.30859 552.109924
8070.271 464.580292
8074.23279 549.86554
8078.19458 628.417786
8082.15515 601.485596
8086.11572 671.060425
8090.07507 592.508179
8094.03381 543.132507
8097.99194 522.93335
8101.95068 588.019531
8105.90759 614.951721
8109.8645 565.575989
8113.8208 599.241272
8117.77649 605.974304
8121.73157 666.571716
8125.68665 469.069
8129.6405 599.241272
8133.59375 516.200317
8137.54639 482.535095
8141.49841 534.15509
8145.45105 565.575989
8149.40186 612.707336
8153.35266 588.019531
8157.30347 763.078735
8161.25244 594.752563
8165.20203 610.463013
8169.14978 504.978577
8173.09753 561.08728
8177.04468 621.684753
8180.99182 677.793457
8184.93774 455.602905
8188.88367 693.503906
8192.82898 614.951721
8196.77307 677.793457
8200.71716 623.929077
8204.66003 581.286438
8208.60291 603.729919
8212.54517 603.729919
8216.48743 572.309082
8220.42786 576.797729
8224.3689 536.399475
8228.30872 623.929077
8232.24792 446.625488
8236.18774 608.218628
8240.12512 570.064697
8244.06311 516.200317
8247.99988 561.08728
8251.93665 543.132507
8255.8728 518.444702
8259.80835 561.08728
8263.74329 549.86554
8267.67761 662.083008
8271.61194 576.797729
8275.54443 556.598633
8279.47754 547.621216
8283.40942 623.929077
8287.34131 579.042114
8291.27136 487.023773
8295.20264 498.245544
8299.13208 632.906494
8303.06152 605.974304
8306.99097 525.177734
8310.91797 538.643799
8314.84619 518.444702
8318.77319 745.123962
8322.7002 614.951721
8326.62537 522.93335
8330.55054 513.955994
8334.4751 619.440369
8338.39966 496.00119
8342.32361 489.268127
8346.24634 556.598633
8350.16907 608.218628
8354.09058 527.422058
8358.01208 520.689026
8361.93298 563.331665
8365.85327 641.883911
8369.77295 601.485596
8373.69202 543.132507
8377.61047 534.15509
8381.52832 531.910767
8385.44617 610.463013
8389.36218 552.109924
8393.27942 570.064697
8397.19421 558.842957
8401.11023 567.820374
8405.0238 531.910767
8408.9386 522.93335
8412.85217 547.621216
8416.76453 605.974304
8420.67749 545.376892
8424.58862 554.354248
8428.49976 554.354248
8432.41028 581.286438
8436.32019 538.643799
8440.22949 574.553406
8444.13879 433.159393
8448.04749 543.132507
8451.95496 531.910767
8455.86182 599.241272
8459.76807 558.842957
8463.67432 543.132507
8467.57996 581.286438
8471.48499 596.996887
8475.38879 610.463013
8479.2926 565.575989
8483.19641 715.947388
8487.09839 601.485596
8491.00098 565.575989
8494.90234 536.399475
8498.8031 588.019531
8502.70325 608.218628
8506.60339 543.132507
8510.50171 617.196045
8514.40125 617.196045
8518.29895 475.802032
8522.19604 491.512482
8526.09314 570.064697
8529.98901 543.132507
8533.8855 531.910767
8537.78015 561.08728
8541.6748 543.132507
8545.56885 563.331665
8549.46228 525.177734
8553.35571 547.621216
8557.24731 464.580292
8561.13953 507.222931
8565.03052 460.091583
8568.92151 549.86554
8572.81067 507.222931
8576.70105 502.734222
8580.5896 554.354248
8584.47754 590.263855
8588.36609 691.259583
8592.25281 536.399475
8596.13892 610.463013
8600.02502 480.290741
8603.91052 522.93335
8607.79541 469.069
8611.67969 731.657837
8615.56335 547.621216
8619.44702 531.910767
8623.32947 614.951721
8627.21069 507.222931
8631.09253 574.553406
8634.97314 646.372559
8638.85376 565.575989
8642.73315 570.064697
8646.61255 518.444702
8650.49072 576.797729
8654.3689 545.376892
8658.24707 588.019531
8662.1228 677.793457
8665.99915 567.820374
8669.87488 576.797729
8673.75061 588.019531
8677.62451 552.109924
8681.49841 507.222931
8685.3717 590.263855
8689.24438 588.019531
8693.11707 574.553406
8696.98853 522.93335
8700.85938 596.996887
8704.72961 612.707336
8708.59985 529.666443
8712.46887 653.105652
8716.33789 572.309082
8720.20569 498.245544
8724.07349 673.304749
8727.94067 603.729919
8731.80725 608.218628
8735.67322 581.286438
8739.53796 554.354248
8743.40332 646.372559
8747.26624 570.064697
8751.13037 451.114197
8754.99329 466.824646
8758.85559 565.575989
8762.71729 475.802032
8766.57898 520.689026
8770.44006 574.553406
8774.29932 572.309082
8778.15918 547.621216
8782.01782 599.241272
8785.87585 689.015198
8789.73389 556.598633
8793.5907 583.530823
8797.44751 493.756836
8801.3031 552.109924
8805.1593 608.218628
8809.01367 522.93335
8812.86804 646.372559
8816.7218 516.200317
8820.57434 482.535095
8824.42749 536.399475
8828.27942 572.309082
8832.13013 603.729919
8835.98145 513.955994
8839.83154 556.598633
8843.68042 549.86554
8847.53052 471.313354
8851.37817 493.756836
8855.22644 594.752563
8859.07349 482.535095
8862.92053 536.399475
8866.76636 572.309082
8870.61157 585.775146
8874.4574 531.910767
8878.30078 543.132507
8882.14539 621.684753
8885.98816 543.132507
8889.83093 603.729919
8893.67249 590.263855
8897.51465 552.109924
8901.35498 581.286438
8905.19531 610.463013
8909.03503 527.422058
8912.87415 668.816101
8916.71326 630.662109
8920.55054 547.621216
8924.38843 543.132507
8928.2251 617.196045
8932.06116 511.711639
8935.89661 500.489868
8939.73206 489.268127
8943.56628 518.444702
8947.3999 563.331665
8951.23352 637.395203
8955.06592 590.263855
8958.89832 511.711639
8962.72949 529.666443
8966.56067 599.241272
8970.39063 639.639526
8974.22058 612.707336
8978.04993 565.575989
8981.87866 554.354248
8985.70618 585.775146
8989.53369 554.354248
8993.36121 516.200317
8997.18689 603.729919
9001.01257 534.15509
9004.83704 500.489868
9008.66211 594.752563
9012.48596 547.621216
9016.3092 480.290741
9020.13184 543.132507
9023.95386 522.93335
9027.77588 462.335938
9031.59668 612.707336
9035.41687 543.132507
9039.23645 601.485596
9043.05603 590.263855
9046.875 527.422058
9050.69275 536.399475
9054.5105 487.023773
9058.32642 599.241272
9062.14294 646.372559
9065.95825 543.132507
9069.77417 567.820374
9073.58826 513.955994
9077.40234 592.508179
9081.21582 588.019531
9085.02869 659.838684
9088.84033 596.996887
9092.65198 531.910767
9096.46301 540.888184
9100.27344 496.00119
9104.08325 599.241272
9107.89246 518.444702
9111.70105 590.263855
9115.50903 585.775146
9119.31641 498.245544
9123.12317 536.399475
9126.92932 502.734222
9130.73547 576.797729
9134.53979 520.689026
9138.34473 527.422058
9142.14783 496.00119
9145.95154 599.241272
9149.75464 496.00119
9153.55652 565.575989
9157.3584 558.842957
9161.15845 639.639526
9164.95972 594.752563
9168.75854 567.820374
9172.55859 626.173462
9176.3562 536.399475
9180.15503 579.042114
9183.95203 664.327393
9187.74902 493.756836
9191.5448 525.177734
9195.34058 754.101318
9199.13574 527.422058
9202.92969 594.752563
9206.72363 579.042114
9210.51636 576.797729
9214.30969 605.974304
9218.10181 599.241272
9221.89331 496.00119
9225.6842 552.109924
9229.47388 644.128235
9233.26416 549.86554
9237.05261 549.86554
9240.84106 729.413513
9244.62891 588.019531
9248.41675 572.309082
9252.20337 596.996887
9255.98938 520.689026
9259.77478 682.282166
9263.55957 619.440369
9267.34436 511.711639
9271.12732 657.594299
9274.91089 558.842957
9278.69324 520.689026
9282.47559 554.354248
9286.25671 534.15509
9290.03723 567.820374
9293.81775 563.331665
9297.59705 534.15509
9301.37634 511.711639
9305.15381 583.530823
9308.9325 706.970032
9312.70935 570.064697
9316.4856 493.756836
9320.26123 525.177734
9324.03687 552.109924
9327.8125 561.08728
9331.5863 751.856995
9335.36011 502.734222
9339.13208 473.557678
9342.90527 561.08728
9346.67664 668.816101
9350.448 552.109924
9354.21814 594.752563
9357.98889 619.440369
9361.75842 498.245544
9365.52673 621.684753
9369.29504 576.797729
9373.06274 457.84726
9376.83044 561.08728
9380.5957 567.820374
9384.36218 756.345703
9388.12744 518.444702
9391.89148 614.951721
9395.65613 493.756836
9399.41956 466.824646
9403.18237 632.906494
9406.94458 576.797729
9410.70557 516.200317
9414.46655 621.684753
9418.22693 527.422058
9421.98669 554.354248
9425.74646 518.444702
9429.50562 522.93335
9433.26294 554.354248
9437.02026 592.508179
9440.77698 435.403748
9444.53369 504.978577
9448.28918 594.752563
9452.04468 504.978577
9455.79834 590.263855
9459.55261 556.598633
9463.30627 518.444702
9467.05811 561.08728
9470.81055 552.109924
9474.56177 628.417786
9478.31238 561.08728
9482.06238 482.535095
9485.81238 520.689026
9489.56116 552.109924
9493.30933 509.467285
9497.05811 610.463013
9500.80505 518.444702
9504.55139 451.114197
9508.29773 482.535095
9512.04346 819.1875
9515.78735 756.345703
9519.53186 664.327393
9523.27515 545.376892
9527.01843 453.358551
9530.76172 509.467285
9534.50195 511.711639
9538.24341 581.286438
9541.98486 433.159393
9545.72449 686.770874
9549.4635 590.263855
9553.20251 635.150818
9556.94092 516.200317
9560.67871 583.530823
9564.41589 579.042114
9568.15125 466.824646
9571.88721 527.422058
9575.62256 527.422058
9579.3573 529.666443
9583.09021 482.535095
9586.82373 538.643799
9590.55664 498.245544
9594.28955 554.354248
9598.02063 592.508179
9601.7511 534.15509
9605.48157 549.86554
9609.21143 498.245544
9612.94128 574.553406
9616.66809 563.331665
9620.39612 581.286438
9624.12415 534.15509
9627.85095 500.489868
9631.57715 511.711639
9635.30151 554.354248
9639.02649 601.485596
9642.75146 502.734222
9646.47522 496.00119
9650.19714 484.779449
9653.92029 549.86554
9657.6416 549.86554
9661.36292 596.996887
9665.08423 545.376892
9668.80371 426.426361
9672.52319 619.440369
9676.24207 527.422058
9679.96094 534.15509
9683.67737 659.838684
9687.39441 487.023773
9691.11084 561.08728
9694.82666 448.869843
9698.54248 509.467285
9702.25586 531.910767
9705.96985 426.426361
9709.68323 561.08728
9713.39661 614.951721
9717.10754 527.422058
9720.81909 623.929077
9724.53064 531.910767
9728.24097 686.770874
9731.94946 527.422058
9735.65918 538.643799
9739.36768 610.463013
9743.07556 433.159393
9746.78284 565.575989
9750.48828 583.530823
9754.19495 561.08728
9757.90039 556.598633
9761.60522 677.793457
9765.30884 583.530823
9769.01245 565.575989
9772.71606 547.621216
9776.41846 614.951721
9780.12024 567.820374
9783.82019 502.734222
9787.52136 653.105652
9791.22131 662.083008
9794.92065 513.955994
9798.61877 504.978577
9802.31689 484.779449
9806.0144 552.109924
9809.71191 567.820374
9813.4082 554.354248
9817.10266 556.598633
9820.79773 596.996887
9824.4928 513.955994
9828.18604 554.354248
9831.87866 504.978577
9835.57129 469.069
9839.26331 513.955994
9842.95471 525.177734
9846.64612 507.222931
9850.33569 520.689026
9854.02527 511.711639
9857.71362 525.177734
9861.40259 592.508179
9865.08911 511.711639
9868.77625 549.86554
9872.46277 583.530823
9876.14929 469.069
9879.83459 588.019531
9883.51807 574.553406
9887.20215 543.132507
9890.88623 531.910767
9894.56909 603.729919
9898.25012 583.530823
9901.93115 491.512482
9905.61279 637.395203
9909.29321 540.888184
9912.97302 588.019531
9916.651 529.666443
9920.3302 601.485596
9924.00818 453.358551
9927.68494 635.150818
9931.36047 529.666443
9935.03723 491.512482
9938.71277 561.08728
9942.3877 545.376892
9946.0614 500.489868
9949.7345 543.132507
9953.40759 525.177734
9957.08008 482.535095
9960.75195 527.422058
9964.422 558.842957
9968.09265 561.08728
9971.7627 527.422058
9975.43152 630.662109
9979.10095 516.200317
9982.76733 473.557678
9986.43494 464.580292
9990.10193 507.222931
9993.76831 596.996887
9997.43286 448.869843
10001.09802 594.752563
10004.76257 511.711639
10008.42651 567.820374
10012.08923 561.08728
10015.75134 529.666443
10019.41284 554.354248
10023.07434 558.842957
10026.73523 522.93335
10030.39429 545.376892
10034.05334 608.218628
10037.71179 433.159393
10041.37024 536.399475
10045.02808 529.666443
10048.68408 534.15509
10052.34009 496.00119
10055.99609 547.621216
10059.65149 556.598633
10063.30444 493.756836
10066.95862 585.775146
10070.61218 520.689026
10074.26453 610.463013
10077.91626 572.309082
10081.56677 588.019531
10085.21729 628.417786
10088.8678 489.268127
10092.51709 567.820374
10096.16577 522.93335
10099.81384 529.666443
10103.4613 599.241272
10107.10754 617.196045
10110.75439 693.503906
10114.39941 556.598633
10118.04443 570.064697
10121.68884 464.580292
10125.33325 466.824646
10128.97522 549.86554
10132.6178 520.689026
10136.26038 516.200317
10139.90112 545.376892
10143.54187 543.132507
10147.1814 565.575989
10150.82153 581.286438
10154.46045 697.992615
10158.09937 592.508179
10161.73523 552.109924
10165.3717 579.042114
10169.00879 543.132507
10172.64404 563.331665
10176.27991 574.553406
10179.91333 484.779449
10183.54675 585.775146
10187.18018 520.689026
10190.81299 570.064697
10194.44397 484.779449
10198.07495 525.177734
10201.70593 509.467285
10205.33691 504.978577
10208.96606 540.888184
10212.5946 608.218628
10216.22253 588.019531
10219.85046 540.888184
10223.47778 545.376892
10227.10327 509.467285
10230.72876 493.756836
10234.35364 509.467285
10237.97852 513.955994
10241.60278 457.84726
10245.22461 491.512482
10248.84766 401.738525
10252.46948 531.910767
10256.09131 563.331665
10259.71069 534.15509
10263.3313 529.666443
10266.94946 592.508179
10270.56885 594.752563
10274.18823 507.222931
10277.80396 525.177734
10281.4209 491.512482
10285.03784 511.711639
10288.65479 500.489868
10292.26807 558.842957
10295.88135 549.86554
10299.49707 520.689026
10303.10913 558.842957
10306.72241 588.019531
10310.33325 588.019531
10313.94531 601.485596
10317.55493 545.376892
10321.16577 507.222931
10324.77417 596.996887
10328.38257 828.164856
10331.99097 516.200317
10335.59937 572.309082
10339.20654 552.109924
10342.81128 543.132507
10346.41724 623.929077
10350.02197 630.662109
10353.62671 628.417786
10357.229 565.575989
10360.83252 534.15509
10364.43481 527.422058
10368.03711 596.996887
10371.6394 673.304749
10375.23804 567.820374
10378.83789 511.711639
10382.43774 502.734222
10386.03638 507.222931
10389.63257 619.440369
10393.2312 448.869843
10396.82861 520.689026
