188.301102 0.0
188.764923 0.0
189.228699 480.290741
189.692459 451.114197
190.156158 500.489868
190.619812 491.512482
191.083435 668.816101
191.547043 608.218628
192.01059 686.770874
192.474091 1021.178894
192.937561 603.729919
193.401001 680.037842
193.86441 702.481323
194.327759 693.503906
194.791077 626.173462
195.254349 599.241272
195.717575 718.191772
196.180786 594.752563
196.643951 691.259583
197.107071 507.222931
197.570145 639.639526
198.033203 635.150818
198.496216 549.86554
198.959167 581.286438
199.422089 574.553406
199.884979 576.797729
200.347855 527.422058
200.810654 543.132507
201.273422 599.241272
201.73616 722.680481
202.198853 583.530823
202.661514 621.684753
203.12413 543.132507
203.5867 756.345703
204.04924 664.327393
204.511734 538.643799
204.974197 715.947388
205.436615 590.263855
205.899002 684.526489
206.361343 671.060425
206.823654 664.327393
207.285919 684.526489
207.748123 563.331665
208.210327 612.707336
208.672485 632.906494
209.134583 581.286438
209.596649 581.286438
210.05867 588.019531
210.520676 531.910767
210.982635 594.752563
211.444534 579.042114
211.906403 722.680481
212.36824 740.635254
212.830048 547.621216
213.291779 623.929077
213.753494 697.992615
214.215179 623.929077
214.676819 471.313354
215.138412 556.598633
215.59996 646.372559
216.061493 579.042114
216.522949 601.485596
216.984406 614.951721
217.445801 599.241272
217.907166 632.906494
218.368484 594.752563
218.829773 695.748291
219.291031 572.309082
219.752228 610.463013
220.213379 641.883911
220.6745 552.109924
221.135574 558.842957
221.596634 608.218628
222.057648 522.93335
222.5186 547.621216
222.979553 581.286438
223.44043 693.503906
223.901276 594.752563
224.362076 596.996887
224.822845 527.422058
225.283569 507.222931
225.744278 639.639526
226.20491 621.684753
226.665512 516.200317
227.126114 653.105652
227.586639 691.259583
228.047119 583.530823
228.507568 621.684753
228.967972 614.951721
229.428345 603.729919
229.888687 545.376892
230.348984 554.354248
230.809219 617.196045
231.26944 581.286438
231.729614 594.752563
232.189758 621.684753
232.649841 641.883911
233.109894 592.508179
233.569901 677.793457
234.029892 612.707336
234.489822 623.929077
234.949707 581.286438
235.409561 637.395203
235.869385 644.128235
236.329163 630.662109
236.788895 545.376892
237.248581 671.060425
237.708237 637.395203
238.167847 489.268127
238.627441 610.463013
239.08696 543.132507
239.546463 668.816101
240.00592 612.707336
240.465332 534.15509
240.924698 664.327393
241.384033 583.530823
241.843338 536.399475
242.302597 588.019531
242.76181 711.458679
243.220993 563.331665
243.680115 630.662109
244.139221 480.290741
244.598282 605.974304
245.057297 545.376892
245.516266 612.707336
245.975189 540.888184
246.434082 538.643799
246.892944 561.08728
247.351761 601.485596
247.810516 794.499634
248.269272 619.440369
248.727951 623.929077
249.1866 565.575989
249.645218 511.711639
250.10379 549.86554
250.562317 525.177734
251.020813 630.662109
251.479279 513.955994
251.937668 520.689026
252.396057 648.616943
252.854385 563.331665
253.312683 646.372559
253.77092 601.485596
254.229126 543.132507
254.687302 596.996887
255.145432 632.906494
255.6035 605.974304
256.061584 617.196045
256.519592 596.996887
256.97757 590.263855
257.435455 570.064697
257.893372 630.662109
258.351196 655.349976
258.80899 630.662109
259.266754 583.530823
259.724487 859.585754
260.18219 668.816101
260.639832 614.951721
261.097443 527.422058
261.554993 590.263855
262.012512 657.594299
262.469971 623.929077
262.927429 697.992615
263.384827 596.996887
263.842194 520.689026
264.29953 547.621216
264.756805 563.331665
265.21405 614.951721
265.671234 641.883911
266.128387 585.775146
266.58551 554.354248
267.042572 610.463013
267.499573 554.354248
267.956604 655.349976
268.413574 664.327393
268.870483 632.906494
269.327362 543.132507
269.78418 599.241272
270.240936 697.992615
270.697693 529.666443
271.154419 531.910767
271.611053 554.354248
272.067688 693.503906
272.524292 619.440369
272.980835 596.996887
273.437347 650.861267
273.893799 603.729919
274.35025 608.218628
274.80661 531.910767
275.262939 673.304749
275.719238 653.105652
276.175507 641.883911
276.631714 689.015198
277.087891 619.440369
277.544067 594.752563
278.000122 592.508179
278.456177 722.680481
278.912201 715.947388
279.368164 610.463013
279.824097 534.15509
280.279968 549.86554
280.73584 538.643799
281.19162 585.775146
281.6474 619.440369
282.103149 570.064697
282.558838 572.309082
283.014465 545.376892
283.470062 684.526489
283.925629 623.929077
284.381134 612.707336
284.836639 556.598633
285.292053 648.616943
285.747467 585.775146
286.20282 522.93335
286.658142 605.974304
287.113434 534.15509
287.568634 565.575989
288.023804 617.196045
288.478973 520.689026
288.934113 522.93335
289.38913 641.883911
289.844208 565.575989
290.299164 565.575989
290.754089 543.132507
291.208984 632.906494
291.663879 581.286438
292.118683 556.598633
292.573456 552.109924
293.028198 554.354248
293.482849 540.888184
293.937561 552.109924
294.392151 834.897888
294.846741 644.128235
295.301239 610.463013
295.755737 570.064697
296.210175 549.86554
296.664581 601.485596
297.118958 567.820374
297.573242 608.218628
298.027557 617.196045
298.481812 531.910767
298.935974 579.042114
299.390137 715.947388
299.844238 556.598633
300.29834 588.019531
300.75235 583.530823
301.20636 601.485596
301.660278 565.575989
302.114197 507.222931
302.568054 475.802032
303.021881 630.662109
303.475677 639.639526
303.929413 565.575989
304.383118 724.924805
304.836761 610.463013
305.290375 653.105652
305.743958 583.530823
306.19751 594.752563
306.65097 718.191772
307.104431 619.440369
307.5578 695.748291
308.011169 603.729919
308.464508 509.467285
308.917755 545.376892
309.371063 603.729919
309.824219 709.214355
310.277374 572.309082
310.730499 594.752563
311.183563 619.440369
311.636597 619.440369
312.089569 558.842957
312.542511 745.123962
312.995422 572.309082
313.448273 605.974304
313.901093 590.263855
314.353882 657.594299
314.80658 617.196045
315.259308 599.241272
315.711975 614.951721
316.164581 727.169128
316.617126 612.707336
317.069672 579.042114
317.522156 576.797729
317.974579 576.797729
318.427002 666.571716
318.879333 655.349976
319.331665 635.150818
319.783936 498.245544
320.236176 491.512482
320.688354 565.575989
321.140503 565.575989
321.592651 599.241272
322.044647 623.929077
322.496704 603.729919
322.948639 594.752563
323.400604 691.259583
323.852509 700.236938
324.304352 621.684753
324.756165 648.616943
325.207916 583.530823
325.659668 641.883911
326.111328 671.060425
326.562988 592.508179
327.014557 592.508179
327.466156 639.639526
327.917664 608.218628
328.36911 594.752563
328.820557 594.752563
329.271942 648.616943
329.723297 610.463013
330.174561 619.440369
330.625854 534.15509
331.077026 554.354248
331.528229 628.417786
331.97937 632.906494
332.43045 655.349976
332.8815 585.775146
333.332489 650.861267
333.783478 689.015198
334.234406 581.286438
334.685303 576.797729
335.136078 507.222931
335.586914 614.951721
336.037659 684.526489
336.488342 632.906494
336.939026 574.553406
337.389648 554.354248
337.84024 650.861267
338.290771 641.883911
338.741272 628.417786
339.191681 682.282166
339.64212 648.616943
340.092468 610.463013
340.542816 610.463013
340.993103 608.218628
341.443329 650.861267
341.893555 525.177734
342.343689 585.775146
342.793793 603.729919
343.243866 608.218628
343.693878 531.910767
344.14389 621.684753
344.593842 758.590027
345.043732 623.929077
345.493591 610.463013
345.943359 646.372559
346.393158 567.820374
346.842896 574.553406
347.292542 588.019531
347.742218 583.530823
348.191803 581.286438
348.641357 561.08728
349.090881 531.910767
349.540314 581.286438
349.989777 623.929077
350.439148 561.08728
350.888489 507.222931
351.337799 621.684753
351.787048 511.711639
352.236267 630.662109
352.685425 567.820374
353.134552 516.200317
353.583649 567.820374
354.032684 576.797729
354.481659 673.304749
354.930634 608.218628
355.379517 603.729919
355.82843 543.132507
356.277222 536.399475
356.726013 626.173462
357.174774 632.906494
357.623444 673.304749
358.072113 628.417786
358.520721 518.444702
358.969299 572.309082
359.417786 646.372559
359.866302 635.150818
360.314697 590.263855
360.763123 751.856995
361.211456 666.571716
361.65976 608.218628
362.108032 646.372559
362.556244 581.286438
363.004456 574.553406
363.452576 693.503906
363.900696 632.906494
364.348663 713.703064
364.796722 906.717102
365.24469 1050.355469
365.692596 1173.794678
366.140472 1045.866699
366.588287 933.649292
367.036102 830.409241
367.483826 657.594299
367.931549 596.996887
368.379181 628.417786
368.826843 590.263855
369.274384 603.729919
369.721924 632.906494
370.169403 641.883911
370.616821 563.331665
371.06427 700.236938
371.511566 680.037842
371.958923 623.929077
372.406158 626.173462
372.853424 619.440369
373.300568 639.639526
373.747711 711.458679
374.194794 590.263855
374.641846 637.395203
375.088898 657.594299
375.535828 702.481323
375.982758 632.906494
376.429596 715.947388
376.876465 650.861267
377.323242 639.639526
377.769989 702.481323
378.216675 583.530823
378.66333 588.019531
379.109985 623.929077
379.556519 769.811768
380.003052 659.838684
380.449524 662.083008
380.895996 601.485596
381.342377 668.816101
381.788727 617.196045
382.235046 675.549133
382.681274 668.816101
383.127533 594.752563
383.573669 664.327393
384.019836 677.793457
384.465912 621.684753
384.911957 630.662109
385.357971 603.729919
385.803925 565.575989
386.249847 657.594299
386.695679 650.861267
387.141541 588.019531
387.587311 576.797729
388.033051 543.132507
388.478729 637.395203
388.924408 648.616943
389.369995 691.259583
389.815552 664.327393
390.261078 646.372559
390.706543 787.766602
391.152008 605.974304
391.597351 558.842957
392.042725 657.594299
392.487976 731.657837
392.933289 657.594299
393.378479 729.413513
393.823639 653.105652
394.268768 682.282166
394.713837 646.372559
395.158905 583.530823
395.603851 659.838684
396.048798 680.037842
396.493683 727.169128
396.938568 682.282166
397.383392 671.060425
397.828156 653.105652
398.272888 644.128235
398.71756 619.440369
399.162201 655.349976
399.606781 682.282166
400.051361 599.241272
400.495819 697.992615
400.940308 702.481323
401.384705 785.522217
401.829102 740.635254
402.273438 684.526489
402.717682 747.368286
403.161926 888.762329
403.60611 1503.713989
404.050293 3494.45166
404.494385 6104.629883
404.938446 8088.634766
405.382477 7940.507813
405.826447 6014.855957
406.270386 3817.637939
406.714233 2318.412842
407.158081 1676.528931
407.601868 1761.814209
408.045624 1898.719482
408.489319 1997.470825
408.933014 1748.348022
409.376617 1315.188599
409.82019 1066.065918
410.263702 1012.201538
410.707184 917.938843
411.150635 841.630981
411.594025 897.739685
412.037384 906.717102
412.480682 978.536255
412.923981 935.893616
413.367126 920.183167
413.810333 967.314514
414.253479 895.495361
414.696533 1014.445862
415.139587 969.558899
415.582581 1090.753784
416.025543 1009.957153
416.468414 953.84845
416.911285 962.825806
417.354065 1196.238159
417.796875 1068.310181
418.239594 996.491089
418.682281 1133.396362
419.124908 1059.332886
419.567505 1225.414673
420.010071 1081.776367
420.452545 1182.772095
420.89502 1070.554565
421.337372 1254.591187
421.779785 1315.188599
422.222107 1378.030396
422.664368 1211.948608
423.106628 1238.880737
423.548798 1427.406128
423.990967 1333.143433
424.433044 1389.252197
424.875092 1366.808716
425.317078 1375.786133
425.759064 1429.650513
426.200989 1303.966919
426.642853 1429.650513
427.084686 1440.872192
427.526459 1436.383545
427.968201 1434.13916
428.409912 1366.808716
428.851563 1577.777466
429.293121 1591.243652
429.734711 1535.134888
430.176239 1541.86792
430.617706 1602.465332
431.059113 1606.954102
431.500488 1456.582642
431.941833 1600.221069
432.383087 1595.7323
432.824341 1633.88623
433.265533 1593.487915
433.706726 1746.10376
434.147827 1997.470825
434.588867 2500.205078
435.029877 5081.206543
435.470825 11298.053711
435.911804 16451.080078
436.352661 18803.158203
436.793518 15829.395508
437.234283 11659.394531
437.675049 7606.099609
438.115723 4697.422852
438.556396 2848.079102
438.99704 2345.344971
439.437561 1975.027344
439.878113 1959.316895
440.318573 1806.701172
440.759033 1887.497681
441.199341 1889.742065
441.639709 1773.035889
442.079956 1741.61499
442.520264 1840.366333
442.96051 1842.610718
443.400604 1995.22644
443.840759 1849.34375
444.280762 1808.945435
444.720825 1775.280273
445.160767 2008.692627
445.600739 1878.520264
446.040558 1856.076782
446.480438 1898.719482
446.920258 1806.701172
447.359955 1853.83252
447.799713 1871.787231
448.239319 1743.859375
448.678955 1907.696899
449.1185 1943.606445
449.558014 1891.98645
449.997498 1811.189819
450.436951 1779.768921
450.876343 1860.565552
451.315674 1945.85083
451.754974 1874.031616
452.194183 1829.144653
452.633392 1916.674194
453.07251 1766.302856
453.511688 1896.475098
453.950684 1907.696899
454.38974 1950.339478
454.828735 1945.85083
455.267639 1856.076782
455.706543 1936.873413
456.145325 1849.34375
456.584137 1860.565552
457.022858 1732.637573
457.461578 1773.035889
457.900208 1862.809814
458.338867 1808.945435
458.777405 1669.795776
459.215912 1824.655884
459.654388 1885.253418
460.092773 1833.633301
460.531189 1804.456787
460.969513 1739.370605
461.407806 1793.234985
461.846008 1770.791504
462.284241 1707.949829
462.722351 1663.062744
463.160461 1638.375
463.598541 1672.040161
464.03653 1795.47937
464.474518 1631.641846
464.912384 1678.773193
465.350281 1790.990723
465.788086 1660.818481
466.225891 1654.085449
466.663605 1741.61499
467.101318 1665.307129
467.539001 1667.551514
467.976563 1813.434204
468.414124 1829.144653
468.851593 1815.678589
469.289063 1797.723755
469.72644 1681.017578
470.163849 1723.660156
470.601135 1898.719482
471.038422 1703.46106
471.475677 1813.434204
471.912811 1716.927124
472.350006 1784.25769
472.787048 1730.393311
473.224121 1842.610718
473.661072 1716.927124
474.098053 1725.904541
474.534943 1813.434204
474.971802 1766.302856
475.40863 1842.610718
475.845367 1822.411621
476.282104 1831.389038
476.71875 1833.633301
477.155426 1934.629028
477.591949 1728.148926
478.028503 1824.655884
478.464966 1909.941162
478.901428 1918.918579
479.33786 1887.497681
479.77417 1896.475098
480.21051 1997.470825
480.646698 2064.80127
481.082947 2080.511719
481.519073 2219.661377
481.9552 2374.521484
482.391266 2538.358887
482.827301 2798.703613
483.263306 3092.713135
483.699188 3460.786621
484.135101 3869.258057
484.570923 4104.914551
485.006744 4657.024902
485.442413 5101.405762
485.878174 5862.240234
486.313782 6275.200684
486.74939 6672.450195
487.184998 7006.858398
487.620453 7253.736816
488.055939 7083.166016
488.491333 7009.102539
488.926727 6807.111328
489.36203 6645.518066
489.797302 6225.824707
490.232513 6019.344727
490.667755 5711.868652
491.102905 5574.963379
491.537964 5649.026855
491.973022 5530.07666
492.40799 5467.234863
492.842957 5186.690918
493.277832 4993.677246
493.712738 4800.663086
494.147491 4439.322754
494.582275 4221.621094
495.017029 4282.218262
495.45166 4116.136719
495.886292 4021.873779
496.320831 3840.081543
496.755402 3799.68335
497.18985 3561.782227
497.624298 3478.741211
498.058655 3348.569092
498.493042 3220.641113
498.927368 3209.419434
499.361572 3184.731689
499.795807 3029.871582
500.229919 2958.052246
500.664063 2827.880127
501.098083 2598.956543
501.532104 2668.53125
501.966064 2511.426758
502.399994 2524.892822
502.833893 2376.765869
503.2677 2313.924072
503.701477 2264.54834
504.135193 2275.77002
504.568909 2244.349121
505.002502 2298.213623
505.436127 2394.720703
505.869629 2331.878906
506.303162 2327.390137
506.736603 2217.416992
507.169983 2224.150146
507.603363 2284.747559
508.036621 2361.05542
508.46994 2412.675537
508.903107 2435.118896
509.336304 2387.987549
509.769379 2477.761475
510.202484 2486.739014
510.635529 2367.78833
511.068481 2327.390137
511.501434 2484.494629
511.934265 2450.829346
512.367126 2581.001709
512.799927 2475.517334
513.232605 2421.652832
513.665344 2488.983398
514.097961 2527.137207
514.530579 2511.426758
514.963135 2547.336426
515.395691 2417.164063
515.828064 2480.005859
516.260498 2459.806885
516.692871 2345.344971
517.125183 2574.268555
517.557373 2466.539795
517.989624 2491.227539
518.421753 2399.209229
518.853943 2282.503174
519.286072 2401.453613
519.718018 2293.724854
520.150024 2201.706543
520.581909 2298.213623
521.013855 2251.082275
521.445679 2129.887451
521.877502 2177.018799
522.309204 2221.905762
522.740906 2235.371826
523.172546 2217.416992
523.604187 2208.439697
524.035767 2040.113403
524.467224 2001.959473
524.898682 2069.290039
525.330078 1979.515991
525.761475 2031.136108
526.192749 1995.22644
526.624023 1968.294312
527.055237 1883.009033
527.486389 2017.669922
527.917542 1943.606445
528.348572 1925.651611
528.779663 1862.809814
529.210571 1887.497681
529.641541 1896.475098
530.072388 1829.144653
530.503235 1860.565552
530.934082 1779.768921
531.364746 1815.678589
531.795532 1838.12207
532.226135 1968.294312
532.656738 1916.674194
533.08728 2237.616211
533.517822 2349.83374
533.948242 2401.453613
534.378662 2322.901367
534.809082 2363.299805
535.239319 2949.074951
535.669617 2538.358887
536.099792 2693.218994
536.529968 2787.481689
536.960083 3191.4646
537.390137 3855.791992
537.82019 4214.887695
538.250183 5016.120605
538.680115 5666.981934
539.109985 6479.436035
539.539795 7637.520508
539.969543 9379.135742
540.399292 11803.032227
540.828979 15717.177734
541.258606 20832.048828
541.688171 26389.058594
542.117737 30009.193359
542.547302 31003.439453
542.976685 31147.078125
543.406128 29957.574219
543.835388 29540.125
544.264771 29001.480469
544.69397 28256.357422
545.12323 28815.199219
545.552307 35344.011719
545.981506 44676.015625
546.410583 49234.289063
546.839539 46799.171875
547.268555 40355.644531
547.697449 35395.632813
548.126282 31548.816406
548.555054 26815.484375
548.983887 22654.460938
549.412598 19445.041016
549.841309 16563.296875
550.269958 14449.120117
550.698486 12878.076172
551.127075 11401.293945
551.555481 9971.643555
551.983948 8730.518555
552.412292 7884.398926
552.840698 6995.636719
553.26886 6409.861328
553.697205 5440.302734
554.125366 4926.34668
554.553467 4488.698242
554.981628 4051.050293
555.409607 3530.361328
555.837646 3236.351563
556.265564 3020.894043
556.693481 2657.30957
557.121338 2457.5625
557.549133 2271.281494
557.976929 2177.018799
558.404602 2154.575195
558.832275 1963.805542
559.259888 1804.456787
559.687439 1838.12207
560.114929 1696.728027
560.542419 1577.777466
560.969788 1499.225342
561.397156 1470.048706
561.824524 1395.985229
562.25177 1371.297363
562.679016 1328.654785
563.10614 1315.188599
563.533264 1277.034668
563.960327 1299.478271
564.387329 1167.061646
564.814331 1193.993774
565.241272 1229.903442
565.668213 1106.464233
566.094971 1077.287598
566.52179 1110.952881
566.948425 1070.554565
567.375183 1086.265015
567.801819 996.491089
568.228394 1048.111084
568.654846 1090.753784
569.081421 1061.577148
569.507874 1079.531982
569.934265 998.735413
570.360596 969.558899
570.786865 891.006653
571.213074 902.228394
571.639282 953.84845
572.06543 902.228394
572.491516 920.183167
572.917603 924.671875
573.343567 870.807495
573.769531 926.91626
574.195435 1075.043335
574.621277 953.84845
575.047119 962.825806
575.472839 1063.821533
575.89856 1176.039063
576.324158 1779.768921
576.749817 3427.121338
577.175293 4603.160156
577.60083 4825.351074
578.026306 4279.974121
578.451721 4396.680176
578.877136 5628.828125
579.302429 6506.368652
579.727661 6609.608398
580.152832 5714.113281
580.578064 5128.337891
581.003113 4946.545898
581.428223 4621.115234
581.853271 4403.413086
582.278198 4573.983887
582.703125 4616.626465
583.12793 5009.387695
583.552795 5458.257324
583.977539 5631.072266
584.402283 5770.22168
584.826965 5936.303711
585.251587 5826.330566
585.676208 5606.384277
586.100647 5453.768555
586.525208 5716.357422
586.949524 6030.566406
587.373962 6652.250977
587.798218 6791.400879
588.222534 6371.70752
588.646729 5649.026855
589.070984 5013.875977
589.495117 4618.870605
589.919128 4340.571289
590.343201 3925.366943
590.767151 3696.443115
591.191101 3703.17627
591.61499 3698.6875
592.038818 3936.588623
592.462524 4201.421875
592.886292 4589.694336
593.310059 4973.478027
593.733582 4930.835449
594.157227 4594.183105
594.58075 4259.774902
595.004272 3604.424805
595.427673 3530.361328
595.851074 3160.043701
596.274353 2933.364502
596.697632 2733.617432
597.120911 2549.580811
597.544067 2657.30957
597.967224 2589.979004
598.39032 2724.639893
598.813354 2987.22876
599.236328 3016.405273
599.659241 3110.667969
600.082153 3155.554932
600.505005 3081.491455
600.927795 2962.541016
601.350525 2767.282715
601.773254 2594.467773
602.195862 2361.05542
602.618408 2156.81958
603.040955 1876.276001
603.46344 1883.009033
603.885925 1777.524658
604.30835 1728.148926
604.730652 1838.12207
605.152893 1730.393311
605.575195 1788.746338
605.997375 1793.234985
606.419495 1986.249023
606.841553 2248.837891
607.263672 2264.54834
607.685608 2572.02417
608.107605 2861.545166
608.52948 3305.926514
608.951294 4100.42627
609.373108 4876.970703
609.7948 6252.756836
610.216553 9156.945313
610.638123 14606.224609
611.059753 22986.625
611.481262 30206.697266
611.902832 32796.675781
612.324219 30682.498047
612.745605 27378.816406
613.166931 24369.144531
613.588196 22198.857422
614.00946 19748.029297
614.430664 17566.521484
614.851807 15301.972656
615.272827 13241.660156
615.693909 11293.56543
616.114929 9911.045898
616.535889 8454.463867
616.956787 7202.116699
617.377563 6311.109863
617.79834 5662.493164
618.219055 5002.654297
618.639832 4612.137695
619.060364 4277.729492
619.481018 4084.715576
619.901611 4030.851318
620.322083 3963.520752
620.742493 3891.70166
621.162842 4075.738281
621.583191 4024.118164
622.003418 4111.647949
622.423706 4140.824219
622.843872 4156.534668
623.264038 4107.15918
623.684143 4156.534668
624.104126 4237.331543
624.52417 4176.733887
624.944031 4228.354004
625.364014 4288.951172
625.783752 4262.019043
626.203552 4293.439941
626.62323 4244.064453
627.042969 4250.797363
627.462585 4138.580078
627.882141 3907.412109
628.301697 3631.357178
628.72113 3608.913574
629.140625 3404.677734
629.559998 3496.696045
629.979309 3514.650879
630.39856 3911.900635
630.81781 4347.304688
631.237 4441.567383
631.656067 4502.164551
632.075195 4048.806152
632.494202 3400.189209
632.913208 2989.473145
633.332092 2686.486084
633.750977 2396.965088
634.169739 2069.290039
634.588562 1746.10376
635.007263 1645.108032
635.425964 1333.143433
635.844543 1398.229614
636.263123 1272.546021
636.681641 1202.971191
637.100037 1061.577148
637.518494 1153.595459
637.936829 1025.667603
638.355164 1128.907715
638.773438 1101.975464
639.19165 987.513672
639.609863 953.84845
640.027893 974.047546
640.445984 987.513672
640.863953 1025.667603
641.281921 1063.821533
641.699829 926.91626
642.117676 1084.02063
642.535461 1009.957153
642.953247 1081.776367
643.370972 1086.265015
643.788635 996.491089
644.206177 926.91626
644.623718 1066.065918
645.04126 931.404907
645.458618 1088.509399
645.876099 1025.667603
646.293396 1101.975464
646.710693 967.314514
647.127991 1030.15625
647.545166 1200.726807
647.962341 1104.219849
648.379333 1034.64502
648.796448 1032.400635
649.213379 1095.242432
649.63031 1205.215576
650.04718 1351.098267
650.463989 1548.600952
650.880859 1721.415894
651.297546 1622.664551
651.714233 1631.641846
652.130859 1532.890503
652.547485 1449.849609
652.963928 1532.890503
653.380432 1467.804443
653.796814 1391.496582
654.213196 1306.211304
654.629578 1236.636475
655.045837 1250.102539
655.462036 1216.437256
655.878174 1137.88501
656.294312 1126.66333
656.710327 1072.79895
657.126404 1018.93457
657.542358 1256.835571
657.958252 1122.174561
658.374084 1066.065918
658.789917 1079.531982
659.205688 1052.599854
659.621338 1023.423279
660.037048 1232.147705
660.452637 1012.201538
660.868164 1128.907715
661.283691 978.536255
661.699158 1072.79895
662.114502 1164.817261
662.529846 1290.500854
662.945129 1308.455566
663.360413 1241.125122
663.775635 1140.129395
664.190674 1131.151978
664.605835 1274.790405
665.020813 1039.133667
665.435791 1119.930298
665.850769 958.337097
666.265625 956.092773
666.68042 1021.178894
667.095215 1016.690186
667.509949 944.871033
667.924622 969.558899
668.339233 834.897888
668.753784 893.250977
669.168335 920.183167
669.582825 1009.957153
669.997192 978.536255
670.41156 895.495361
670.825867 906.717102
671.240173 1041.378052
671.654358 924.671875
672.068481 888.762329
672.482605 868.563171
672.896667 803.477051
673.310669 834.897888
673.724609 926.91626
674.138489 873.05188
674.552307 828.164856
674.966064 861.830078
675.379822 908.961426
675.793579 803.477051
676.207153 841.630981
676.620789 868.563171
677.034241 832.653564
677.447754 819.1875
677.861206 832.653564
678.274597 864.074463
678.687866 899.98407
679.101135 864.074463
679.514404 886.517944
679.927551 828.164856
680.340698 843.875305
680.753723 837.142273
681.166748 843.875305
681.579712 868.563171
681.992615 987.513672
682.405457 992.00238
682.818298 989.757996
683.231018 913.450134
683.643738 940.382324
684.056335 816.943115
684.468994 841.630981
684.881531 857.341431
685.293945 798.988342
685.706482 821.431824
686.118774 940.382324
686.531128 940.382324
686.943481 850.608337
687.355713 1066.065918
687.767883 1034.64502
688.179932 1119.930298
688.592041 1171.550293
689.004089 1034.64502
689.416016 1000.979736
689.827881 962.825806
690.239868 879.784912
690.651611 956.092773
691.063354 897.739685
691.475098 879.784912
691.886719 884.273621
692.29834 778.789185
692.7099 812.454407
693.12146 879.784912
693.532837 917.938843
693.944214 942.626709
694.355652 974.047546
694.766846 756.345703
695.178101 785.522217
695.589294 841.630981
696.000366 814.698792
696.411438 859.585754
696.82251 684.526489
697.233459 641.883911
697.644409 653.105652
698.055298 657.594299
698.466064 686.770874
698.876831 738.39093
699.287537 702.481323
699.698181 612.707336
700.108826 626.173462
700.519348 583.530823
700.92981 630.662109
701.340271 760.834412
701.750732 790.010925
702.161011 677.793457
702.57135 727.169128
702.981567 720.436096
703.391724 713.703064
703.80188 718.191772
704.211914 718.191772
704.621948 803.477051
705.031921 767.567444
705.441895 935.893616
705.851746 994.246704
706.261536 1164.817261
706.671265 1306.211304
707.081055 1440.872192
707.490662 1562.067017
707.90033 1571.044434
708.309814 1490.247925
708.719299 1689.994995
709.128784 1829.144653
709.538147 1730.393311
709.94751 1660.818481
710.35675 1501.469604
710.766052 1319.677368
711.175171 1286.012085
711.58429 1299.478271
711.993347 1474.537476
712.402405 1651.841064
712.811401 1499.225342
713.220276 1472.293091
713.62915 1286.012085
714.037964 1101.975464
714.446777 1101.975464
714.855408 1039.133667
715.264099 765.32312
715.672668 828.164856
716.081177 785.522217
716.489746 718.191772
716.898132 729.413513
717.306519 653.105652
717.714844 608.218628
718.123108 731.657837
718.531372 588.019531
718.939514 736.146545
719.347595 657.594299
719.755676 664.327393
720.163696 653.105652
720.571716 628.417786
720.979614 641.883911
721.387451 623.929077
721.795227 704.725647
722.202942 579.042114
722.610718 635.150818
723.018311 610.463013
723.425903 666.571716
723.833374 635.150818
724.240906 545.376892
724.648376 534.15509
725.055725 639.639526
725.463013 596.996887
725.8703 621.684753
726.277466 731.657837
726.684631 639.639526
727.091797 637.395203
727.498779 579.042114
727.905823 628.417786
728.312805 695.748291
728.719666 628.417786
729.126526 828.164856
729.533264 659.838684
729.940063 684.526489
730.34668 617.196045
730.753357 706.970032
731.159851 662.083008
731.566406 561.08728
731.9729 675.549133
732.379272 590.263855
732.785645 664.327393
733.191895 583.530823
733.598206 653.105652
734.004333 585.775146
734.410522 724.924805
734.816528 529.666443
735.222656 563.331665
735.628662 576.797729
736.034546 599.241272
736.44043 630.662109
736.846252 570.064697
737.252014 592.508179
737.657715 531.910767
738.063354 614.951721
738.468933 623.929077
738.874512 666.571716
739.280029 520.689026
739.685486 592.508179
740.090881 713.703064
740.496216 617.196045
740.90155 740.635254
741.306702 697.992615
741.711914 639.639526
742.117004 689.015198
742.522095 619.440369
742.927124 567.820374
743.332031 639.639526
743.737 646.372559
744.141785 635.150818
744.546631 599.241272
744.951355 594.752563
745.356079 628.417786
745.76062 623.929077
746.165283 617.196045
746.569824 623.929077
746.974243 632.906494
747.378723 671.060425
747.78302 673.304749
748.187378 610.463013
748.591614 659.838684
748.99585 646.372559
749.399963 637.395203
749.804077 612.707336
750.20813 601.485596
750.612122 601.485596
751.016052 547.621216
751.419922 601.485596
751.823792 592.508179
752.227478 639.639526
752.631226 603.729919
753.034851 590.263855
753.438477 650.861267
753.842102 662.083008
754.245544 650.861267
754.648987 509.467285
755.052368 601.485596
755.45575 561.08728
755.859009 538.643799
756.262268 590.263855
756.665405 498.245544
757.068542 574.553406
757.47168 650.861267
757.874634 626.173462
758.277588 630.662109
758.68042 767.567444
759.083374 888.762329
759.486084 920.183167
759.888916 1216.437256
760.291504 1229.903442
760.694214 1427.406128
761.096802 1180.52771
761.499268 1068.310181
761.901733 911.205811
762.304199 873.05188
762.706543 776.544861
763.108826 763.078735
763.511108 778.789185
763.913208 659.838684
764.315369 619.440369
764.717529 590.263855
765.119568 756.345703
765.521545 686.770874
765.923462 599.241272
766.325317 579.042114
766.727112 579.042114
767.128845 659.838684
767.530518 556.598633
767.932251 684.526489
768.333862 565.575989
768.735413 608.218628
769.136841 693.503906
769.538269 760.834412
769.939636 689.015198
770.341003 641.883911
770.742249 608.218628
771.143433 675.549133
771.544617 619.440369
771.94574 610.463013
772.346802 585.775146
772.747803 657.594299
773.148682 601.485596
773.549622 664.327393
773.950439 596.996887
774.351196 543.132507
774.751892 614.951721
775.152588 641.883911
775.553162 729.413513
775.953735 758.590027
776.354309 623.929077
776.754639 545.376892
777.15509 504.978577
777.55542 567.820374
777.95575 588.019531
778.355896 590.263855
778.756104 599.241272
779.156189 612.707336
779.556274 655.349976
779.956299 554.354248
780.356201 540.888184
780.756165 644.128235
781.156006 621.684753
781.555786 513.955994
781.955505 491.512482
782.355225 596.996887
782.754761 554.354248
783.154358 581.286438
783.553894 596.996887
783.953369 464.580292
784.352783 516.200317
784.752075 612.707336
785.151367 650.861267
785.550598 655.349976
785.949768 790.010925
786.348877 628.417786
786.747986 693.503906
787.147034 653.105652
787.545959 646.372559
787.944885 646.372559
788.34375 617.196045
788.742493 619.440369
789.141235 538.643799
789.539917 572.309082
789.938538 623.929077
790.337158 603.729919
790.735718 662.083008
791.134094 585.775146
791.532532 675.549133
791.930847 664.327393
792.329224 677.793457
792.727417 558.842957
793.12561 531.910767
793.523682 509.467285
793.921753 603.729919
794.319824 534.15509
794.717773 608.218628
795.115723 585.775146
795.51355 605.974304
795.911377 594.752563
796.309082 749.612671
796.706787 592.508179
797.10437 650.861267
797.501953 614.951721
797.899536 574.553406
798.296936 554.354248
798.694397 478.046387
799.091736 570.064697
799.489014 554.354248
799.88623 803.477051
800.283447 592.508179
800.680542 641.883911
801.077637 619.440369
801.47467 637.395203
801.871643 641.883911
802.268555 567.820374
802.665405 565.575989
803.062256 673.304749
803.458923 662.083008
803.855652 507.222931
804.252258 722.680481
804.648804 579.042114
805.04541 599.241272
805.441833 751.856995
805.838257 621.684753
806.234619 720.436096
806.630859 706.970032
807.0271 581.286438
807.423279 576.797729
807.819458 693.503906
808.215515 599.241272
808.611572 758.590027
809.007507 610.463013
809.403381 675.549133
809.799194 666.571716
810.195068 785.522217
810.590759 1052.599854
810.98645 1422.917358
811.38208 1734.881958
811.777649 1689.994995
812.173157 1649.59668
812.568665 1308.455566
812.96405 1232.147705
813.359375 1030.15625
813.754639 897.739685
814.149841 848.364014
814.545105 711.458679
814.940186 650.861267
815.335266 691.259583
815.730347 792.25531
816.125244 538.643799
816.520203 700.236938
816.914978 583.530823
817.309753 579.042114
817.704468 686.770874
818.099182 695.748291
818.493774 590.263855
818.888367 747.368286
819.282898 760.834412
819.677307 814.698792
820.071716 704.725647
820.466003 675.549133
820.860291 628.417786
821.254517 763.078735
821.648743 659.838684
822.042786 621.684753
822.43689 617.196045
822.830872 684.526489
823.224792 527.422058
823.618774 570.064697
824.012512 536.399475
824.406311 563.331665
824.799988 507.222931
825.193665 594.752563
825.58728 619.440369
825.980835 722.680481
826.374329 596.996887
826.767761 772.056152
827.161194 718.191772
827.554443 680.037842
827.947754 641.883911
828.340942 720.436096
828.734131 668.816101
829.127136 767.567444
829.520264 754.101318
829.913208 868.563171
830.306152 911.205811
830.699097 816.943115
831.091797 693.503906
831.484619 706.970032
831.877319 807.965698
832.27002 695.748291
832.662537 671.060425
833.055054 630.662109
833.44751 720.436096
833.839966 579.042114
834.232361 540.888184
834.624634 599.241272
835.016907 657.594299
835.409058 594.752563
835.801208 565.575989
836.193298 576.797729
836.585327 713.703064
836.977295 581.286438
837.369202 590.263855
837.761047 570.064697
838.152832 626.173462
838.544617 635.150818
838.936218 630.662109
839.327942 657.594299
839.719421 601.485596
840.111023 693.503906
840.50238 576.797729
840.89386 529.666443
841.285217 617.196045
841.676453 605.974304
842.067749 612.707336
842.458862 662.083008
842.849976 588.019531
843.241028 610.463013
843.632019 637.395203
844.022949 603.729919
844.413879 579.042114
844.804749 646.372559
845.195496 570.064697
845.586182 617.196045
845.976807 520.689026
846.367432 556.598633
846.757996 610.463013
847.148499 657.594299
847.538879 664.327393
847.92926 659.838684
848.319641 655.349976
848.709839 619.440369
849.100098 567.820374
849.490234 648.616943
849.88031 713.703064
850.270325 706.970032
850.660339 608.218628
851.050171 659.838684
851.440125 675.549133
851.829895 572.309082
852.219604 706.970032
852.609314 673.304749
852.998901 648.616943
853.38855 563.331665
853.778015 592.508179
854.16748 579.042114
854.556885 655.349976
854.946228 635.150818
855.335571 621.684753
855.724731 545.376892
856.113953 601.485596
856.503052 498.245544
856.892151 601.485596
857.281067 565.575989
857.670105 590.263855
858.05896 605.974304
858.447754 614.951721
858.836609 680.037842
859.225281 583.530823
859.613892 590.263855
860.002502 549.86554
860.391052 509.467285
860.779541 556.598633
861.167969 715.947388
861.556335 610.463013
861.944702 583.530823
862.332947 574.553406
862.721069 605.974304
863.109253 563.331665
863.497314 693.503906
863.885376 677.793457
864.273315 610.463013
864.661255 570.064697
865.049072 574.553406
865.43689 547.621216
865.824707 605.974304
866.21228 650.861267
866.599915 682.282166
866.987488 601.485596
867.375061 630.662109
867.762451 648.616943
868.149841 612.707336
868.53717 590.263855
868.924438 545.376892
869.311707 583.530823
869.698853 635.150818
870.085938 596.996887
870.472961 581.286438
870.859985 680.037842
871.246887 700.236938
871.633789 599.241272
872.020569 668.816101
872.407349 785.522217
872.794067 632.906494
873.180725 751.856995
873.567322 608.218628
873.953796 572.309082
874.340332 671.060425
874.726624 619.440369
875.113037 574.553406
875.499329 603.729919
875.885559 650.861267
876.271729 637.395203
876.657898 646.372559
877.044006 736.146545
877.429932 790.010925
877.815918 805.721375
878.201782 949.359741
878.587585 908.961426
878.973389 758.590027
879.35907 805.721375
879.744751 693.503906
880.13031 617.196045
880.51593 583.530823
880.901367 520.689026
881.286804 644.128235
881.67218 563.331665
882.057434 522.93335
882.442749 630.662109
882.827942 686.770874
883.213013 626.173462
883.598145 657.594299
883.983154 626.173462
884.368042 588.019531
884.753052 549.86554
885.137817 556.598633
885.522644 644.128235
885.907349 581.286438
886.292053 574.553406
886.676636 525.177734
887.061157 525.177734
887.44574 581.286438
887.830078 594.752563
888.214539 706.970032
888.598816 567.820374
888.983093 626.173462
889.367249 603.729919
889.751465 554.354248
890.135498 610.463013
890.519531 637.395203
890.903503 605.974304
891.287415 715.947388
891.671326 653.105652
892.055054 684.526489
892.438843 675.549133
892.82251 711.458679
893.206116 792.25531
893.589661 765.32312
893.973206 677.793457
894.356628 733.902222
894.73999 646.372559
895.123352 724.924805
895.506592 603.729919
895.889832 516.200317
896.272949 496.00119
896.656067 585.775146
897.039063 599.241272
897.422058 594.752563
897.804993 547.621216
898.187866 646.372559
898.570618 644.128235
898.953369 554.354248
899.336121 579.042114
899.718689 677.793457
900.101257 635.150818
900.483704 601.485596
900.866211 540.888184
901.248596 536.399475
901.63092 626.173462
902.013184 545.376892
902.395386 570.064697
902.777588 552.109924
903.159668 657.594299
903.541687 552.109924
903.923645 612.707336
904.305603 567.820374
904.6875 583.530823
905.069275 574.553406
905.45105 581.286438
905.832642 621.684753
906.214294 684.526489
906.595825 603.729919
906.977417 540.888184
907.358826 630.662109
907.740234 585.775146
908.121582 662.083008
908.502869 695.748291
908.884033 684.526489
909.265198 561.08728
909.646301 579.042114
910.027344 581.286438
910.408325 689.015198
910.789246 605.974304
911.170105 608.218628
911.550903 590.263855
911.931641 623.929077
912.312317 552.109924
912.692932 590.263855
913.073547 668.816101
913.453979 608.218628
913.834473 646.372559
914.214783 590.263855
914.595154 650.861267
914.975464 628.417786
915.355652 576.797729
915.73584 637.395203
916.115845 630.662109
916.495972 570.064697
916.875854 605.974304
917.255859 619.440369
917.63562 653.105652
918.015503 675.549133
918.395203 612.707336
918.774902 549.86554
919.15448 608.218628
919.534058 807.965698
919.913574 585.775146
920.292969 601.485596
920.672363 585.775146
921.051636 558.842957
921.430969 653.105652
921.810181 585.775146
922.189331 540.888184
922.56842 534.15509
922.947388 745.123962
923.326416 576.797729
923.705261 592.508179
924.084106 722.680481
924.462891 675.549133
924.841675 579.042114
925.220337 621.684753
925.598938 558.842957
925.977478 763.078735
926.355957 547.621216
926.734436 621.684753
927.112732 772.056152
927.491089 650.861267
927.869324 567.820374
928.247559 612.707336
928.625671 552.109924
929.003723 650.861267
929.381775 603.729919
929.759705 554.354248
930.137634 561.08728
930.515381 614.951721
930.89325 745.123962
931.270935 599.241272
931.64856 536.399475
932.026123 576.797729
932.403687 531.910767
932.78125 610.463013
933.15863 720.436096
933.536011 653.105652
933.913208 565.575989
934.290527 565.575989
934.667664 754.101318
935.0448 623.929077
935.421814 605.974304
935.798889 729.413513
936.175842 588.019531
936.552673 572.309082
936.929504 617.196045
937.306274 572.309082
937.683044 608.218628
938.05957 529.666443
938.436218 727.169128
938.812744 554.354248
939.189148 621.684753
939.565613 572.309082
939.941956 617.196045
940.318237 637.395203
940.694458 614.951721
941.070557 581.286438
941.446655 621.684753
941.822693 603.729919
942.198669 603.729919
942.574646 588.019531
942.950562 662.083008
943.326294 605.974304
943.702026 637.395203
944.077698 529.666443
944.453369 623.929077
944.828918 621.684753
945.204468 561.08728
945.579834 648.616943
945.955261 588.019531
946.330627 576.797729
946.705811 644.128235
947.081055 572.309082
947.456177 650.861267
947.831238 614.951721
948.206238 579.042114
948.581238 554.354248
948.956116 594.752563
949.330933 570.064697
949.705811 646.372559
950.080505 531.910767
950.455139 565.575989
950.829773 565.575989
951.204346 933.649292
951.578735 772.056152
951.953186 697.992615
952.327515 558.842957
952.701843 596.996887
953.076172 585.775146
953.450195 534.15509
953.824341 632.906494
954.198486 538.643799
954.572449 682.282166
954.94635 596.996887
955.320251 682.282166
955.694092 531.910767
956.067871 579.042114
956.441589 655.349976
956.815125 567.820374
957.188721 621.684753
957.562256 628.417786
957.93573 610.463013
958.309021 525.177734
958.682373 511.711639
959.055664 570.064697
959.428955 538.643799
959.802063 603.729919
960.17511 632.906494
960.548157 558.842957
960.921143 619.440369
961.294128 579.042114
961.666809 601.485596
962.039612 648.616943
962.412415 469.069
962.785095 576.797729
963.157715 592.508179
963.530151 511.711639
963.902649 605.974304
964.275146 695.748291
964.647522 648.616943
965.019714 543.132507
965.392029 614.951721
965.76416 534.15509
966.136292 601.485596
966.508423 601.485596
966.880371 513.955994
967.252319 644.128235
967.624207 579.042114
967.996094 567.820374
968.367737 605.974304
968.739441 549.86554
969.111084 592.508179
969.482666 518.444702
969.854248 570.064697
970.225586 596.996887
970.596985 590.263855
970.968323 525.177734
971.339661 653.105652
971.710754 527.422058
972.081909 671.060425
972.453064 601.485596
972.824097 754.101318
973.194946 543.132507
973.565918 668.816101
973.936768 592.508179
974.307556 543.132507
974.678284 601.485596
975.048828 614.951721
975.419495 628.417786
975.790039 623.929077
976.160522 662.083008
976.530884 581.286438
976.901245 644.128235
977.271606 653.105652
977.641846 711.458679
978.012024 626.173462
978.382019 632.906494
978.752136 787.766602
979.122131 691.259583
979.492065 614.951721
979.861877 579.042114
980.231689 556.598633
980.60144 545.376892
980.971191 608.218628
981.34082 547.621216
981.710266 592.508179
982.079773 653.105652
982.44928 565.575989
982.818604 628.417786
983.187866 554.354248
983.557129 601.485596
983.926331 561.08728
984.295471 614.951721
984.664612 534.15509
985.033569 635.150818
985.402527 603.729919
985.771362 614.951721
986.140259 590.263855
986.508911 653.105652
986.877625 680.037842
987.246277 574.553406
987.614929 610.463013
987.983459 662.083008
988.351807 594.752563
988.720215 572.309082
989.088623 576.797729
989.456909 653.105652
989.825012 650.861267
990.193115 570.064697
990.561279 677.793457
990.929321 543.132507
991.297302 630.662109
991.6651 617.196045
992.03302 668.816101
992.400818 585.775146
992.768494 605.974304
993.136047 601.485596
993.503723 599.241272
993.871277 641.883911
994.23877 605.974304
994.60614 576.797729
994.97345 547.621216
995.340759 567.820374
995.708008 635.150818
996.075195 596.996887
996.4422 529.666443
996.809265 496.00119
997.17627 536.399475
997.543152 718.191772
997.910095 579.042114
998.276733 601.485596
998.643494 520.689026
999.010193 543.132507
999.376831 644.128235
999.743286 621.684753
1000.109802 635.150818
1000.476257 547.621216
1000.842651 513.955994
1001.208923 583.530823
1001.575134 536.399475
1001.941284 525.177734
1002.307434 549.86554
1002.673523 626.173462
1003.039429 655.349976
1003.405334 637.395203
1003.771179 516.200317
1004.137024 585.775146
1004.502808 527.422058
1004.868408 558.842957
1005.234009 520.689026
1005.599609 635.150818
1005.965149 579.042114
1006.330444 500.489868
1006.695862 570.064697
1007.061218 639.639526
1007.426453 659.838684
1007.791626 547.621216
1008.156677 623.929077
1008.521729 684.526489
1008.88678 522.93335
1009.251709 579.042114
1009.616577 614.951721
1009.981384 561.08728
1010.34613 572.309082
1010.710754 664.327393
1011.075439 659.838684
1011.439941 543.132507
1011.804443 621.684753
1012.168884 581.286438
1012.533325 509.467285
1012.897522 538.643799
1013.26178 614.951721
1013.626038 655.349976
1013.990112 659.838684
1014.354187 693.503906
1014.71814 632.906494
1015.082153 632.906494
1015.446045 668.816101
1015.809937 639.639526
1016.173523 675.549133
1016.53717 711.458679
1016.900879 610.463013
1017.264404 567.820374
1017.627991 590.263855
1017.991333 504.978577
1018.354675 700.236938
1018.718018 585.775146
1019.081299 693.503906
1019.444397 632.906494
1019.807495 603.729919
1020.170593 547.621216
1020.533691 572.309082
1020.896606 599.241272
1021.25946 585.775146
1021.622253 585.775146
1021.985046 531.910767
1022.347778 565.575989
1022.710327 579.042114
1023.072876 534.15509
1023.435364 588.019531
1023.797852 563.331665
1024.160278 538.643799
1024.522461 522.93335
1024.884766 484.779449
1025.246948 543.132507
1025.609131 585.775146
1025.971069 614.951721
1026.33313 576.797729
1026.694946 711.458679
1027.056885 650.861267
1027.418823 576.797729
1027.780396 538.643799
1028.14209 585.775146
1028.503784 596.996887
1028.865479 596.996887
1029.226807 596.996887
1029.588135 605.974304
1029.949707 630.662109
1030.310913 655.349976
1030.672241 610.463013
1031.033325 630.662109
1031.394531 637.395203
1031.755493 626.173462
1032.116577 588.019531
1032.477417 686.770874
1032.838257 787.766602
1033.199097 594.752563
1033.559937 637.395203
1033.920654 626.173462
1034.281128 581.286438
1034.641724 758.590027
1035.002197 657.594299
1035.362671 680.037842
1035.7229 563.331665
1036.083252 592.508179
1036.443481 527.422058
1036.803711 563.331665
1037.16394 697.992615
1037.523804 626.173462
1037.883789 509.467285
1038.243774 565.575989
1038.603638 617.196045
1038.963257 650.861267
1039.32312 549.86554
1039.682861 520.689026
