188.301102 0.0
188.764923 0.0
189.228699 565.575989
189.692459 619.440369
190.156158 561.08728
190.619812 567.820374
191.083435 751.856995
191.547043 662.083008
192.01059 653.105652
192.474091 2298.213623
192.937561 731.657837
193.401001 686.770874
193.86441 711.458679
194.327759 803.477051
194.791077 697.992615
195.254349 686.770874
195.717575 702.481323
196.180786 702.481323
196.643951 774.300476
197.107071 673.304749
197.570145 700.236938
198.033203 653.105652
198.496216 689.015198
198.959167 682.282166
199.422089 706.970032
199.884979 693.503906
200.347855 706.970032
200.810654 704.725647
201.273422 686.770874
201.73616 821.431824
202.198853 653.105652
202.661514 729.413513
203.12413 695.748291
203.5867 837.142273
204.04924 736.146545
204.511734 684.526489
204.974197 756.345703
205.436615 650.861267
205.899002 720.436096
206.361343 704.725647
206.823654 635.150818
207.285919 689.015198
207.748123 588.019531
208.210327 727.169128
208.672485 666.571716
209.134583 664.327393
209.596649 632.906494
210.05867 704.725647
210.520676 650.861267
210.982635 686.770874
211.444534 628.417786
211.906403 778.789185
212.36824 704.725647
212.830048 648.616943
213.291779 736.146545
213.753494 567.820374
214.215179 650.861267
214.676819 635.150818
215.138412 664.327393
215.59996 684.526489
216.061493 639.639526
216.522949 637.395203
216.984406 684.526489
217.445801 704.725647
217.907166 673.304749
218.368484 664.327393
218.829773 653.105652
219.291031 653.105652
219.752228 664.327393
220.213379 700.236938
220.6745 574.553406
221.135574 693.503906
221.596634 605.974304
222.057648 605.974304
222.5186 653.105652
222.979553 641.883911
223.44043 693.503906
223.901276 729.413513
224.362076 718.191772
224.822845 581.286438
225.283569 668.816101
225.744278 621.684753
226.20491 666.571716
226.665512 635.150818
227.126114 668.816101
227.586639 704.725647
228.047119 697.992615
228.507568 626.173462
228.967972 664.327393
229.428345 641.883911
229.888687 639.639526
230.348984 715.947388
230.809219 621.684753
231.26944 657.594299
231.729614 680.037842
232.189758 630.662109
232.649841 653.105652
233.109894 684.526489
233.569901 733.902222
234.029892 765.32312
234.489822 706.970032
234.949707 581.286438
235.409561 760.834412
235.869385 680.037842
236.329163 673.304749
236.788895 635.150818
237.248581 722.680481
237.708237 664.327393
238.167847 662.083008
238.627441 630.662109
239.08696 657.594299
239.546463 653.105652
240.00592 617.196045
240.465332 632.906494
240.924698 749.612671
241.384033 621.684753
241.843338 709.214355
242.302597 700.236938
242.76181 742.879578
243.220993 700.236938
243.680115 668.816101
244.139221 691.259583
244.598282 650.861267
245.057297 630.662109
245.516266 619.440369
245.975189 668.816101
246.434082 664.327393
246.892944 700.236938
247.351761 747.368286
247.810516 812.454407
248.269272 664.327393
248.727951 852.852722
249.1866 637.395203
249.645218 668.816101
250.10379 736.146545
250.562317 632.906494
251.020813 639.639526
251.479279 610.463013
251.937668 614.951721
252.396057 677.793457
252.854385 659.838684
253.312683 756.345703
253.77092 680.037842
254.229126 684.526489
254.687302 630.662109
255.145432 592.508179
255.6035 637.395203
256.061584 641.883911
256.519592 655.349976
256.97757 657.594299
257.435455 673.304749
257.893372 650.861267
258.351196 644.128235
258.80899 666.571716
259.266754 565.575989
259.724487 783.277893
260.18219 781.033508
260.639832 666.571716
261.097443 639.639526
261.554993 666.571716
262.012512 742.879578
262.469971 635.150818
262.927429 774.300476
263.384827 637.395203
263.842194 662.083008
264.29953 650.861267
264.756805 657.594299
265.21405 693.503906
265.671234 754.101318
266.128387 742.879578
266.58551 576.797729
267.042572 668.816101
267.499573 677.793457
267.956604 740.635254
268.413574 767.567444
268.870483 722.680481
269.327362 664.327393
269.78418 657.594299
270.240936 700.236938
270.697693 666.571716
271.154419 713.703064
271.611053 534.15509
272.067688 738.39093
272.524292 704.725647
272.980835 657.594299
273.437347 677.793457
273.893799 637.395203
274.35025 621.684753
274.80661 608.218628
275.262939 758.590027
275.719238 695.748291
276.175507 695.748291
276.631714 736.146545
277.087891 666.571716
277.544067 619.440369
278.000122 628.417786
278.456177 763.078735
278.912201 736.146545
279.368164 718.191772
279.824097 644.128235
280.279968 659.838684
280.73584 632.906494
281.19162 648.616943
281.6474 621.684753
282.103149 754.101318
282.558838 682.282166
283.014465 720.436096
283.470062 644.128235
283.925629 673.304749
284.381134 612.707336
284.836639 653.105652
285.292053 785.522217
285.747467 653.105652
286.20282 662.083008
286.658142 635.150818
287.113434 657.594299
287.568634 655.349976
288.023804 711.458679
288.478973 680.037842
288.934113 626.173462
289.38913 675.549133
289.844208 583.530823
290.299164 677.793457
290.754089 641.883911
291.208984 619.440369
291.663879 729.413513
292.118683 588.019531
292.573456 639.639526
293.028198 740.635254
293.482849 621.684753
293.937561 630.662109
294.392151 902.228394
294.846741 821.431824
295.301239 664.327393
295.755737 706.970032
296.210175 632.906494
296.664581 653.105652
297.118958 689.015198
297.573242 570.064697
298.027557 644.128235
298.481812 657.594299
298.935974 619.440369
299.390137 691.259583
299.844238 689.015198
300.29834 695.748291
300.75235 596.996887
301.20636 659.838684
301.660278 641.883911
302.114197 655.349976
302.568054 689.015198
303.021881 648.616943
303.475677 697.992615
303.929413 646.372559
304.383118 758.590027
304.836761 691.259583
305.290375 763.078735
305.743958 650.861267
306.19751 623.929077
306.65097 733.902222
307.104431 680.037842
307.5578 807.965698
308.011169 612.707336
308.464508 655.349976
308.917755 666.571716
309.371063 617.196045
309.824219 760.834412
310.277374 686.770874
310.730499 673.304749
311.183563 747.368286
311.636597 655.349976
312.089569 704.725647
312.542511 834.897888
312.995422 572.309082
313.448273 706.970032
313.901093 668.816101
314.353882 727.169128
314.80658 709.214355
315.259308 727.169128
315.711975 605.974304
316.164581 758.590027
316.617126 680.037842
317.069672 655.349976
317.522156 722.680481
317.974579 664.327393
318.427002 610.463013
318.879333 733.902222
319.331665 736.146545
319.783936 648.616943
320.236176 583.530823
320.688354 686.770874
321.140503 684.526489
321.592651 722.680481
322.044647 619.440369
322.496704 666.571716
322.948639 628.417786
323.400604 733.902222
323.852509 738.39093
324.304352 664.327393
324.756165 671.060425
325.207916 635.150818
325.659668 583.530823
326.111328 715.947388
326.562988 628.417786
327.014557 641.883911
327.466156 706.970032
327.917664 628.417786
328.36911 691.259583
328.820557 650.861267
329.271942 614.951721
329.723297 662.083008
330.174561 704.725647
330.625854 648.616943
331.077026 671.060425
331.528229 695.748291
331.97937 747.368286
332.43045 601.485596
332.8815 635.150818
333.332489 720.436096
333.783478 742.879578
334.234406 644.128235
334.685303 709.214355
335.136078 632.906494
335.586914 682.282166
336.037659 754.101318
336.488342 639.639526
336.939026 659.838684
337.389648 673.304749
337.84024 657.594299
338.290771 671.060425
338.741272 702.481323
339.191681 760.834412
339.64212 706.970032
340.092468 742.879578
340.542816 682.282166
340.993103 623.929077
341.443329 673.304749
341.893555 671.060425
342.343689 632.906494
342.793793 666.571716
343.243866 657.594299
343.693878 657.594299
344.14389 626.173462
344.593842 873.05188
345.043732 653.105652
345.493591 689.015198
345.943359 733.902222
346.393158 666.571716
346.842896 709.214355
347.292542 675.549133
347.742218 650.861267
348.191803 603.729919
348.641357 671.060425
349.090881 605.974304
349.540314 709.214355
349.989777 668.816101
350.439148 641.883911
350.888489 668.816101
351.337799 709.214355
351.787048 644.128235
352.236267 666.571716
352.685425 693.503906
353.134552 567.820374
353.583649 697.992615
354.032684 742.879578
354.481659 695.748291
354.930634 614.951721
355.379517 668.816101
355.82843 671.060425
356.277222 531.910767
356.726013 574.553406
357.174774 650.861267
357.623444 675.549133
358.072113 709.214355
358.520721 579.042114
358.969299 585.775146
359.417786 558.842957
359.866302 641.883911
360.314697 668.816101
360.763123 740.635254
361.211456 754.101318
361.65976 675.549133
362.108032 662.083008
362.556244 637.395203
363.004456 635.150818
363.452576 715.947388
363.900696 630.662109
364.348663 673.304749
364.796722 706.970032
365.24469 682.282166
365.692596 689.015198
366.140472 742.879578
366.588287 763.078735
367.036102 623.929077
367.483826 693.503906
367.931549 742.879578
368.379181 722.680481
368.826843 644.128235
369.274384 623.929077
369.721924 673.304749
370.169403 756.345703
370.616821 709.214355
371.06427 648.616943
371.511566 632.906494
371.958923 736.146545
372.406158 684.526489
372.853424 632.906494
373.300568 680.037842
373.747711 736.146545
374.194794 686.770874
374.641846 623.929077
375.088898 623.929077
375.535828 662.083008
375.982758 691.259583
376.429596 659.838684
376.876465 675.549133
377.323242 579.042114
377.769989 695.748291
378.216675 684.526489
378.66333 700.236938
379.109985 599.241272
379.556519 751.856995
380.003052 715.947388
380.449524 738.39093
380.895996 655.349976
381.342377 653.105652
381.788727 648.616943
382.235046 648.616943
382.681274 742.879578
383.127533 628.417786
383.573669 653.105652
384.019836 754.101318
384.465912 610.463013
384.911957 745.123962
385.357971 722.680481
385.803925 612.707336
386.249847 680.037842
386.695679 722.680481
387.141541 612.707336
387.587311 673.304749
388.033051 736.146545
388.478729 682.282166
388.924408 641.883911
389.369995 754.101318
389.815552 671.060425
390.261078 763.078735
390.706543 718.191772
391.152008 628.417786
391.597351 664.327393
392.042725 709.214355
392.487976 769.811768
392.933289 697.992615
393.378479 711.458679
393.823639 738.39093
394.268768 594.752563
394.713837 754.101318
395.158905 704.725647
395.603851 677.793457
396.048798 722.680481
396.493683 765.32312
396.938568 738.39093
397.383392 693.503906
397.828156 668.816101
398.272888 592.508179
398.71756 641.883911
399.162201 668.816101
399.606781 740.635254
400.051361 738.39093
400.495819 702.481323
400.940308 632.906494
401.384705 792.25531
401.829102 765.32312
402.273438 772.056152
402.717682 668.816101
403.161926 841.630981
403.60611 1009.957153
404.050293 1631.641846
404.494385 2958.052246
404.938446 3588.714355
405.382477 3552.804932
405.826447 2589.979004
406.270386 1887.497681
406.714233 1321.921753
407.158081 1072.79895
407.601868 1119.930298
408.045624 1162.572876
408.489319 1245.61377
408.933014 1088.509399
409.376617 967.314514
409.82019 891.006653
410.263702 857.341431
410.707184 841.630981
411.150635 794.499634
411.594025 834.897888
412.037384 823.676147
412.480682 832.653564
412.923981 810.210083
413.367126 798.988342
413.810333 825.920532
414.253479 924.671875
414.696533 920.183167
415.139587 875.296204
415.582581 1018.93457
416.025543 920.183167
416.468414 834.897888
416.911285 908.961426
417.354065 987.513672
417.796875 897.739685
418.239594 861.830078
418.682281 1039.133667
419.124908 924.671875
419.567505 953.84845
420.010071 922.427551
420.452545 1012.201538
420.89502 857.341431
421.337372 1007.71283
421.779785 1104.219849
422.222107 1075.043335
422.664368 1057.088501
423.106628 989.757996
423.548798 1061.577148
423.990967 1070.554565
424.433044 1063.821533
424.875092 1023.423279
425.317078 1068.310181
425.759064 1043.622437
426.200989 992.00238
426.642853 1048.111084
427.084686 1227.659058
427.526459 1155.839844
427.968201 1191.74939
428.409912 1097.486816
428.851563 1207.459839
429.293121 1216.437256
429.734711 1207.459839
430.176239 1274.790405
430.617706 1220.926025
431.059113 1225.414673
431.500488 1209.704224
431.941833 1211.948608
432.383087 1117.685913
432.824341 1371.297363
433.265533 1272.546021
433.706726 1378.030396
434.147827 1535.134888
434.588867 1728.148926
435.029877 3043.337646
435.470825 6207.870117
435.911804 9585.615234
436.352661 10692.080078
436.793518 8678.898438
437.234283 6243.779785
437.675049 4333.838379
438.115723 3002.939209
438.556396 2033.380371
438.99704 1689.994995
439.437561 1559.822754
439.878113 1425.161743
440.318573 1409.451294
440.759033 1483.514893
441.199341 1461.071411
441.639709 1312.944336
442.079956 1434.13916
442.520264 1427.406128
442.96051 1470.048706
443.400604 1492.492188
443.840759 1434.13916
444.280762 1461.071411
444.720825 1514.935791
445.160767 1425.161743
445.600739 1413.940063
446.040558 1438.627808
446.480438 1465.560059
446.920258 1519.424438
447.359955 1474.537476
447.799713 1523.913086
448.239319 1481.270508
448.678955 1519.424438
449.1185 1463.315674
449.558014 1463.315674
449.997498 1490.247925
450.436951 1508.202637
450.876343 1508.202637
451.315674 1479.026123
451.754974 1481.270508
452.194183 1505.958374
452.633392 1461.071411
453.07251 1445.360962
453.511688 1467.804443
453.950684 1526.157471
454.38974 1548.600952
454.828735 1496.980957
455.267639 1479.026123
455.706543 1573.288818
456.145325 1535.134888
456.584137 1544.112305
457.022858 1400.473877
457.461578 1528.401855
457.900208 1380.27478
458.338867 1539.623535
458.777405 1440.872192
459.215912 1505.958374
459.654388 1568.800171
460.092773 1387.007813
460.531189 1402.718262
460.969513 1429.650513
461.407806 1353.342651
461.846008 1548.600952
462.284241 1422.917358
462.722351 1470.048706
463.160461 1472.293091
463.598541 1465.560059
464.03653 1436.383545
464.474518 1485.759155
464.912384 1443.116577
465.350281 1404.962646
465.788086 1483.514893
466.225891 1479.026123
466.663605 1407.207031
467.101318 1517.180054
467.539001 1351.098267
467.976563 1523.913086
468.414124 1425.161743
468.851593 1465.560059
469.289063 1387.007813
469.72644 1443.116577
470.163849 1387.007813
470.601135 1440.872192
471.038422 1402.718262
471.475677 1463.315674
471.912811 1346.609497
472.350006 1494.736572
472.787048 1467.804443
473.224121 1449.849609
473.661072 1483.514893
474.098053 1472.293091
474.534943 1387.007813
474.971802 1400.473877
475.40863 1492.492188
475.845367 1499.225342
476.282104 1485.759155
476.71875 1418.428711
477.155426 1580.021851
477.591949 1452.093994
478.028503 1562.067017
478.464966 1467.804443
478.901428 1620.420166
479.33786 1559.822754
479.77417 1588.999268
480.21051 1647.352295
480.646698 1606.954102
481.082947 1734.881958
481.519073 1768.547241
481.9552 1898.719482
482.391266 2040.113403
482.827301 2159.063965
483.263306 2338.611816
483.699188 2634.865967
484.135101 2857.056641
484.570923 3047.826172
485.006744 3510.162109
485.442413 3806.41626
485.878174 4205.910645
486.313782 4573.983887
486.74939 4758.020508
487.184998 4894.925781
487.620453 4984.699707
488.055939 5034.075195
488.491333 4863.504883
488.926727 4919.61377
489.36203 4758.020508
489.797302 4457.277832
490.232513 4354.037598
490.667755 4111.647949
491.102905 4125.11377
491.537964 3927.611084
491.973022 4051.050293
492.40799 3858.036377
492.842957 3880.479736
493.277832 3476.49707
493.712738 3514.650879
494.147491 3330.614258
494.582275 3379.98999
495.017029 3375.501221
495.45166 3036.604492
495.886292 2976.00708
496.320831 2848.079102
496.755402 2850.323486
497.18985 2702.196533
497.624298 2744.839111
498.058655 2684.241699
498.493042 2450.829346
498.927368 2374.521484
499.361572 2524.892822
499.795807 2408.186768
500.229919 2286.991943
500.664063 2233.127441
501.098083 2073.778809
501.532104 2069.290039
501.966064 1894.230713
502.399994 1912.185547
502.833893 1905.452515
503.2677 1914.429932
503.701477 1977.271729
504.135193 1811.189819
504.568909 1793.234985
505.002502 1817.922852
505.436127 1847.099365
505.869629 1815.678589
506.303162 1932.384644
506.736603 1815.678589
507.169983 1799.96814
507.603363 1752.836792
508.036621 1804.456787
508.46994 1862.809814
508.903107 1909.941162
509.336304 1939.117798
509.769379 1930.140381
510.202484 2019.914307
510.635529 1820.167236
511.068481 1853.83252
511.501434 1963.805542
511.934265 1939.117798
512.367126 1968.294312
512.799927 1934.629028
513.232605 1905.452515
513.665344 1876.276001
514.097961 1966.049927
514.530579 1842.610718
514.963135 1903.20813
515.395691 1990.737793
515.828064 1925.651611
516.260498 1916.674194
516.692871 1874.031616
517.125183 1961.561279
517.557373 1918.918579
517.989624 1930.140381
518.421753 1891.98645
518.853943 1811.189819
519.286072 1840.366333
519.718018 1844.855103
520.150024 1714.682861
520.581909 1847.099365
521.013855 1683.261963
521.445679 1829.144653
521.877502 1775.280273
522.309204 1750.592407
522.740906 1633.88623
523.172546 1638.375
523.604187 1667.551514
524.035767 1656.329712
524.467224 1573.288818
524.898682 1541.86792
525.330078 1575.533203
525.761475 1526.157471
526.192749 1566.555786
526.624023 1568.800171
527.055237 1544.112305
527.486389 1528.401855
527.917542 1629.397583
528.348572 1604.709717
528.779663 1559.822754
529.210571 1582.266235
529.641541 1550.845337
530.072388 1541.86792
530.503235 1600.221069
530.934082 1519.424438
531.364746 1449.849609
531.795532 1532.890503
532.226135 1476.78186
532.656738 1636.130615
533.08728 1784.25769
533.517822 1748.348022
533.948242 1876.276001
534.378662 1862.809814
534.809082 1916.674194
535.239319 2289.236328
535.669617 2022.158691
536.099792 1966.049927
536.529968 2105.199707
536.960083 2304.946777
537.390137 2821.146973
537.82019 3146.577637
538.250183 3546.071777
538.680115 3934.344238
539.109985 4692.934082
539.539795 5480.700684
539.969543 6425.571777
540.399292 8144.743164
540.828979 10552.929688
541.258606 13894.766602
541.688171 17366.775391
542.117737 20232.808594
542.547302 20594.148438
542.976685 20405.623047
543.406128 20430.310547
543.835388 19781.693359
544.264771 19718.851563
544.69397 19193.673828
545.12323 19489.929688
545.552307 24045.957031
545.981506 30276.271484
546.410583 33838.054688
546.839539 32091.949219
547.268555 26983.810547
547.697449 24019.025391
548.126282 21193.390625
548.555054 18423.863281
548.983887 15436.633789
549.412598 13416.719727
549.841309 11724.480469
550.269958 10070.395508
550.698486 9145.723633
551.127075 7976.416992
551.555481 7080.921875
551.983948 6174.20459
552.412292 5687.181152
552.840698 5031.831055
553.26886 4652.536133
553.697205 4017.385254
554.125366 3622.379639
554.553467 3314.903809
554.981628 2933.364502
555.409607 2733.617432
555.837646 2480.005859
556.265564 2365.544189
556.693481 2181.507568
557.121338 2127.643066
557.549133 1860.565552
557.976929 1676.528931
558.404602 1741.61499
558.832275 1631.641846
559.259888 1481.270508
559.687439 1418.428711
560.114929 1344.365234
560.542419 1339.876465
560.969788 1277.034668
561.397156 1279.279053
561.824524 1234.39209
562.25177 1315.188599
562.679016 1158.084229
563.10614 1216.437256
563.533264 1270.301636
563.960327 1128.907715
564.387329 1124.418945
564.814331 1155.839844
565.241272 1041.378052
565.668213 1108.708496
566.094971 1039.133667
566.52179 1066.065918
566.948425 1021.178894
567.375183 962.825806
567.801819 989.757996
568.228394 1068.310181
568.654846 953.84845
569.081421 1039.133667
569.507874 935.893616
569.934265 992.00238
570.360596 949.359741
570.786865 821.431824
571.213074 866.318787
571.639282 899.98407
572.06543 1018.93457
572.491516 884.273621
572.917603 875.296204
573.343567 834.897888
573.769531 758.590027
574.195435 958.337097
574.621277 807.965698
575.047119 913.450134
575.472839 951.604065
575.89856 1077.287598
576.324158 1523.913086
576.749817 2509.182373
577.175293 3097.201904
577.60083 3308.170898
578.026306 2771.77124
578.451721 3137.600342
578.877136 3651.556152
579.302429 4221.621094
579.727661 4288.951172
580.152832 3615.646729
580.578064 3442.831787
581.003113 3348.569092
581.428223 3126.378418
581.853271 3103.935059
582.278198 2958.052246
582.703125 3236.351563
583.12793 3460.786621
583.552795 3734.597168
583.977539 3788.461426
584.402283 3754.796387
584.826965 4019.629395
585.251587 4037.584229
585.676208 3858.036377
586.100647 3734.597168
586.525208 3994.94165
586.949524 4084.715576
587.373962 4425.856934
587.798218 4455.033203
588.222534 4082.471191
588.646729 3727.864014
589.070984 3510.162109
589.495117 3137.600342
589.919128 3121.889893
590.343201 2863.789551
590.767151 2720.151367
591.191101 2762.793945
591.61499 2504.693848
592.038818 2760.549561
592.462524 2852.567871
592.886292 3166.776855
593.310059 3415.899658
593.733582 3292.460449
594.157227 3135.355957
594.58075 2839.101807
595.004272 2688.730469
595.427673 2468.78418
595.851074 2345.344971
596.274353 2172.530029
596.697632 2015.425659
597.120911 2089.489258
597.544067 1963.805542
597.967224 1851.588135
598.39032 1905.452515
598.813354 2145.5979
599.236328 2179.263184
599.659241 2271.281494
600.082153 2289.236328
600.505005 2118.665771
600.927795 2152.330811
601.350525 2024.403076
601.773254 1862.809814
602.195862 1674.284546
602.618408 1553.089722
603.040955 1562.067017
603.46344 1530.64624
603.885925 1438.627808
604.30835 1564.311401
604.730652 1389.252197
605.152893 1411.695679
605.575195 1422.917358
605.997375 1490.247925
606.419495 1586.754883
606.841553 1654.085449
607.263672 1678.773193
607.685608 1997.470825
608.107605 2089.489258
608.52948 2327.390137
608.951294 2675.264404
609.373108 3368.768311
609.7948 4333.838379
610.216553 5716.357422
610.638123 9069.415039
611.059753 13681.552734
611.481262 18331.84375
611.902832 19644.789063
612.324219 18468.75
612.745605 16419.658203
613.166931 15156.09082
613.588196 14060.847656
614.00946 12593.043945
614.430664 11565.131836
614.851807 10153.435547
615.272827 8705.831055
615.693909 7541.013672
616.114929 6488.413574
616.535889 5559.25293
616.956787 5004.898926
617.377563 4551.540039
617.79834 3844.570313
618.219055 3575.248291
618.639832 3317.148193
619.060364 2964.7854
619.481018 2816.658203
619.901611 2747.083496
620.322083 2751.572266
620.742493 2675.264404
621.162842 2780.748779
621.583191 2875.011475
622.003418 2767.282715
622.423706 2708.929443
622.843872 2845.834717
623.264038 2886.233154
623.684143 2832.368652
624.104126 2978.251465
624.52417 2946.830566
624.944031 2890.721924
625.364014 2973.762695
625.783752 2996.206299
626.203552 3000.694824
626.62323 2982.740234
627.042969 2892.966064
627.462585 2845.834717
627.882141 2688.730469
628.301697 2589.979004
628.72113 2639.354736
629.140625 2484.494629
629.559998 2468.78418
629.979309 2589.979004
630.39856 2821.146973
630.81781 2996.206299
631.237 3160.043701
631.656067 2962.541016
632.075195 2749.327881
632.494202 2345.344971
632.913208 2177.018799
633.332092 1889.742065
633.750977 1817.922852
634.169739 1667.551514
634.588562 1355.586914
635.007263 1315.188599
635.425964 1207.459839
635.844543 1131.151978
636.263123 1084.02063
636.681641 1077.287598
637.100037 976.291931
637.518494 1081.776367
637.936829 1018.93457
638.355164 1101.975464
638.773438 1016.690186
639.19165 922.427551
639.609863 924.671875
640.027893 951.604065
640.445984 884.273621
640.863953 958.337097
641.281921 904.472717
641.699829 877.540527
642.117676 933.649292
642.535461 935.893616
642.953247 971.803223
643.370972 983.024963
643.788635 924.671875
644.206177 965.07019
644.623718 983.024963
645.04126 837.142273
645.458618 944.871033
645.876099 857.341431
646.293396 917.938843
646.710693 904.472717
647.127991 917.938843
647.545166 1135.640747
647.962341 904.472717
648.379333 805.721375
648.796448 895.495361
649.213379 962.825806
649.63031 1070.554565
650.04718 1128.907715
650.463989 1216.437256
650.880859 1317.432983
651.297546 1299.478271
651.714233 1227.659058
652.130859 1259.079956
652.547485 1124.418945
652.963928 1225.414673
653.380432 1180.52771
653.796814 1207.459839
654.213196 1045.866699
654.629578 1014.445862
655.045837 1137.88501
655.462036 992.00238
655.878174 931.404907
656.294312 956.092773
656.710327 1016.690186
657.126404 929.160583
657.542358 1144.618164
657.958252 980.78064
658.374084 949.359741
658.789917 886.517944
659.205688 983.024963
659.621338 873.05188
660.037048 1131.151978
660.452637 942.626709
660.868164 960.581482
661.283691 926.91626
661.699158 947.115356
662.114502 1023.423279
662.529846 1032.400635
662.945129 1014.445862
663.360413 1063.821533
663.775635 1034.64502
664.190674 947.115356
664.605835 1077.287598
665.020813 908.961426
665.435791 953.84845
665.850769 877.540527
666.265625 859.585754
666.68042 893.250977
667.095215 861.830078
667.509949 884.273621
667.924622 857.341431
668.339233 812.454407
668.753784 801.232666
669.168335 888.762329
669.582825 893.250977
669.997192 882.029236
670.41156 855.097046
670.825867 906.717102
671.240173 913.450134
671.654358 830.409241
672.068481 944.871033
672.482605 825.920532
672.896667 807.965698
673.310669 787.766602
673.724609 931.404907
674.138489 828.164856
674.552307 839.386597
674.966064 749.612671
675.379822 956.092773
675.793579 832.653564
676.207153 801.232666
676.620789 859.585754
677.034241 798.988342
677.447754 803.477051
677.861206 848.364014
678.274597 899.98407
678.687866 767.567444
679.101135 792.25531
679.514404 821.431824
679.927551 736.146545
680.340698 855.097046
680.753723 787.766602
681.166748 801.232666
681.579712 776.544861
681.992615 879.784912
682.405457 947.115356
682.818298 870.807495
683.231018 864.074463
683.643738 850.608337
684.056335 785.522217
684.468994 857.341431
684.881531 886.517944
685.293945 812.454407
685.706482 920.183167
686.118774 908.961426
686.531128 859.585754
686.943481 839.386597
687.355713 996.491089
687.767883 899.98407
688.179932 1070.554565
688.592041 956.092773
689.004089 884.273621
689.416016 850.608337
689.827881 911.205811
690.239868 823.676147
690.651611 852.852722
691.063354 796.743958
691.475098 810.210083
691.886719 832.653564
692.29834 859.585754
692.7099 899.98407
693.12146 790.010925
693.532837 922.427551
693.944214 816.943115
694.355652 807.965698
694.766846 796.743958
695.178101 794.499634
695.589294 767.567444
696.000366 740.635254
696.411438 758.590027
696.82251 754.101318
697.233459 686.770874
697.644409 722.680481
698.055298 706.970032
698.466064 657.594299
698.876831 801.232666
699.287537 781.033508
699.698181 731.657837
700.108826 718.191772
700.519348 693.503906
700.92981 621.684753
701.340271 794.499634
701.750732 812.454407
702.161011 668.816101
702.57135 749.612671
702.981567 778.789185
703.391724 781.033508
703.80188 807.965698
704.211914 630.662109
704.621948 751.856995
705.031921 852.852722
705.441895 816.943115
705.851746 976.291931
706.261536 989.757996
706.671265 1090.753784
707.081055 1149.106812
707.490662 1178.283325
707.90033 1178.283325
708.309814 1151.351196
708.719299 1382.519165
709.128784 1496.980957
709.538147 1321.921753
709.94751 1283.767822
710.35675 1155.839844
710.766052 1086.265015
711.175171 1050.355469
711.58429 1061.577148
711.993347 1189.505127
712.402405 1321.921753
712.811401 1232.147705
713.220276 1180.52771
713.62915 1052.599854
714.037964 924.671875
714.446777 904.472717
714.855408 873.05188
715.264099 778.789185
715.672668 772.056152
716.081177 816.943115
716.489746 702.481323
716.898132 798.988342
717.306519 742.879578
717.714844 754.101318
718.123108 702.481323
718.531372 655.349976
718.939514 772.056152
719.347595 718.191772
719.755676 704.725647
720.163696 713.703064
720.571716 713.703064
720.979614 702.481323
721.387451 727.169128
721.795227 769.811768
722.202942 677.793457
722.610718 659.838684
723.018311 763.078735
723.425903 662.083008
723.833374 671.060425
724.240906 590.263855
724.648376 668.816101
725.055725 697.992615
725.463013 682.282166
725.8703 745.123962
726.277466 812.454407
726.684631 720.436096
727.091797 691.259583
727.498779 666.571716
727.905823 682.282166
728.312805 697.992615
728.719666 785.522217
729.126526 805.721375
729.533264 722.680481
729.940063 718.191772
730.34668 693.503906
730.753357 747.368286
731.159851 713.703064
731.566406 612.707336
731.9729 614.951721
732.379272 684.526489
732.785645 729.413513
733.191895 641.883911
733.598206 689.015198
734.004333 709.214355
734.410522 841.630981
734.816528 626.173462
735.222656 630.662109
735.628662 700.236938
736.034546 637.395203
736.44043 722.680481
736.846252 664.327393
737.252014 733.902222
737.657715 729.413513
738.063354 695.748291
738.468933 738.39093
738.874512 776.544861
739.280029 680.037842
739.685486 655.349976
740.090881 783.277893
740.496216 711.458679
740.90155 718.191772
741.306702 803.477051
741.711914 774.300476
742.117004 783.277893
742.522095 563.331665
742.927124 693.503906
743.332031 684.526489
743.737 682.282166
744.141785 664.327393
744.546631 689.015198
744.951355 689.015198
745.356079 700.236938
745.76062 590.263855
746.165283 671.060425
746.569824 673.304749
746.974243 684.526489
747.378723 635.150818
747.78302 662.083008
748.187378 650.861267
748.591614 650.861267
748.99585 709.214355
749.399963 650.861267
749.804077 706.970032
750.20813 677.793457
750.612122 720.436096
751.016052 709.214355
751.419922 733.902222
751.823792 650.861267
752.227478 639.639526
752.631226 798.988342
753.034851 635.150818
753.438477 722.680481
753.842102 653.105652
754.245544 792.25531
754.648987 619.440369
755.052368 729.413513
755.45575 650.861267
755.859009 599.241272
756.262268 655.349976
756.665405 671.060425
757.068542 686.770874
757.47168 715.947388
757.874634 650.861267
758.277588 648.616943
758.68042 731.657837
759.083374 839.386597
759.486084 790.010925
759.888916 947.115356
760.291504 929.160583
760.694214 935.893616
761.096802 899.98407
761.499268 823.676147
761.901733 785.522217
762.304199 855.097046
762.706543 772.056152
763.108826 691.259583
763.511108 745.123962
763.913208 724.924805
764.315369 706.970032
764.717529 700.236938
765.119568 745.123962
765.521545 769.811768
765.923462 722.680481
766.325317 619.440369
766.727112 655.349976
767.128845 704.725647
767.530518 689.015198
767.932251 765.32312
768.333862 596.996887
768.735413 700.236938
769.136841 778.789185
769.538269 819.1875
769.939636 758.590027
770.341003 691.259583
770.742249 695.748291
771.143433 677.793457
771.544617 644.128235
771.94574 738.39093
772.346802 657.594299
772.747803 718.191772
773.148682 650.861267
773.549622 729.413513
773.950439 715.947388
774.351196 675.549133
774.751892 715.947388
775.152588 738.39093
775.553162 745.123962
775.953735 767.567444
776.354309 662.083008
776.754639 644.128235
777.15509 653.105652
777.55542 644.128235
777.95575 653.105652
778.355896 639.639526
778.756104 689.015198
779.156189 657.594299
779.556274 702.481323
779.956299 668.816101
780.356201 666.571716
780.756165 706.970032
781.156006 693.503906
781.555786 657.594299
781.955505 704.725647
782.355225 680.037842
782.754761 648.616943
783.154358 646.372559
783.553894 646.372559
783.953369 675.549133
784.352783 657.594299
784.752075 650.861267
785.151367 659.838684
785.550598 655.349976
785.949768 756.345703
786.348877 662.083008
786.747986 697.992615
787.147034 644.128235
787.545959 646.372559
787.944885 740.635254
788.34375 700.236938
788.742493 630.662109
789.141235 653.105652
789.539917 650.861267
789.938538 610.463013
790.337158 675.549133
790.735718 783.277893
791.134094 552.109924
791.532532 763.078735
791.930847 706.970032
792.329224 713.703064
792.727417 644.128235
793.12561 617.196045
793.523682 637.395203
793.921753 644.128235
794.319824 601.485596
794.717773 675.549133
795.115723 798.988342
795.51355 713.703064
795.911377 740.635254
796.309082 852.852722
796.706787 639.639526
797.10437 691.259583
797.501953 706.970032
797.899536 659.838684
798.296936 724.924805
798.694397 619.440369
799.091736 700.236938
799.489014 733.902222
799.88623 783.277893
800.283447 704.725647
800.680542 680.037842
801.077637 612.707336
801.47467 677.793457
801.871643 702.481323
802.268555 718.191772
802.665405 664.327393
803.062256 765.32312
803.458923 668.816101
803.855652 626.173462
804.252258 814.698792
804.648804 677.793457
805.04541 668.816101
805.441833 713.703064
805.838257 774.300476
806.234619 790.010925
806.630859 668.816101
807.0271 662.083008
807.423279 691.259583
807.819458 745.123962
808.215515 581.286438
808.611572 763.078735
809.007507 774.300476
809.403381 668.816101
809.799194 680.037842
810.195068 742.879578
810.590759 823.676147
810.98645 998.735413
811.38208 1117.685913
811.777649 1167.061646
812.173157 1173.794678
812.568665 1005.468445
812.96405 1039.133667
813.359375 891.006653
813.754639 850.608337
814.149841 821.431824
814.545105 754.101318
814.940186 778.789185
815.335266 650.861267
815.730347 828.164856
816.125244 704.725647
816.520203 798.988342
816.914978 686.770874
817.309753 632.906494
817.704468 675.549133
818.099182 760.834412
818.493774 713.703064
818.888367 778.789185
819.282898 736.146545
819.677307 805.721375
820.071716 675.549133
820.466003 736.146545
820.860291 691.259583
821.254517 689.015198
821.648743 686.770874
822.042786 637.395203
822.43689 695.748291
822.830872 745.123962
823.224792 648.616943
823.618774 646.372559
824.012512 594.752563
824.406311 637.395203
824.799988 659.838684
825.193665 713.703064
825.58728 715.947388
825.980835 711.458679
826.374329 731.657837
826.767761 803.477051
827.161194 655.349976
827.554443 722.680481
827.947754 729.413513
828.340942 805.721375
828.734131 724.924805
829.127136 677.793457
829.520264 758.590027
829.913208 848.364014
830.306152 745.123962
830.699097 783.277893
831.091797 731.657837
831.484619 637.395203
831.877319 846.11969
832.27002 772.056152
832.662537 745.123962
833.055054 646.372559
833.44751 798.988342
833.839966 612.707336
834.232361 639.639526
834.624634 621.684753
835.016907 668.816101
835.409058 628.417786
835.801208 700.236938
836.193298 632.906494
836.585327 729.413513
836.977295 646.372559
837.369202 664.327393
837.761047 617.196045
838.152832 691.259583
838.544617 668.816101
838.936218 704.725647
839.327942 731.657837
839.719421 724.924805
840.111023 659.838684
840.50238 702.481323
840.89386 619.440369
841.285217 751.856995
841.676453 749.612671
842.067749 626.173462
842.458862 718.191772
842.849976 718.191772
843.241028 697.992615
843.632019 722.680481
844.022949 659.838684
844.413879 635.150818
844.804749 648.616943
845.195496 626.173462
845.586182 691.259583
845.976807 547.621216
846.367432 635.150818
846.757996 693.503906
847.148499 715.947388
847.538879 720.436096
847.92926 590.263855
848.319641 763.078735
848.709839 713.703064
849.100098 693.503906
849.490234 680.037842
849.88031 713.703064
850.270325 702.481323
850.660339 686.770874
851.050171 680.037842
851.440125 684.526489
851.829895 704.725647
852.219604 646.372559
852.609314 702.481323
852.998901 691.259583
853.38855 659.838684
853.778015 686.770874
854.16748 722.680481
854.556885 673.304749
854.946228 662.083008
855.335571 619.440369
855.724731 666.571716
856.113953 695.748291
856.503052 630.662109
856.892151 697.992615
857.281067 691.259583
857.670105 655.349976
858.05896 662.083008
858.447754 729.413513
858.836609 814.698792
859.225281 727.169128
859.613892 756.345703
860.002502 588.019531
860.391052 635.150818
860.779541 650.861267
861.167969 704.725647
861.556335 655.349976
861.944702 689.015198
862.332947 673.304749
862.721069 689.015198
863.109253 650.861267
863.497314 729.413513
863.885376 700.236938
864.273315 601.485596
864.661255 619.440369
865.049072 700.236938
865.43689 614.951721
865.824707 747.368286
866.21228 677.793457
866.599915 718.191772
866.987488 704.725647
867.375061 677.793457
867.762451 727.169128
868.149841 668.816101
868.53717 713.703064
868.924438 630.662109
869.311707 677.793457
869.698853 682.282166
870.085938 713.703064
870.472961 650.861267
870.859985 720.436096
871.246887 776.544861
871.633789 706.970032
872.020569 720.436096
872.407349 850.608337
872.794067 666.571716
873.180725 691.259583
873.567322 706.970032
873.953796 727.169128
874.340332 689.015198
874.726624 711.458679
875.113037 693.503906
875.499329 709.214355
875.885559 729.413513
876.271729 623.929077
876.657898 650.861267
877.044006 706.970032
877.429932 763.078735
877.815918 816.943115
878.201782 796.743958
878.587585 841.630981
878.973389 798.988342
879.35907 803.477051
879.744751 657.594299
880.13031 713.703064
880.51593 666.571716
880.901367 641.883911
881.286804 697.992615
881.67218 713.703064
882.057434 612.707336
882.442749 599.241272
882.827942 691.259583
883.213013 668.816101
883.598145 722.680481
883.983154 668.816101
884.368042 596.996887
884.753052 601.485596
885.137817 608.218628
885.522644 810.210083
885.907349 617.196045
886.292053 706.970032
886.676636 650.861267
887.061157 677.793457
887.44574 653.105652
887.830078 702.481323
888.214539 736.146545
888.598816 731.657837
888.983093 709.214355
889.367249 664.327393
889.751465 648.616943
890.135498 655.349976
890.519531 684.526489
890.903503 657.594299
891.287415 765.32312
891.671326 763.078735
892.055054 713.703064
892.438843 736.146545
892.82251 747.368286
893.206116 702.481323
893.589661 668.816101
893.973206 700.236938
894.356628 668.816101
894.73999 682.282166
895.123352 684.526489
895.506592 657.594299
895.889832 588.019531
896.272949 691.259583
896.656067 724.924805
897.039063 749.612671
897.422058 675.549133
897.804993 704.725647
898.187866 774.300476
898.570618 653.105652
898.953369 722.680481
899.336121 655.349976
899.718689 603.729919
900.101257 671.060425
900.483704 787.766602
900.866211 644.128235
901.248596 614.951721
901.63092 740.635254
902.013184 614.951721
902.395386 648.616943
902.777588 637.395203
903.159668 680.037842
903.541687 581.286438
903.923645 664.327393
904.305603 644.128235
904.6875 677.793457
905.069275 621.684753
905.45105 686.770874
905.832642 695.748291
906.214294 720.436096
906.595825 724.924805
906.977417 664.327393
907.358826 702.481323
907.740234 635.150818
908.121582 680.037842
908.502869 666.571716
908.884033 785.522217
909.265198 659.838684
909.646301 662.083008
910.027344 635.150818
910.408325 704.725647
910.789246 585.775146
911.170105 718.191772
911.550903 697.992615
911.931641 630.662109
912.312317 653.105652
912.692932 630.662109
913.073547 666.571716
913.453979 686.770874
913.834473 711.458679
914.214783 630.662109
914.595154 760.834412
914.975464 704.725647
915.355652 621.684753
915.73584 758.590027
916.115845 772.056152
916.495972 747.368286
916.875854 666.571716
917.255859 684.526489
917.63562 729.413513
918.015503 751.856995
918.395203 801.232666
918.774902 682.282166
919.15448 637.395203
919.534058 790.010925
919.913574 644.128235
920.292969 718.191772
920.672363 706.970032
921.051636 617.196045
921.430969 657.594299
921.810181 621.684753
922.189331 677.793457
922.56842 592.508179
922.947388 711.458679
923.326416 632.906494
923.705261 639.639526
924.084106 843.875305
924.462891 628.417786
924.841675 715.947388
925.220337 635.150818
925.598938 650.861267
925.977478 769.811768
926.355957 621.684753
926.734436 630.662109
927.112732 828.164856
927.491089 588.019531
927.869324 608.218628
928.247559 671.060425
928.625671 655.349976
929.003723 702.481323
929.381775 724.924805
929.759705 628.417786
930.137634 590.263855
930.515381 673.304749
930.89325 747.368286
931.270935 686.770874
931.64856 585.775146
932.026123 619.440369
932.403687 666.571716
932.78125 657.594299
933.15863 839.386597
933.536011 650.861267
933.913208 680.037842
934.290527 599.241272
934.667664 790.010925
935.0448 715.947388
935.421814 691.259583
935.798889 684.526489
936.175842 641.883911
936.552673 713.703064
936.929504 711.458679
937.306274 662.083008
937.683044 628.417786
938.05957 583.530823
938.436218 792.25531
938.812744 650.861267
939.189148 697.992615
939.565613 689.015198
939.941956 608.218628
940.318237 720.436096
940.694458 682.282166
941.070557 594.752563
941.446655 720.436096
941.822693 713.703064
942.198669 689.015198
942.574646 693.503906
942.950562 700.236938
943.326294 605.974304
943.702026 671.060425
944.077698 650.861267
944.453369 657.594299
944.828918 664.327393
945.204468 657.594299
945.579834 686.770874
945.955261 713.703064
946.330627 675.549133
946.705811 754.101318
947.081055 662.083008
947.456177 677.793457
947.831238 702.481323
948.206238 662.083008
948.581238 682.282166
948.956116 691.259583
949.330933 673.304749
949.705811 648.616943
950.080505 727.169128
950.455139 585.775146
950.829773 619.440369
951.204346 942.626709
951.578735 834.897888
951.953186 668.816101
952.327515 666.571716
952.701843 664.327393
953.076172 646.372559
953.450195 619.440369
953.824341 673.304749
954.198486 594.752563
954.572449 834.897888
954.94635 650.861267
955.320251 718.191772
955.694092 659.838684
956.067871 781.033508
956.441589 731.657837
956.815125 601.485596
957.188721 653.105652
957.562256 644.128235
957.93573 682.282166
958.309021 695.748291
958.682373 637.395203
959.055664 659.838684
959.428955 650.861267
959.802063 655.349976
960.17511 675.549133
960.548157 610.463013
960.921143 650.861267
961.294128 673.304749
961.666809 619.440369
962.039612 664.327393
962.412415 621.684753
962.785095 680.037842
963.157715 666.571716
963.530151 680.037842
963.902649 718.191772
964.275146 689.015198
964.647522 664.327393
965.019714 653.105652
965.392029 680.037842
965.76416 594.752563
966.136292 628.417786
966.508423 668.816101
966.880371 677.793457
967.252319 677.793457
967.624207 653.105652
967.996094 650.861267
968.367737 648.616943
968.739441 628.417786
969.111084 614.951721
969.482666 617.196045
969.854248 635.150818
970.225586 619.440369
970.596985 677.793457
970.968323 671.060425
971.339661 742.879578
971.710754 702.481323
972.081909 790.010925
972.453064 675.549133
972.824097 794.499634
973.194946 596.996887
973.565918 691.259583
973.936768 682.282166
974.307556 637.395203
974.678284 662.083008
975.048828 689.015198
975.419495 704.725647
975.790039 583.530823
976.160522 749.612671
976.530884 686.770874
976.901245 677.793457
977.271606 650.861267
977.641846 749.612671
978.012024 596.996887
978.382019 653.105652
978.752136 758.590027
979.122131 792.25531
979.492065 704.725647
979.861877 659.838684
980.231689 653.105652
980.60144 632.906494
980.971191 689.015198
981.34082 653.105652
981.710266 754.101318
982.079773 704.725647
982.44928 695.748291
982.818604 729.413513
983.187866 671.060425
983.557129 648.616943
983.926331 644.128235
984.295471 637.395203
984.664612 745.123962
985.033569 675.549133
985.402527 715.947388
985.771362 729.413513
986.140259 774.300476
986.508911 706.970032
986.877625 706.970032
987.246277 722.680481
987.614929 722.680481
987.983459 695.748291
988.351807 713.703064
988.720215 628.417786
989.088623 617.196045
989.456909 769.811768
989.825012 644.128235
990.193115 628.417786
990.561279 709.214355
990.929321 749.612671
991.297302 684.526489
991.6651 630.662109
992.03302 711.458679
992.400818 585.775146
992.768494 718.191772
993.136047 621.684753
993.503723 612.707336
993.871277 675.549133
994.23877 675.549133
994.60614 664.327393
994.97345 601.485596
995.340759 655.349976
995.708008 637.395203
996.075195 664.327393
996.4422 691.259583
996.809265 599.241272
997.17627 603.729919
997.543152 702.481323
997.910095 619.440369
998.276733 673.304749
998.643494 646.372559
999.010193 588.019531
999.376831 722.680481
999.743286 662.083008
1000.109802 689.015198
1000.476257 673.304749
1000.842651 664.327393
1001.208923 664.327393
1001.575134 583.530823
1001.941284 612.707336
1002.307434 632.906494
1002.673523 666.571716
1003.039429 648.616943
1003.405334 673.304749
1003.771179 626.173462
1004.137024 628.417786
1004.502808 621.684753
1004.868408 601.485596
1005.234009 608.218628
1005.599609 668.816101
1005.965149 693.503906
1006.330444 612.707336
1006.695862 704.725647
1007.061218 675.549133
1007.426453 709.214355
1007.791626 637.395203
1008.156677 680.037842
1008.521729 819.1875
1008.88678 619.440369
1009.251709 612.707336
1009.616577 617.196045
1009.981384 659.838684
1010.34613 677.793457
1010.710754 760.834412
1011.075439 776.544861
1011.439941 673.304749
1011.804443 664.327393
1012.168884 605.974304
1012.533325 655.349976
1012.897522 684.526489
1013.26178 682.282166
1013.626038 733.902222
1013.990112 736.146545
1014.354187 796.743958
1014.71814 745.123962
1015.082153 697.992615
1015.446045 754.101318
1015.809937 740.635254
1016.173523 641.883911
1016.53717 727.169128
1016.900879 664.327393
1017.264404 614.951721
1017.627991 650.861267
1017.991333 691.259583
1018.354675 689.015198
1018.718018 650.861267
1019.081299 632.906494
1019.444397 657.594299
1019.807495 635.150818
1020.170593 599.241272
1020.533691 576.797729
1020.896606 662.083008
1021.25946 695.748291
1021.622253 673.304749
1021.985046 668.816101
1022.347778 684.526489
1022.710327 648.616943
1023.072876 608.218628
1023.435364 700.236938
1023.797852 738.39093
1024.160278 630.662109
1024.522461 644.128235
1024.884766 588.019531
1025.246948 599.241272
1025.609131 592.508179
1025.971069 693.503906
1026.33313 601.485596
1026.694946 747.368286
1027.056885 765.32312
1027.418823 673.304749
1027.780396 612.707336
1028.14209 742.879578
1028.503784 657.594299
1028.865479 677.793457
1029.226807 639.639526
1029.588135 668.816101
1029.949707 695.748291
1030.310913 751.856995
1030.672241 650.861267
1031.033325 682.282166
1031.394531 713.703064
1031.755493 659.838684
1032.116577 650.861267
1032.477417 706.970032
1032.838257 823.676147
1033.199097 677.793457
1033.559937 637.395203
1033.920654 614.951721
1034.281128 603.729919
1034.641724 747.368286
1035.002197 778.789185
1035.362671 686.770874
1035.7229 619.440369
1036.083252 689.015198
1036.443481 695.748291
1036.803711 558.842957
1037.16394 740.635254
1037.523804 706.970032
1037.883789 547.621216
1038.243774 733.902222
1038.603638 666.571716
1038.963257 581.286438
1039.32312 682.282166
1039.682861 619.440369
