0.0 1883.01102
0.0 1887.64923
419.693298 1892.28699
527.422058 1896.92459
466.824646 1901.56158
464.580292 1906.19812
657.594299 1910.83435
657.594299 1915.47043
601.485596 1920.1059
1043.622437 1924.74091
588.019531 1929.37561
684.526489 1934.01001
671.060425 1938.6441
657.594299 1943.27759
646.372559 1947.91077
608.218628 1952.54349
646.372559 1957.17575
590.263855 1961.80786
646.372559 1966.43951
590.263855 1971.07071
702.481323 1975.70145
668.816101 1980.33203
588.019531 1984.96216
592.508179 1989.59167
610.463013 1994.22089
552.109924 1998.84979
605.974304 2003.47855
659.838684 2008.10654
657.594299 2012.73422
671.060425 2017.3616
596.996887 2021.98853
711.458679 2026.61514
554.354248 2031.2413
720.436096 2035.867
736.146545 2040.4924
588.019531 2045.11734
650.861267 2049.74197
565.575989 2054.36615
655.349976 2058.99002
664.327393 2063.61343
727.169128 2068.23654
666.571716 2072.85919
599.241272 2077.48123
574.553406 2082.10327
635.150818 2086.72485
635.150818 2091.34583
552.109924 2095.96649
612.707336 2100.5867
570.064697 2105.20676
594.752563 2109.82635
637.395203 2114.44534
689.015198 2119.06403
767.567444 2123.6824
671.060425 2128.30048
689.015198 2132.91779
605.974304 2137.53494
585.775146 2142.15179
576.797729 2146.76819
576.797729 2151.38412
673.304749 2155.9996
659.838684 2160.61493
671.060425 2165.22949
619.440369 2169.84406
605.974304 2174.45801
693.503906 2179.07166
623.929077 2183.68484
662.083008 2188.29773
639.639526 2192.91031
697.992615 2197.52228
628.417786 2202.13379
621.684753 2206.745
639.639526 2211.35574
576.797729 2215.96634
610.463013 2220.57648
547.621216 2225.186
567.820374 2229.79553
644.128235 2234.4043
637.395203 2239.01276
612.707336 2243.62076
576.797729 2248.22845
583.530823 2252.83569
511.711639 2257.44278
621.684753 2262.0491
556.598633 2266.65512
632.906494 2271.26114
697.992615 2275.86639
677.793457 2280.47119
646.372559 2285.07568
612.707336 2289.67972
594.752563 2294.28345
715.947388 2298.88687
677.793457 2303.48984
702.481323 2308.09219
666.571716 2312.6944
585.775146 2317.29614
585.775146 2321.89758
623.929077 2326.49841
588.019531 2331.09894
680.037842 2335.69901
713.703064 2340.29892
641.883911 2344.89822
581.286438 2349.49707
724.924805 2354.09561
646.372559 2358.69385
637.395203 2363.29163
567.820374 2367.88895
612.707336 2372.48581
632.906494 2377.08237
610.463013 2381.67847
610.463013 2386.27441
610.463013 2390.8696
655.349976 2395.46463
675.549133 2400.0592
585.775146 2404.65332
675.549133 2409.24698
601.485596 2413.84033
558.842957 2418.43338
614.951721 2423.02597
769.811768 2427.6181
599.241272 2432.20993
653.105652 2436.80115
540.888184 2441.39221
677.793457 2445.98282
576.797729 2450.57297
668.816101 2455.16266
603.729919 2459.75189
623.929077 2464.34082
552.109924 2468.92944
626.173462 2473.51761
796.743958 2478.10516
684.526489 2482.69272
713.703064 2487.27951
653.105652 2491.866
612.707336 2496.45218
657.594299 2501.0379
614.951721 2505.62317
596.996887 2510.20813
498.245544 2514.79279
637.395203 2519.37668
718.191772 2523.96057
635.150818 2528.54385
596.996887 2533.12683
520.689026 2537.7092
581.286438 2542.29126
610.463013 2546.87302
590.263855 2551.45432
583.530823 2556.035
659.838684 2560.61584
628.417786 2565.19592
603.729919 2569.7757
608.218628 2574.35455
603.729919 2578.93372
614.951721 2583.51196
601.485596 2588.0899
504.978577 2592.66754
807.965698 2597.24487
603.729919 2601.8219
529.666443 2606.39832
596.996887 2610.97443
626.173462 2615.54993
662.083008 2620.12512
572.309082 2624.69971
655.349976 2629.27429
637.395203 2633.84827
556.598633 2638.42194
547.621216 2642.9953
646.372559 2647.56805
630.662109 2652.1405
772.056152 2656.71234
576.797729 2661.28387
603.729919 2665.8551
653.105652 2670.42572
579.042114 2674.99573
671.060425 2679.56604
724.924805 2684.13574
715.947388 2688.70483
639.639526 2693.27362
552.109924 2697.8418
630.662109 2702.40936
572.309082 2706.97693
561.08728 2711.54419
641.883911 2716.11053
639.639526 2720.67688
632.906494 2725.24292
556.598633 2729.80835
644.128235 2734.37347
599.241272 2738.93799
576.797729 2743.5025
563.331665 2748.0661
700.236938 2752.62939
619.440369 2757.19238
610.463013 2761.75507
632.906494 2766.31714
567.820374 2770.87891
525.177734 2775.44067
596.996887 2780.00122
715.947388 2784.56177
706.970032 2789.12201
531.910767 2793.68164
581.286438 2798.24097
612.707336 2802.79968
610.463013 2807.3584
561.08728 2811.9162
628.417786 2816.474
641.883911 2821.03149
626.173462 2825.58838
646.372559 2830.14465
635.150818 2834.70062
706.970032 2839.25629
592.508179 2843.81134
614.951721 2848.36639
709.214355 2852.92053
572.309082 2857.47467
522.93335 2862.0282
727.169128 2866.58142
545.376892 2871.13434
659.838684 2875.68634
682.282166 2880.23804
520.689026 2884.78973
592.508179 2889.34113
626.173462 2893.8913
644.128235 2898.44208
628.417786 2902.99164
653.105652 2907.54089
697.992615 2912.08984
655.349976 2916.63879
601.485596 2921.18683
608.218628 2925.73456
596.996887 2930.28198
558.842957 2934.82849
601.485596 2939.37561
805.721375 2943.92151
736.146545 2948.46741
565.575989 2953.01239
635.150818 2957.55737
549.86554 2962.10175
583.530823 2966.64581
617.196045 2971.18958
590.263855 2975.73242
659.838684 2980.27557
671.060425 2984.81812
668.816101 2989.35974
693.503906 2993.90137
653.105652 2998.44238
639.639526 3002.9834
603.729919 3007.5235
662.083008 3012.0636
632.906494 3016.60278
536.399475 3021.14197
668.816101 3025.68054
610.463013 3030.21881
639.639526 3034.75677
608.218628 3039.29413
722.680481 3043.83118
626.173462 3048.36761
715.947388 3052.90375
572.309082 3057.43958
610.463013 3061.9751
736.146545 3066.5097
596.996887 3071.04431
731.657837 3075.578
583.530823 3080.11169
540.888184 3084.64508
603.729919 3089.17755
570.064697 3093.71063
677.793457 3098.24219
632.906494 3102.77374
588.019531 3107.30499
677.793457 3111.83563
612.707336 3116.36597
592.508179 3120.89569
803.477051 3125.42511
558.842957 3129.95422
588.019531 3134.48273
733.902222 3139.01093
673.304749 3143.53882
621.684753 3148.0658
684.526489 3152.59308
648.616943 3157.11975
785.522217 3161.64581
691.259583 3166.17126
608.218628 3170.69672
684.526489 3175.22156
608.218628 3179.74579
664.327393 3184.27002
736.146545 3188.79333
626.173462 3193.31665
637.395203 3197.83936
572.309082 3202.36176
646.372559 3206.88354
583.530823 3211.40503
668.816101 3215.92651
581.286438 3220.44647
621.684753 3224.96704
619.440369 3229.48639
664.327393 3234.00604
675.549133 3238.52509
561.08728 3243.04352
659.838684 3247.56165
531.910767 3252.07916
641.883911 3256.59668
686.770874 3261.11328
601.485596 3265.62988
637.395203 3270.14557
653.105652 3274.66156
561.08728 3279.17664
588.019531 3283.6911
668.816101 3288.20557
614.951721 3292.71942
623.929077 3297.23297
605.974304 3301.74561
664.327393 3306.25854
630.662109 3310.77026
603.729919 3315.28229
659.838684 3319.7937
581.286438 3324.3045
549.86554 3328.815
711.458679 3333.32489
724.924805 3337.83478
639.639526 3342.34406
653.105652 3346.85303
664.327393 3351.36078
588.019531 3355.86914
686.770874 3360.37659
590.263855 3364.88342
612.707336 3369.39026
630.662109 3373.89648
599.241272 3378.4024
614.951721 3382.90771
639.639526 3387.41272
713.703064 3391.91681
668.816101 3396.4212
736.146545 3400.92468
579.042114 3405.42816
662.083008 3409.93103
588.019531 3414.43329
558.842957 3418.93555
657.594299 3423.43689
621.684753 3427.93793
558.842957 3432.43866
579.042114 3436.93878
558.842957 3441.4389
693.503906 3445.93842
637.395203 3450.43732
639.639526 3454.93591
644.128235 3459.43359
617.196045 3463.93158
612.707336 3468.42896
612.707336 3472.92542
605.974304 3477.42218
588.019531 3481.91803
655.349976 3486.41357
590.263855 3490.90881
628.417786 3495.40314
713.703064 3499.89777
563.331665 3504.39148
567.820374 3508.88489
637.395203 3513.37799
558.842957 3517.87048
664.327393 3522.36267
639.639526 3526.85425
583.530823 3531.34552
614.951721 3535.83649
666.571716 3540.32684
792.25531 3544.81659
664.327393 3549.30634
682.282166 3553.79517
680.037842 3558.2843
572.309082 3562.77222
538.643799 3567.26013
621.684753 3571.74774
646.372559 3576.23444
682.282166 3580.72113
637.395203 3585.20721
596.996887 3589.69299
585.775146 3594.17786
781.033508 3598.66302
561.08728 3603.14697
691.259583 3607.63123
684.526489 3612.11456
657.594299 3616.5976
686.770874 3621.08032
706.970032 3625.56244
668.816101 3630.04456
852.852722 3634.52576
1202.971191 3639.00696
2109.688232 3643.48663
3413.655273 3647.96722
4192.444336 3652.4469
4666.001953 3656.92596
4306.90625 3661.40472
3386.7229 3665.88287
2302.702393 3670.36102
1512.691406 3674.83826
1182.772095 3679.31549
895.495361 3683.79181
839.386597 3688.26843
785.522217 3692.74384
774.300476 3697.21924
891.006653 3701.69403
798.988342 3706.16821
785.522217 3710.6427
830.409241 3715.11566
794.499634 3719.58923
857.341431 3724.06158
834.897888 3728.53424
861.830078 3733.00568
819.1875 3737.47711
796.743958 3741.94794
859.585754 3746.41846
859.585754 3750.88898
962.825806 3755.35828
926.91626 3759.82758
944.871033 3764.29596
949.359741 3768.76465
924.671875 3773.23242
951.604065 3777.69989
971.803223 3782.16675
940.382324 3786.6333
1097.486816 3791.09985
1211.948608 3795.56519
1162.572876 3800.03052
1176.039063 3804.49524
1081.776367 3808.95996
1173.794678 3813.42377
1113.197266 3817.88727
1149.106812 3822.35046
1072.79895 3826.81274
971.803223 3831.27533
1050.355469 3835.73669
1162.572876 3840.19836
911.205811 3844.65912
1025.667603 3849.11957
1025.667603 3853.57971
951.604065 3858.03925
978.536255 3862.49847
969.558899 3866.95679
850.608337 3871.41541
994.246704 3875.87311
998.735413 3880.33051
913.450134 3884.78729
987.513672 3889.24408
956.092773 3893.69995
908.961426 3898.15552
1025.667603 3902.61078
1155.839844 3907.06543
1079.531982 3911.52008
1052.599854 3915.97351
965.07019 3920.42725
1005.468445 3924.87976
904.472717 3929.33289
953.84845 3933.78479
985.269287 3938.23639
965.07019 3942.68768
1032.400635 3947.13837
935.893616 3951.58905
1036.889404 3956.03851
938.138 3960.48798
1151.351196 3964.93683
1142.373779 3969.38568
1086.265015 3973.83392
1171.550293 3978.28156
1193.993774 3982.72888
1185.016357 3987.1756
1211.948608 3991.62201
1279.279053 3996.06781
1176.039063 4000.51361
1391.496582 4004.95819
1494.736572 4009.40308
1586.754883 4013.84705
1604.709717 4018.29102
1804.456787 4022.73438
1939.117798 4027.17682
3552.804932 4031.61926
9879.625 4036.0611
26579.828125 4040.50293
46841.8125 4044.94385
55139.171875 4049.38446
54434.445313 4053.82477
47167.242188 4058.26447
31178.5 4062.70386
15973.033203 4067.14233
9682.123047 4071.58081
10317.273438 4076.01868
11470.869141 4080.45624
11585.331055 4084.89319
9834.738281 4089.33014
7141.519043 4093.76617
4872.482422 4098.2019
3595.44751 4102.63702
3133.111572 4107.07184
3092.713135 4111.50635
3189.220215 4115.94025
3258.795166 4120.37384
3326.125488 4124.80682
3532.605713 4129.23981
3451.809082 4133.67126
3595.44751 4138.10333
3716.642334 4142.53479
3837.837158 4146.96533
4003.918945 4151.39587
4172.245117 4155.82581
4113.89209 4160.25543
4217.132324 4164.68414
4497.675781 4169.11285
4600.916016 4173.54065
4607.648926 4177.96875
4809.640625 4182.39594
4984.699707 4186.82281
4966.744629 4191.24908
5211.378906 4195.67505
5292.175293 4200.10071
5377.460938 4204.52545
5254.021484 4208.9502
5752.26709 4213.37372
6106.874512 4217.79785
6037.299316 4222.22107
6053.009766 4226.64368
6338.04248 4231.06628
6391.906738 4235.48798
6479.436035 4239.90967
6607.364258 4244.33044
6670.206055 4248.75092
7045.012207 4253.17078
7244.759277 4257.59064
7334.533203 4262.00989
7379.42041 4266.42853
7612.83252 4270.84686
7832.778809 4275.26459
7864.199707 4279.68201
7799.11377 4284.09912
8243.495117 4288.51563
8319.802734 4292.93121
8503.838867 4297.34711
8575.658203 4301.76239
8717.052734 4306.17706
8876.401367 4310.59113
8791.116211 4315.00488
9477.886719 4319.41833
9372.402344 4323.83087
9706.810547 4328.24341
10211.789063 4332.65533
10667.391602 4337.06726
12265.368164 4341.47827
17992.947266 4345.88867
43176.789063 4350.29877
65032.261719 4354.70825
65535.0 4359.11804
65535.0 4363.52661
65535.0 4367.93518
65535.0 4372.34283
59924.125 4376.75049
40589.054688 4381.15723
22030.53125 4385.56396
14978.787109 4389.9704
12709.75 4394.37561
11937.693359 4398.78113
11526.977539 4403.18573
11529.22168 4407.59033
11643.683594 4411.99341
11423.737305 4416.39709
11522.489258 4420.79956
11558.398438 4425.20264
11562.887695 4429.6051
11443.936523 4434.00604
11488.824219 4438.40759
11861.385742 4442.80762
11753.657227 4447.20825
11677.348633 4451.60767
11868.119141 4456.00739
11755.901367 4460.40558
11643.683594 4464.80438
11870.363281 4469.20258
11648.172852 4473.59955
12164.373047 4477.99713
11553.910156 4482.39319
11838.942383 4486.78955
12224.970703 4491.185
11753.657227 4495.58014
12177.838867 4499.97498
11991.557617 4504.36951
11645.927734 4508.76343
12173.350586 4513.15674
11798.543945 4517.54974
12029.711914 4521.94183
11895.050781 4526.33392
11724.480469 4530.7251
11634.706055 4535.11688
11610.018555 4539.50684
11434.958984 4543.8974
11755.901367 4548.28735
11526.977539 4552.67639
11448.425781 4557.06543
11522.489258 4561.45325
11495.556641 4565.84137
11304.787109 4570.22858
11358.651367 4574.61578
11228.479492 4579.00208
10905.292969 4583.38867
10941.202148 4587.77405
10860.40625 4592.15912
10804.296875 4596.54388
10828.985352 4600.92773
10407.047852 4605.31189
10725.745117 4609.69513
10615.771484 4614.07806
10750.432617 4618.46008
10416.024414 4622.84241
10478.866211 4627.22351
10595.573242 4631.60461
10398.070313 4635.98541
10651.681641 4640.3653
10431.735352 4644.74518
10508.042969 4649.12384
10566.396484 4653.50281
10413.780273 4657.88086
10465.400391 4662.25891
10478.866211 4666.63605
10885.09375 4671.01318
10537.219727 4675.39001
10846.939453 4679.76563
10481.111328 4684.14124
10577.618164 4688.51593
10532.731445 4692.89063
10534.975586 4697.2644
10521.508789 4701.63849
10611.283203 4706.01135
10674.125 4710.38422
10653.925781 4714.75677
10413.780273 4719.12811
10777.365234 4723.50006
10770.631836 4727.87048
10710.03418 4732.24121
10635.970703 4736.61072
10745.944336 4740.98053
11053.419922 4745.34943
10936.713867 4749.71802
11131.972656 4754.0863
11122.995117 4758.45367
11051.175781 4762.82104
11163.393555 4767.1875
11152.170898 4771.55426
11262.144531 4775.91949
11091.574219 4780.28503
11569.620117 4784.64966
11719.992188 4789.01428
11879.34082 4793.3786
12361.875977 4797.7417
12765.858398 4802.1051
13463.851563 4806.46698
13971.074219 4810.82947
15034.895508 4815.19073
16287.242188 4819.552
17781.978516 4823.91266
19714.363281 4828.27301
22324.541016 4832.63306
25103.046875 4836.99188
28269.822266 4841.35101
31582.482422 4845.70923
35519.070313 4850.06744
40070.613281 4854.42413
45082.242188 4858.78174
48206.378906 4863.13782
51238.492188 4867.4939
52730.984375 4871.84998
53653.414063 4876.20453
53471.621094 4880.55939
53231.476563 4884.91333
52313.535156 4889.26727
50856.953125 4893.6203
49223.066406 4897.97302
47804.640625 4902.32513
46018.136719 4906.67755
45248.324219 4911.02905
44491.980469 4915.37964
43277.785156 4919.73022
42263.339844 4924.0799
40564.367188 4928.42957
39038.210938 4932.77832
37734.242188 4937.12738
35974.675781 4941.47491
34228.570313 4945.82275
33193.925781 4950.17029
31827.117188 4954.5166
30747.583984 4958.86292
29479.527344 4963.20831
28689.515625 4967.55402
27731.179688 4971.8985
26986.054688 4976.24298
25906.523438 4980.58655
24622.755859 4984.93042
23561.177734 4989.27368
23087.621094 4993.61572
21886.894531 4997.95807
20894.890625 5002.29919
20122.835938 5006.64063
19346.291016 5010.98083
18740.316406 5015.32104
17995.191406 5019.66064
17272.511719 5023.99994
17131.117188 5028.33893
16486.990234 5032.677
16293.975586 5037.01477
16008.943359 5041.35193
15858.571289 5045.68909
15604.959961 5050.02502
15470.299805 5054.36127
15333.393555 5058.69629
15396.235352 5063.03162
15411.946289 5067.36603
15539.874023 5071.69983
15508.453125 5076.03363
15957.323242 5080.36621
16024.65332 5084.6994
16181.757813 5089.03107
16397.214844 5093.36304
16406.193359 5097.69379
16682.248047 5102.02484
16608.183594 5106.35529
17086.230469 5110.68481
17315.154297 5115.01434
17061.542969 5119.34265
17768.513672 5123.67126
17131.117188 5127.99927
17411.662109 5132.32605
17173.759766 5136.65344
17449.814453 5140.97961
17418.394531 5145.30579
17140.095703 5149.63135
17351.064453 5153.95691
17510.412109 5158.28064
17191.714844 5162.60498
17261.289063 5166.92871
17202.9375 5171.25183
16706.935547 5175.57373
16886.484375 5179.89624
16469.035156 5184.21753
16190.735352 5188.53943
16006.699219 5192.86072
15977.522461 5197.18018
15699.222656 5201.50024
15688.000977 5205.81909
15380.525391 5210.13855
15070.804688 5214.45679
14783.52832 5218.77502
14458.097656 5223.09204
14440.142578 5227.40906
13892.521484 5231.72546
14009.227539 5236.04187
13681.552734 5240.35767
13443.652344 5244.67224
13403.253906 5248.98682
13147.397461 5253.30078
12727.704102 5257.61475
12651.396484 5261.92749
12489.803711 5266.24023
12281.079102 5270.55237
12505.513672 5274.86389
12294.544922 5279.17542
12168.861328 5283.48572
11924.227539 5287.79663
11693.05957 5292.10571
11661.638672 5296.41541
11488.824219 5300.72388
11583.086914 5305.03235
11663.882813 5309.34082
11443.936523 5313.64746
11724.480469 5317.95532
11834.453125 5322.26135
12689.550781 5326.56738
13820.702148 5330.8728
15068.560547 5335.17822
15750.842773 5339.48242
15811.44043 5343.78662
15950.589844 5348.09082
17247.824219 5352.39319
17797.689453 5356.69617
18450.794922 5360.99792
20369.712891 5365.29968
23583.621094 5369.60083
27993.767578 5373.90137
33564.242188 5378.2019
38600.5625 5382.50183
43926.402344 5386.80115
49658.472656 5391.09985
55181.816406 5395.39795
60494.1875 5399.69543
65535.0 5403.99292
65535.0 5408.28979
65535.0 5412.58606
65535.0 5416.88171
65535.0 5421.17737
65535.0 5425.47302
65535.0 5429.76685
65535.0 5434.06128
65535.0 5438.35388
65535.0 5442.64771
65535.0 5446.9397
65535.0 5451.2323
65535.0 5455.52307
65535.0 5459.81506
65535.0 5464.10583
65535.0 5468.39539
65535.0 5472.68555
65535.0 5476.97449
65535.0 5481.26282
65535.0 5485.55054
65535.0 5489.83887
65535.0 5494.12598
65535.0 5498.41309
65535.0 5502.69958
65535.0 5506.98486
65535.0 5511.27075
64453.222656 5515.55481
60893.683594 5519.83948
57922.164063 5524.12292
54580.328125 5528.40698
50690.871094 5532.6886
46143.820313 5536.97205
41331.9375 5541.25366
36564.9375 5545.53467
32300.673828 5549.81628
28366.330078 5554.09607
25320.748047 5558.37646
22465.935547 5562.65564
20394.402344 5566.93481
18284.712891 5571.21338
16579.007813 5575.49133
15185.266602 5579.76929
13730.928711 5584.04602
12720.97168 5588.32275
11693.05957 5592.59888
10853.672852 5596.87439
10079.37207 5601.14929
9500.330078 5605.42419
9107.569336 5609.69788
8575.658203 5613.97156
8180.652832 5618.24524
7774.425781 5622.5177
7451.239258 5626.79016
7255.980957 5631.0614
6921.573242 5635.33264
6623.074707 5639.60327
6364.974609 5643.87329
6097.896973 5648.14331
5754.51123 5652.41272
5687.181152 5656.68213
5386.437988 5660.94971
5213.623047 5665.2179
5135.071289 5669.48425
4977.966797 5673.75183
4894.925781 5678.01819
4778.219727 5682.28394
4706.400391 5686.54846
4755.775879 5690.81421
4475.232422 5695.07874
4282.218262 5699.34265
4113.89209 5703.60596
3900.678955 5707.86865
3707.665039 5712.13074
3595.44751 5716.39282
3503.429199 5720.6543
3489.963135 5724.91516
3424.876953 5729.17603
3328.369873 5733.43567
3362.035156 5737.69531
3496.696045 5741.95435
3631.357178 5746.21277
3824.371094 5750.47119
4246.308594 5754.72839
5292.175293 5758.9856
11439.448242 5763.24158
24660.910156 5767.49817
34093.910156 5771.75293
37877.882813 5776.0083
32076.240234 5780.26306
33389.183594 5784.51721
44610.929688 5788.77136
50327.289063 5793.02429
51631.253906 5797.27661
44979.003906 5801.52832
40615.988281 5805.78064
39545.433594 5810.03113
37543.472656 5814.28223
36270.929688 5818.53271
35402.363281 5822.78198
36598.601563 5827.03125
39125.742188 5831.2793
41821.203125 5835.52795
43742.367188 5839.77539
45243.835938 5844.02283
45766.769531 5848.26965
45445.828125 5852.51587
44985.734375 5856.76208
43969.046875 5861.00647
44725.390625 5865.25208
47916.855469 5869.49524
50693.117188 5873.73962
51251.960938 5877.98218
48536.296875 5882.22534
44518.910156 5886.46729
40645.164063 5890.70984
37341.484375 5894.95117
34554.0 5899.19128
31820.382813 5903.43201
29062.078125 5907.67151
28420.195313 5911.91101
28204.736328 5916.1499
29383.019531 5920.38818
31800.183594 5924.62524
35357.476563 5928.86292
37785.863281 5933.10059
38445.703125 5937.33582
36053.226563 5941.57227
32610.394531 5945.8075
29585.011719 5950.04272
26936.679688 5954.27673
24149.197266 5958.51074
22046.242188 5962.74353
19687.431641 5966.97632
18455.283203 5971.20911
17710.160156 5975.44067
18188.207031 5979.67224
18621.365234 5983.9032
20246.275391 5988.13354
21801.609375 5992.36328
23177.394531 5996.59241
23446.716797 6000.82153
22860.941406 6005.05005
21512.087891 6009.27795
19864.734375 6013.50525
18338.578125 6017.73254
16368.039063 6021.95862
14559.09375 6026.18408
13315.723633 6030.40955
12094.797852 6034.6344
11387.828125 6038.85925
11194.814453 6043.0835
11069.130859 6047.30652
11235.211914 6051.52893
11520.245117 6055.75195
11989.313477 6059.97375
12963.361328 6064.19495
14300.993164 6068.41553
15762.064453 6072.63672
18105.166016 6076.85608
20656.990234 6081.07605
24883.099609 6085.2948
30269.539063 6089.51294
38495.078125 6093.73108
49451.992188 6097.948
59582.984375 6102.16553
65535.0 6106.38123
65535.0 6110.59753
65535.0 6114.81262
65535.0 6119.02832
65535.0 6123.24219
65535.0 6127.45605
65535.0 6131.66931
65535.0 6135.88196
65535.0 6140.0946
65535.0 6144.30664
65535.0 6148.51807
65535.0 6152.72827
65535.0 6156.93909
64516.0625 6161.14929
60184.46875 6165.35889
56582.289063 6169.56787
52537.972656 6173.77563
48033.5625 6177.9834
42687.523438 6182.19055
38373.882813 6186.39832
34515.847656 6190.60364
32486.955078 6194.81018
31625.125 6199.01611
30855.3125 6203.22083
31481.486328 6207.42493
31622.880859 6211.62842
32208.65625 6215.83191
31874.248047 6220.03418
32345.560547 6224.23706
32554.285156 6228.43872
33140.0625 6232.64038
33593.417969 6236.84143
34192.660156 6241.04126
33974.957031 6245.2417
33869.472656 6249.44031
34628.0625 6253.64014
34569.710938 6257.83752
33968.226563 6262.03552
34165.726563 6266.2323
33178.214844 6270.42969
32062.773438 6274.62585
30691.476563 6278.82141
29385.263672 6283.01697
28507.724609 6287.2113
27569.585938 6291.40625
27318.21875 6295.59998
28236.158203 6299.79309
31292.960938 6303.9856
34502.382813 6308.1781
36955.453125 6312.37
36203.597656 6316.56067
31952.800781 6320.75195
28202.492188 6324.94202
24337.722656 6329.13208
21000.375 6333.32092
17398.195313 6337.50977
14743.129883 6341.69739
11856.897461 6345.88562
9812.294922 6350.07263
8050.480957 6354.25964
7332.289063 6358.44543
6667.961426 6362.63123
6171.960449 6366.81641
5705.135742 6371.00037
5438.058105 6375.18494
5307.885742 6379.36829
5076.717773 6383.55164
4939.8125 6387.73438
4643.558594 6391.9165
4598.671387 6396.09863
4423.612305 6400.27893
4347.304688 6404.45984
4208.154785 6408.63953
4313.63916 6412.81921
4152.045898 6416.99829
4232.842773 6421.17676
4185.711426 6425.35461
4270.996582 6429.53247
4430.345215 6433.70972
4342.815918 6437.88635
4423.612305 6442.06177
4520.119141 6446.23718
4434.833984 6450.4126
4603.160156 6454.58618
4365.259277 6458.76099
4493.187012 6462.93396
4452.789063 6467.10693
4481.965332 6471.27991
4688.445801 6475.45166
4446.055664 6479.62341
4587.449707 6483.79333
4549.295898 6487.96448
5018.364746 6492.13379
5653.515625 6496.3031
7022.568848 6500.4718
8378.155273 6504.63989
9291.605469 6508.80859
9646.212891 6512.97546
9085.125977 6517.14233
8535.259766 6521.30859
8434.264648 6525.47485
8308.581055 6529.63928
8025.792969 6533.80432
7529.791504 6537.96814
6914.839844 6542.13196
6335.797852 6546.29578
5976.702148 6550.45837
5660.249023 6554.62036
5397.660156 6558.78174
5175.469238 6562.94312
4906.147461 6567.10327
4933.07959 6571.26404
5047.541504 6575.42358
4859.016113 6579.58252
4901.658691 6583.74084
4719.866211 6587.89917
4464.010742 6592.05688
4187.955566 6596.21338
4284.462891 6600.37048
3976.986816 6604.52637
3891.70166 6608.68164
3734.597168 6612.83691
4291.195801 6616.99158
5076.717773 6621.14502
5886.928223 6625.29846
6109.118652 6629.45129
5983.435059 6633.60413
5496.411133 6637.75635
5184.446777 6641.90674
5101.405762 6646.05835
4746.798828 6650.20813
4441.567383 6654.35791
4084.715576 6658.50769
3853.547607 6662.65625
3653.800537 6666.8042
3579.737061 6670.95215
3593.203125 6675.09949
3451.809082 6679.24622
3519.139648 6683.39233
3395.700439 6687.53784
3371.012451 6691.68335
3314.903809 6695.82825
3267.772461 6699.97192
3249.817627 6704.1156
3200.442139 6708.25867
3186.97583 6712.40173
2984.984375 6716.54358
3177.998535 6720.68481
2973.762695 6724.82605
2973.762695 6728.96667
2901.943604 6733.10669
2879.5 6737.24609
2841.346191 6741.38489
2879.5 6745.52307
2713.418213 6749.66064
2814.414063 6753.79822
2518.159912 6757.93579
2560.80249 6762.07153
2607.933838 6766.20789
2637.110352 6770.34241
2428.385986 6774.47754
2545.092041 6778.61206
2533.870361 6782.74597
2531.625977 6786.87866
2652.820801 6791.01135
2650.576416 6795.14404
2767.282715 6799.27551
2908.676514 6803.40698
3029.871582 6807.53723
3124.134033 6811.66748
3083.73584 6815.79712
3155.554932 6819.92615
3097.201904 6824.05457
3005.183594 6828.18298
2931.120117 6832.31018
2814.414063 6836.43738
2731.373047 6840.56335
2735.861816 6844.68994
2603.445068 6848.81531
2623.644287 6852.93945
2791.970459 6857.06482
2993.961914 6861.18774
3341.835938 6865.31128
3539.338867 6869.43481
4259.774902 6873.55713
4603.160156 6877.67883
4859.016113 6881.79932
5058.763184 6885.92041
4621.115234 6890.04089
4363.015137 6894.16016
3822.126709 6898.27881
3725.619629 6902.39868
3413.655273 6906.51611
3236.351563 6910.63354
2850.323486 6914.75098
2513.671143 6918.86719
2192.729248 6922.9834
2356.56665 6927.099
2513.671143 6931.2146
3016.405273 6935.32837
3463.030762 6939.44214
3397.944824 6943.55652
2980.49585 6947.66846
2641.599121 6951.78101
2500.205078 6955.89294
2311.679688 6960.00366
2105.199707 6964.11438
1876.276001 6968.2251
1660.818481 6972.33459
1447.605225 6976.44409
1225.414673 6980.55298
1191.74939 6984.66064
1205.215576 6988.76831
1263.568604 6992.87537
1218.681641 6996.98181
1164.817261 7001.08826
1119.930298 7005.19348
1202.971191 7009.2981
1364.564331 7013.40271
1328.654785 7017.50732
1371.297363 7021.61011
1470.048706 7025.7135
1580.021851 7029.81567
1622.664551 7033.91724
1788.746338 7038.0188
1959.316895 7042.11914
2237.616211 7046.21948
2522.648438 7050.31921
3191.4646 7054.41895
3994.94165 7058.51746
5168.736328 7062.61536
6748.758301 7066.71265
7648.742188 7070.81055
8420.798828 7074.90662
8694.609375 7079.0033
9091.858398 7083.09814
10680.858398 7087.19299
11378.850586 7091.28784
11464.135742 7095.38147
10054.68457 7099.4751
8580.147461 7103.5675
7377.175781 7107.66052
7116.831543 7111.75171
7370.442871 7115.8429
8230.02832 7119.93347
8912.310547 7124.02405
8625.03418 7128.11401
7765.448242 7132.20276
6578.1875 7136.2915
5633.316406 7140.37964
4856.771973 7144.46777
4102.67041 7148.55408
3332.858643 7152.64099
2720.151367 7156.72668
2132.131836 7160.81177
1658.574097 7164.89746
1429.650513 7168.98132
1265.812988 7173.06519
1095.242432 7177.14844
1061.577148 7181.23108
1034.64502 7185.31372
1099.731079 7189.39514
944.871033 7193.47595
994.246704 7197.55676
956.092773 7201.63696
825.920532 7205.71716
913.450134 7209.79614
868.563171 7213.87451
1034.64502 7217.95227
866.318787 7222.02942
848.364014 7226.10718
960.581482 7230.18311
926.91626 7234.25903
870.807495 7238.33374
875.296204 7242.40906
850.608337 7246.48376
906.717102 7250.55725
917.938843 7254.63013
891.006653 7258.703
929.160583 7262.77466
891.006653 7266.84631
776.544861 7270.91797
861.830078 7274.98779
875.296204 7279.05823
888.762329 7283.12805
904.472717 7287.19666
904.472717 7291.26526
843.875305 7295.33264
868.563171 7299.40063
873.05188 7303.4668
953.84845 7307.53357
816.943115 7311.59851
801.232666 7315.66406
778.789185 7319.729
713.703064 7323.79272
805.721375 7327.85645
740.635254 7331.91895
792.25531 7335.98206
785.522217 7340.04333
902.228394 7344.10522
765.32312 7348.16528
740.635254 7352.22656
769.811768 7356.28662
738.39093 7360.34546
751.856995 7364.4043
675.549133 7368.46252
740.635254 7372.52014
695.748291 7376.57715
738.39093 7380.63354
769.811768 7384.68933
738.39093 7388.74512
772.056152 7392.80029
754.101318 7396.85486
805.721375 7400.90881
718.191772 7404.96216
812.454407 7409.0155
850.608337 7413.06702
875.296204 7417.11914
931.404907 7421.17004
931.404907 7425.22095
967.314514 7429.27124
929.160583 7433.32031
947.115356 7437.37
812.454407 7441.41785
886.517944 7445.46631
882.029236 7449.51355
841.630981 7453.56079
724.924805 7457.6062
724.924805 7461.65283
772.056152 7465.69824
828.164856 7469.74243
801.232666 7473.78723
715.947388 7477.8302
767.567444 7481.87378
601.485596 7485.91614
731.657837 7489.9585
691.259583 7493.99963
646.372559 7498.04077
686.770874 7502.0813
659.838684 7506.12122
639.639526 7510.16052
684.526489 7514.19922
657.594299 7518.23792
675.549133 7522.27478
740.635254 7526.31226
697.992615 7530.34851
722.680481 7534.38477
736.146545 7538.42102
722.680481 7542.45544
650.861267 7546.48987
682.282166 7550.52368
691.259583 7554.5575
623.929077 7558.59009
650.861267 7562.62268
682.282166 7566.65405
729.413513 7570.68542
751.856995 7574.7168
740.635254 7578.74634
1187.260742 7582.77588
1757.325439 7586.8042
2062.556885 7590.83374
3108.423584 7594.86084
5085.695313 7598.88916
6086.675293 7602.91504
6941.771973 7606.94214
5821.841797 7610.96802
4892.681152 7614.99268
3833.348389 7619.01733
3332.858643 7623.04199
2641.599121 7627.06543
2203.950928 7631.08826
1730.393311 7635.11108
1245.61377 7639.13208
1003.224121 7643.15369
850.608337 7647.17529
873.05188 7651.19568
738.39093 7655.21545
675.549133 7659.23462
612.707336 7663.25317
585.775146 7667.27112
715.947388 7671.28845
659.838684 7675.30518
776.544861 7679.32251
810.210083 7683.33862
1090.753784 7687.35413
1380.27478 7691.36841
1645.108032 7695.38269
1544.112305 7699.39636
1413.940063 7703.41003
1303.966919 7707.42249
1232.147705 7711.43433
1070.554565 7715.44617
998.735413 7719.4574
857.341431 7723.46802
879.784912 7727.47803
841.630981 7731.48682
783.277893 7735.49622
814.698792 7739.50439
630.662109 7743.51196
749.612671 7747.51892
668.816101 7751.52588
715.947388 7755.53162
765.32312 7759.53735
682.282166 7763.54309
632.906494 7767.54639
677.793457 7771.5509
655.349976 7775.5542
639.639526 7779.5575
567.820374 7783.55896
646.372559 7787.56104
590.263855 7791.56189
630.662109 7795.56274
630.662109 7799.56299
592.508179 7803.56201
704.725647 7807.56165
632.906494 7811.56006
621.684753 7815.55786
617.196045 7819.55505
727.169128 7823.55225
612.707336 7827.54761
617.196045 7831.54358
641.883911 7835.53894
561.08728 7839.53369
657.594299 7843.52783
810.210083 7847.52075
882.029236 7851.51367
1054.844116 7855.50598
1319.677368 7859.49768
1108.708496 7863.48877
1012.201538 7867.47986
976.291931 7871.47034
906.717102 7875.45959
915.694519 7879.44885
852.852722 7883.4375
662.083008 7887.42493
680.037842 7891.41235
637.395203 7895.39917
666.571716 7899.38538
648.616943 7903.37158
666.571716 7907.35718
585.775146 7911.34094
740.635254 7915.32532
596.996887 7919.30847
733.902222 7923.29224
628.417786 7927.27417
693.503906 7931.2561
653.105652 7935.23682
691.259583 7939.21753
662.083008 7943.19824
626.173462 7947.17773
702.481323 7951.15723
671.060425 7955.1355
599.241272 7959.11377
713.703064 7963.09082
675.549133 7967.06787
648.616943 7971.0437
590.263855 7975.01953
691.259583 7978.99536
603.729919 7982.96936
632.906494 7986.94397
677.793457 7990.91736
612.707336 7994.89014
758.590027 7998.8623
664.327393 8002.83447
729.413513 8006.80542
605.974304 8010.77637
650.861267 8014.7467
659.838684 8018.71643
623.929077 8022.68555
558.842957 8026.65405
740.635254 8030.62256
653.105652 8034.58923
576.797729 8038.55652
825.920532 8042.52258
641.883911 8046.48804
747.368286 8050.4541
938.138 8054.41833
902.228394 8058.38257
1104.219849 8062.34619
1106.464233 8066.30859
951.604065 8070.271
904.472717 8074.23279
888.762329 8078.19458
765.32312 8082.15515
960.581482 8086.11572
733.902222 8090.07507
790.010925 8094.03381
1207.459839 8097.99194
2161.30835 8101.95068
4098.181641 8105.90759
6993.39209 8109.8645
8844.980469 8113.8208
9641.724609 8117.77649
8990.863281 8121.73157
7433.284668 8125.68665
6281.933594 8129.6405
5092.428223 8133.59375
4039.828613 8137.54639
3189.220215 8141.49841
2242.10498 8145.45105
1689.994995 8149.40186
1259.079956 8153.35266
1162.572876 8157.30347
870.807495 8161.25244
841.630981 8165.20203
706.970032 8169.14978
639.639526 8173.09753
691.259583 8177.04468
814.698792 8180.99182
1090.753784 8184.93774
1508.202637 8188.88367
1689.994995 8192.82898
1831.389038 8196.77307
1566.555786 8200.71716
1371.297363 8204.66003
1308.455566 8208.60291
1214.192993 8212.54517
1032.400635 8216.48743
938.138 8220.42786
879.784912 8224.3689
823.676147 8228.30872
617.196045 8232.24792
671.060425 8236.18774
608.218628 8240.12512
668.816101 8244.06311
702.481323 8247.99988
693.503906 8251.93665
859.585754 8255.8728
1178.283325 8259.80835
1443.116577 8263.74329
1703.46106 8267.67761
1615.931396 8271.61194
1618.175781 8275.54443
1488.00354 8279.47754
1431.894775 8283.40942
1467.804443 8287.34131
1642.863647 8291.27136
2143.353516 8295.20264
2628.133057 8299.13208
2753.816406 8303.06152
2605.689453 8306.99097
2266.792725 8310.91797
1876.276001 8314.84619
1777.524658 8318.77319
1490.247925 8322.7002
1250.102539 8326.62537
998.735413 8330.55054
1027.911987 8334.4751
765.32312 8338.39966
758.590027 8342.32361
630.662109 8346.24634
765.32312 8350.16907
583.530823 8354.09058
626.173462 8358.01208
592.508179 8361.93298
704.725647 8365.85327
646.372559 8369.77295
614.951721 8373.69202
626.173462 8377.61047
594.752563 8381.52832
653.105652 8385.44617
657.594299 8389.36218
680.037842 8393.27942
623.929077 8397.19421
581.286438 8401.11023
601.485596 8405.0238
579.042114 8408.9386
664.327393 8412.85217
767.567444 8416.76453
691.259583 8420.67749
646.372559 8424.58862
552.109924 8428.49976
594.752563 8432.41028
623.929077 8436.32019
592.508179 8440.22949
547.621216 8444.13879
644.128235 8448.04749
552.109924 8451.95496
653.105652 8455.86182
561.08728 8459.76807
583.530823 8463.67432
614.951721 8467.57996
720.436096 8471.48499
626.173462 8475.38879
697.992615 8479.2926
749.612671 8483.19641
603.729919 8487.09839
637.395203 8491.00098
579.042114 8494.90234
700.236938 8498.8031
718.191772 8502.70325
870.807495 8506.60339
915.694519 8510.50171
922.427551 8514.40125
891.006653 8518.29895
834.897888 8522.19604
794.499634 8526.09314
776.544861 8529.98901
745.123962 8533.8855
751.856995 8537.78015
648.616943 8541.6748
666.571716 8545.56885
693.503906 8549.46228
596.996887 8553.35571
632.906494 8557.24731
534.15509 8561.13953
579.042114 8565.03052
596.996887 8568.92151
626.173462 8572.81067
561.08728 8576.70105
648.616943 8580.5896
689.015198 8584.47754
756.345703 8588.36609
637.395203 8592.25281
680.037842 8596.13892
632.906494 8600.02502
563.331665 8603.91052
639.639526 8607.79541
709.214355 8611.67969
666.571716 8615.56335
572.309082 8619.44702
617.196045 8623.32947
644.128235 8627.21069
590.263855 8631.09253
673.304749 8634.97314
659.838684 8638.85376
639.639526 8642.73315
617.196045 8646.61255
599.241272 8650.49072
556.598633 8654.3689
715.947388 8658.24707
655.349976 8662.1228
605.974304 8665.99915
588.019531 8669.87488
639.639526 8673.75061
695.748291 8677.62451
619.440369 8681.49841
666.571716 8685.3717
599.241272 8689.24438
594.752563 8693.11707
576.797729 8696.98853
635.150818 8700.85938
639.639526 8704.72961
666.571716 8708.59985
704.725647 8712.46887
682.282166 8716.33789
623.929077 8720.20569
774.300476 8724.07349
684.526489 8727.94067
662.083008 8731.80725
641.883911 8735.67322
641.883911 8739.53796
693.503906 8743.40332
626.173462 8747.26624
545.376892 8751.13037
599.241272 8754.99329
614.951721 8758.85559
592.508179 8762.71729
767.567444 8766.57898
1160.328613 8770.44006
1831.389038 8774.29932
2194.973633 8778.15918
2466.539795 8782.01782
2313.924072 8785.87585
1986.249023 8789.73389
1876.276001 8793.5907
1683.261963 8797.44751
1265.812988 8801.3031
992.00238 8805.1593
843.875305 8809.01367
781.033508 8812.86804
684.526489 8816.7218
585.775146 8820.57434
680.037842 8824.42749
704.725647 8828.27942
628.417786 8832.13013
677.793457 8835.98145
621.684753 8839.83154
592.508179 8843.68042
583.530823 8847.53052
513.955994 8851.37817
608.218628 8855.22644
610.463013 8859.07349
599.241272 8862.92053
599.241272 8866.76636
596.996887 8870.61157
536.399475 8874.4574
567.820374 8878.30078
626.173462 8882.14539
706.970032 8885.98816
711.458679 8889.83093
680.037842 8893.67249
567.820374 8897.51465
561.08728 8901.35498
682.282166 8905.19531
644.128235 8909.03503
715.947388 8912.87415
697.992615 8916.71326
906.717102 8920.55054
1530.64624 8924.38843
1766.302856 8928.2251
2197.218018 8932.06116
2067.045654 8935.89661
1990.737793 8939.73206
1849.34375 8943.56628
1613.687134 8947.3999
1375.786133 8951.23352
929.160583 8955.06592
738.39093 8958.89832
695.748291 8962.72949
718.191772 8966.56067
621.684753 8970.39063
666.571716 8974.22058
543.132507 8978.04993
605.974304 8981.87866
630.662109 8985.70618
601.485596 8989.53369
590.263855 8993.36121
655.349976 8997.18689
590.263855 9001.01257
644.128235 9004.83704
644.128235 9008.66211
509.467285 9012.48596
608.218628 9016.3092
565.575989 9020.13184
590.263855 9023.95386
570.064697 9027.77588
596.996887 9031.59668
592.508179 9035.41687
691.259583 9039.23645
605.974304 9043.05603
588.019531 9046.875
520.689026 9050.69275
617.196045 9054.5105
547.621216 9058.32642
635.150818 9062.14294
646.372559 9065.95825
662.083008 9069.77417
614.951721 9073.58826
626.173462 9077.40234
662.083008 9081.21582
709.214355 9085.02869
684.526489 9088.84033
561.08728 9092.65198
653.105652 9096.46301
691.259583 9100.27344
709.214355 9104.08325
596.996887 9107.89246
731.657837 9111.70105
608.218628 9115.50903
574.553406 9119.31641
655.349976 9123.12317
623.929077 9126.92932
596.996887 9130.73547
545.376892 9134.53979
572.309082 9138.34473
590.263855 9142.14783
695.748291 9145.95154
608.218628 9149.75464
646.372559 9153.55652
767.567444 9157.3584
655.349976 9161.15845
668.816101 9164.95972
612.707336 9168.75854
718.191772 9172.55859
599.241272 9176.3562
731.657837 9180.15503
718.191772 9183.95203
641.883911 9187.74902
590.263855 9191.5448
819.1875 9195.34058
563.331665 9199.13574
644.128235 9202.92969
599.241272 9206.72363
623.929077 9210.51636
626.173462 9214.30969
581.286438 9218.10181
525.177734 9221.89331
617.196045 9225.6842
657.594299 9229.47388
617.196045 9233.26416
572.309082 9237.05261
787.766602 9240.84106
639.639526 9244.62891
655.349976 9248.41675
637.395203 9252.20337
677.793457 9255.98938
682.282166 9259.77478
668.816101 9263.55957
572.309082 9267.34436
776.544861 9271.12732
549.86554 9274.91089
614.951721 9278.69324
659.838684 9282.47559
585.775146 9286.25671
682.282166 9290.03723
662.083008 9293.81775
596.996887 9297.59705
594.752563 9301.37634
668.816101 9305.15381
754.101318 9308.9325
646.372559 9312.70935
675.549133 9316.4856
563.331665 9320.26123
605.974304 9324.03687
585.775146 9327.8125
749.612671 9331.5863
662.083008 9335.36011
581.286438 9339.13208
585.775146 9342.90527
765.32312 9346.67664
628.417786 9350.448
549.86554 9354.21814
662.083008 9357.98889
599.241272 9361.75842
610.463013 9365.52673
588.019531 9369.29504
594.752563 9373.06274
653.105652 9376.83044
623.929077 9380.5957
680.037842 9384.36218
563.331665 9388.12744
621.684753 9391.89148
547.621216 9395.65613
594.752563 9399.41956
653.105652 9403.18237
601.485596 9406.94458
547.621216 9410.70557
585.775146 9414.46655
635.150818 9418.22693
639.639526 9421.98669
536.399475 9425.74646
603.729919 9429.50562
588.019531 9433.26294
650.861267 9437.02026
531.910767 9440.77698
574.553406 9444.53369
653.105652 9448.28918
592.508179 9452.04468
581.286438 9455.79834
583.530823 9459.55261
666.571716 9463.30627
594.752563 9467.05811
561.08728 9470.81055
653.105652 9474.56177
498.245544 9478.31238
628.417786 9482.06238
513.955994 9485.81238
610.463013 9489.56116
588.019531 9493.30933
637.395203 9497.05811
572.309082 9500.80505
590.263855 9504.55139
538.643799 9508.29773
933.649292 9512.04346
803.477051 9515.78735
668.816101 9519.53186
605.974304 9523.27515
547.621216 9527.01843
556.598633 9530.76172
614.951721 9534.50195
594.752563 9538.24341
547.621216 9541.98486
729.413513 9545.72449
619.440369 9549.4635
630.662109 9553.20251
592.508179 9556.94092
574.553406 9560.67871
659.838684 9564.41589
592.508179 9568.15125
549.86554 9571.88721
605.974304 9575.62256
581.286438 9579.3573
538.643799 9583.09021
570.064697 9586.82373
583.530823 9590.55664
556.598633 9594.28955
614.951721 9598.02063
556.598633 9601.7511
565.575989 9605.48157
596.996887 9609.21143
610.463013 9612.94128
574.553406 9616.66809
632.906494 9620.39612
639.639526 9624.12415
516.200317 9627.85095
608.218628 9631.57715
572.309082 9635.30151
552.109924 9639.02649
684.526489 9642.75146
588.019531 9646.47522
601.485596 9650.19714
614.951721 9653.92029
666.571716 9657.6416
554.354248 9661.36292
549.86554 9665.08423
543.132507 9668.80371
628.417786 9672.52319
583.530823 9676.24207
671.060425 9679.96094
706.970032 9683.67737
590.263855 9687.39441
547.621216 9691.11084
579.042114 9694.82666
534.15509 9698.54248
646.372559 9702.25586
648.616943 9705.96985
626.173462 9709.68323
711.458679 9713.39661
650.861267 9717.10754
617.196045 9720.81909
659.838684 9724.53064
821.431824 9728.24097
603.729919 9731.94946
641.883911 9735.65918
599.241272 9739.36768
570.064697 9743.07556
596.996887 9746.78284
736.146545 9750.48828
794.499634 9754.19495
682.282166 9757.90039
724.924805 9761.60522
612.707336 9765.30884
603.729919 9769.01245
630.662109 9772.71606
691.259583 9776.41846
662.083008 9780.12024
614.951721 9783.82019
693.503906 9787.52136
724.924805 9791.22131
547.621216 9794.92065
614.951721 9798.61877
574.553406 9802.31689
574.553406 9806.0144
655.349976 9809.71191
543.132507 9813.4082
677.793457 9817.10266
650.861267 9820.79773
574.553406 9824.4928
684.526489 9828.18604
628.417786 9831.87866
576.797729 9835.57129
583.530823 9839.26331
502.734222 9842.95471
538.643799 9846.64612
511.711639 9850.33569
664.327393 9854.02527
646.372559 9857.71362
691.259583 9861.40259
635.150818 9865.08911
792.25531 9868.77625
531.910767 9872.46277
599.241272 9876.14929
635.150818 9879.83459
680.037842 9883.51807
588.019531 9887.20215
556.598633 9890.88623
626.173462 9894.56909
594.752563 9898.25012
583.530823 9901.93115
720.436096 9905.61279
576.797729 9909.29321
646.372559 9912.97302
561.08728 9916.651
644.128235 9920.3302
543.132507 9924.00818
628.417786 9927.68494
567.820374 9931.36047
585.775146 9935.03723
646.372559 9938.71277
498.245544 9942.3877
561.08728 9946.0614
590.263855 9949.7345
543.132507 9953.40759
621.684753 9957.08008
529.666443 9960.75195
605.974304 9964.422
534.15509 9968.09265
507.222931 9971.7627
621.684753 9975.43152
599.241272 9979.10095
590.263855 9982.76733
558.842957 9986.43494
554.354248 9990.10193
621.684753 9993.76831
590.263855 9997.43286
657.594299 10001.09802
610.463013 10004.76257
509.467285 10008.42651
630.662109 10012.08923
552.109924 10015.75134
608.218628 10019.41284
563.331665 10023.07434
684.526489 10026.73523
641.883911 10030.39429
650.861267 10034.05334
552.109924 10037.71179
653.105652 10041.37024
556.598633 10045.02808
565.575989 10048.68408
552.109924 10052.34009
648.616943 10055.99609
545.376892 10059.65149
558.842957 10063.30444
590.263855 10066.95862
554.354248 10070.61218
653.105652 10074.26453
525.177734 10077.91626
596.996887 10081.56677
713.703064 10085.21729
538.643799 10088.8678
632.906494 10092.51709
626.173462 10096.16577
599.241272 10099.81384
623.929077 10103.4613
639.639526 10107.10754
706.970032 10110.75439
635.150818 10114.39941
614.951721 10118.04443
594.752563 10121.68884
543.132507 10125.33325
668.816101 10128.97522
846.11969 10132.6178
1025.667603 10136.26038
1158.084229 10139.90112
1247.858154 10143.54187
1099.731079 10147.1814
1108.708496 10150.82153
1137.88501 10154.46045
911.205811 10158.09937
971.803223 10161.73523
911.205811 10165.3717
772.056152 10169.00879
704.725647 10172.64404
617.196045 10176.27991
565.575989 10179.91333
684.526489 10183.54675
592.508179 10187.18018
635.150818 10190.81299
632.906494 10194.44397
590.263855 10198.07495
525.177734 10201.70593
599.241272 10205.33691
570.064697 10208.96606
612.707336 10212.5946
603.729919 10216.22253
623.929077 10219.85046
565.575989 10223.47778
576.797729 10227.10327
583.530823 10230.72876
545.376892 10234.35364
563.331665 10237.97852
572.309082 10241.60278
574.553406 10245.22461
466.824646 10248.84766
543.132507 10252.46948
574.553406 10256.09131
720.436096 10259.71069
599.241272 10263.3313
684.526489 10266.94946
693.503906 10270.56885
596.996887 10274.18823
612.707336 10277.80396
626.173462 10281.4209
639.639526 10285.03784
576.797729 10288.65479
603.729919 10292.26807
540.888184 10295.88135
565.575989 10299.49707
623.929077 10303.10913
621.684753 10306.72241
590.263855 10310.33325
630.662109 10313.94531
603.729919 10317.55493
639.639526 10321.16577
650.861267 10324.77417
848.364014 10328.38257
653.105652 10331.99097
662.083008 10335.59937
531.910767 10339.20654
599.241272 10342.81128
549.86554 10346.41724
632.906494 10350.02197
666.571716 10353.62671
621.684753 10357.229
680.037842 10360.83252
552.109924 10364.43481
594.752563 10368.03711
765.32312 10371.6394
648.616943 10375.23804
563.331665 10378.83789
623.929077 10382.43774
599.241272 10386.03638
543.132507 10389.63257
498.245544 10393.2312
507.222931 10396.82861
