43.9376043334 3800
60.1922003124 3801
39.2434839284 3802
7.41549123013 3803
0.0 3804
14.6423167038 3805
74.3640655354 3806
137.414288325 3807
170.024942145 3808
138.56801186 3809
24.5021666761 3810
0.0 3811
0.0 3812
0.0 3813
0.0 3814
0.0 3815
0.0 3816
0.0 3817
0.0 3818
0.0 3819
0.0 3820
0.0 3821
0.0 3822
0.0 3823
0.0 3824
8.13016136064 3825
70.1624065969 3826
107.32023586 3827
109.460976573 3828
86.5322778052 3829
51.25321379 3830
16.2785624059 3831
0.0 3832
0.0 3833
0.0 3834
0.0 3835
0.0 3836
0.0 3837
0.0 3838
0.0 3839
0.0 3840
0.0 3841
35.1043368173 3842
118.33907559 3843
178.132009824 3844
190.678927588 3845
149.617238602 3846
74.8723997708 3847
0.0 3848
0.0 3849
0.0 3850
0.0 3851
0.0 3852
0.0 3853
0.0 3854
0.0 3855
22.1671712066 3856
59.1850335453 3857
75.9175045878 3858
66.3404853824 3859
38.936785663 3860
6.20091131048 3861
0.0 3862
0.0 3863
0.0 3864
0.0 3865
0.0 3866
0.0 3867
0.0 3868
0.0 3869
0.0 3870
0.0 3871
0.0 3872
0.0 3873
0.0 3874
0.0 3875
24.4385521709 3876
146.990551665 3877
241.575180655 3878
289.387766946 3879
271.745567914 3880
173.501745944 3881
18.8291985646 3882
0.0 3883
0.0 3884
0.0 3885
0.0 3886
0.0 3887
88.9104437175 3888
206.45900386 3889
238.650123685 3890
192.221618553 3891
100.226143119 3892
0.0 3893
0.0 3894
0.0 3895
0.0 3896
0.0 3897
0.0 3898
0.0 3899
31.9666206959 3900
85.2557899539 3901
118.422662647 3902
119.43570581 3903
87.1332480966 3904
34.7585897458 3905
0.0 3906
0.0 3907
0.0 3908
0.0 3909
0.0 3910
0.0 3911
0.0 3912
13.4088296142 3913
44.8656165326 3914
41.6653053323 3915
0.0 3916
0.0 3917
0.0 3918
0.0 3919
0.0 3920
0.0 3921
0.0 3922
0.0 3923
195.368792526 3924
321.613251337 3925
340.775372453 3926
279.139097132 3927
173.497972873 3928
60.40621739 3929
0.0 3930
0.0 3931
0.0 3932
0.0 3933
0.0 3934
0.0 3935
0.0 3936
0.0 3937
0.0 3938
19.260557575 3939
111.137238238 3940
189.57935808 3941
226.90854498 3942
195.973326074 3943
94.3325247722 3944
0.0 3945
0.0 3946
0.0 3947
0.0 3948
0.0 3949
0.0 3950
0.264065181651 3951
31.1084952587 3952
2.35120010429 3953
0.0 3954
0.0 3955
0.0 3956
0.0 3957
0.0 3958
0.0 3959
0.0 3960
0.0 3961
0.0 3962
0.0 3963
0.0 3964
0.0 3965
0.0 3966
0.0 3967
0.0 3968
0.0 3969
0.0 3970
0.0 3971
0.0 3972
0.0 3973
0.0 3974
0.0 3975
0.0 3976
0.0 3977
8.27065401855 3978
26.1953201764 3979
22.0434303505 3980
4.66437166813 3981
0.0 3982
0.0 3983
0.0 3984
0.0 3985
0.0 3986
0.0 3987
0.0 3988
0.0 3989
0.0 3990
0.0 3991
22.4774701533 3992
73.3561415953 3993
125.821483646 3994
165.999322434 3995
180.091478906 3996
157.929708715 3997
106.813948945 3998
39.3271442527 3999
0.0 4000
0.0 4001
0.0 4002
0.0 4003
0.0 4004
0.0 4005
0.0 4006
0.0 4007
0.0 4008
0.0 4009
0.0 4010
0.0 4011
0.0 4012
0.0 4013
0.0 4014
0.0 4015
0.0 4016
0.0 4017
2.01132040334 4018
44.6350050218 4019
78.2766226058 4020
100.290934144 4021
108.069317596 4022
99.0569957752 4023
75.0275097186 4024
45.7677441027 4025
21.8908873069 4026
13.9594405226 4027
30.2128566662 4028
63.2668999508 4029
99.2365548204 4030
124.279617486 4031
124.888104021 4032
99.393773781 4033
62.2132374993 4034
28.8536269366 4035
14.7512414044 4036
30.6972379983 4037
65.4672194787 4038
101.303151926 4039
120.525308642 4040
106.251027321 4041
58.4144834127 4042
0.0 4043
0.0 4044
0.0 4045
0.0 4046
0.0 4047
0.0 4048
0.0 4049
0.0 4050
0.0 4051
0.0 4052
0.0 4053
0.0 4054
0.0 4055
0.0 4056
0.0 4057
0.0 4058
0.0 4059
0.0 4060
0.0 4061
0.0 4062
0.0 4063
0.0 4064
0.0 4065
0.0 4066
0.0 4067
0.0 4068
0.0 4069
0.0 4070
23.9936969006 4071
62.2845475155 4072
88.1444183183 4073
103.739186092 4074
111.590273601 4075
114.209720816 4076
113.950842067 4077
112.526493161 4078
111.476450665 4079
112.335045798 4080
116.527086364 4081
123.506968238 4082
130.979195326 4083
136.594837231 4084
138.013886424 4085
133.922134249 4086
125.972241452 4087
116.347199214 4088
107.222655209 4089
100.396990185 4090
93.413812696 4091
81.1090691741 4092
58.2911921731 4093
19.8226938375 4094
0.0 4095
0.0 4096
0.0 4097
0.0 4098
0.0 4099
0.0 4100
0.0 4101
0.0 4102
0.0 4103
0.0 4104
0.0 4105
0.0 4106
0.0 4107
0.0 4108
0.0 4109
0.0 4110
0.0 4111
0.0 4112
42.5484055767 4113
138.272605539 4114
218.021362017 4115
256.539449692 4116
238.227079425 4117
179.577410901 4118
103.728129171 4119
33.7533230486 4120
0.0 4121
0.0 4122
0.0 4123
24.187301285 4124
61.2176560464 4125
97.8547181424 4126
126.706689851 4127
140.476130545 4128
131.884057949 4129
95.6106642349 4130
42.6707300828 4131
0.0 4132
0.0 4133
0.0 4134
33.2334191192 4135
122.750555703 4136
227.120672651 4137
329.779619049 4138
415.385396625 4139
475.088084352 4140
502.250882173 4141
490.253922797 4142
432.962391917 4143
337.058423766 4144
223.220038208 4145
112.790197088 4146
27.0626568531 4147
0.0 4148
0.0 4149
8.43803657296 4150
69.1165901581 4151
154.624420857 4152
254.351467248 4153
353.666171226 4154
437.867583905 4155
492.310639054 4156
509.65751619 4157
500.035085485 4158
476.10994147 4159
450.521437182 4160
434.638650081 4161
428.7916801 4162
427.556337632 4163
425.469694768 4164
417.126025444 4165
400.261562913 4166
377.699794034 4167
352.723711838 4168
328.609570148 4169
308.360546104 4170
293.475391384 4171
284.926609439 4172
283.68433491 4173
290.724227908 4174
307.226880452 4175
334.600485542 4176
374.262599406 4177
427.628096992 4178
493.63755511 4179
562.234986487 4180
621.336484161 4181
658.881075364 4182
663.755213522 4183
638.475163134 4184
595.912315575 4185
549.173694363 4186
511.327538509 4187
491.299878269 4188
488.20747164 4189
499.744553936 4190
523.60976555 4191
557.126124471 4192
594.326378668 4193
627.562566711 4194
649.186705929 4195
651.671403994 4196
634.312960967 4197
607.199251811 4198
581.356278785 4199
567.790352114 4200
574.838913917 4201
596.470396244 4202
621.825211627 4203
640.059252664 4204
640.700435906 4205
622.467689197 4206
593.880267687 4207
563.921005191 4208
541.556820357 4209
533.886872594 4210
541.617669667 4211
564.081732937 4212
600.612788421 4213
650.246346001 4214
707.975936785 4215
765.900710906 4216
816.069819857 4217
850.56601155 4218
865.605085167 4219
866.541402057 4220
859.946662841 4221
852.381425637 4222
850.143097498 4223
857.526137002 4224
877.871084634 4225
914.507043982 4226
970.589973311 4227
1040.70479817 4228
1106.96234215 4229
1150.51750613 4230
1152.5571324 4231
1101.1435709 4232
1017.75840601 4233
934.020184492 4234
881.496336146 4235
890.350321706 4236
961.332585384 4237
1066.74888322 4238
1177.78430431 4239
1265.6780941 4240
1310.92111791 4241
1322.15695206 4242
1313.36656086 4243
1298.50724321 4244
1290.58857137 4245
1291.97346219 4246
1298.22193443 4247
1304.7906765 4248
1307.17876204 4249
1305.12493857 4250
1306.60467375 4251
1320.52848104 4252
1355.79158149 4253
1419.09940286 4254
1502.50831643 4255
1592.0495861 4256
1673.75955294 4257
1733.88486023 4258
1765.54061897 4259
1770.52567995 4260
1751.19384455 4261
1709.89509716 4262
1651.11156519 4263
1588.11597763 4264
1536.42260478 4265
1511.51831003 4266
1527.76243718 4267
1581.02412731 4268
1651.86684799 4269
1720.4252886 4270
1766.88925789 4271
1779.74352782 4272
1768.52778333 4273
1746.06405382 4274
1725.1514474 4275
1717.48461846 4276
1724.8583342 4277
1743.77267361 4278
1770.68373964 4279
1802.09925341 4280
1837.57905184 4281
1881.60000767 4282
1939.0771829 4283
2014.91651754 4284
2110.50494206 4285
2208.30411472 4286
2284.4597023 4287
2315.15789413 4288
2277.84674736 4289
2180.14196519 4290
2061.0082741 4291
1960.8012808 4292
1919.79487467 4293
1963.83586354 4294
2072.00430286 4295
2213.9289179 4296
2359.2973653 4297
2479.46548487 4298
2565.50759751 4299
2621.66878883 4300
2652.42787149 4301
2662.26840427 4302
2657.52510074 4303
2648.25550529 4304
2644.94380271 4305
2658.05299873 4306
2695.80456618 4307
2751.16283245 4308
2810.70604429 4309
2861.01821861 4310
2888.99930412 4311
2892.20748598 4312
2881.69001387 4313
2869.34076231 4314
2867.02841262 4315
2883.01832405 4316
2911.04314909 4317
2941.1684729 4318
2963.48112209 4319
2968.91426576 4320
2961.69606507 4321
2956.76292986 4322
2969.32493675 4323
3014.53391364 4324
3099.58547329 4325
3212.38489064 4326
3337.98885519 4327
3461.48741533 4328
3568.89315824 4329
3653.81488918 4330
3713.6993347 4331
3746.02875967 4332
3748.43677944 4333
3726.58430376 4334
3698.17486486 4335
3681.86501532 4336
3696.26735847 4337
3754.33207267 4338
3841.48433259 4339
3934.78569621 4340
4011.35091267 4341
4049.66825544 4342
4055.69818076 4343
4061.28005061 4344
4099.18862694 4345
4202.09688165 4346
4381.91977923 4347
4591.1425798 4348
4771.7671725 4349
4865.94166599 4350
4823.27926284 4351
4668.69472499 4352
4471.21357324 4353
4300.25037756 4354
4224.59031333 4355
4275.58567355 4356
4419.97659998 4357
4618.15998383 4358
4830.63501728 4359
5020.74052872 4360
5167.53807462 4361
5255.68477584 4362
5269.88674647 4363
5196.2041702 4364
5054.99808199 4365
4903.27505949 4366
4799.68718672 4367
4802.71855363 4368
4946.69790573 4369
5186.83875161 4370
5462.23273384 4371
5712.14222693 4372
5880.00471969 4373
5957.57592003 4374
5968.47873206 4375
5936.83792872 4376
5886.67919076 4377
5838.2644314 4378
5804.61681294 4379
5797.89513575 4380
5830.22230342 4381
5910.32594408 4382
6025.25181066 4383
6153.48981679 4384
6273.57220605 4385
6364.63192397 4386
6422.84635443 4387
6464.45828016 4388
6506.81728758 4389
6567.22021968 4390
6657.10053955 4391
6766.60971518 4392
6881.07308093 4393
6985.86190349 4394
7067.29795449 4395
7124.04669709 4396
7163.64825505 4397
7193.81641129 4398
7222.22907049 4399
7254.66315749 4400
7292.90861552 4401
7338.24424973 4402
7391.944932 4403
7455.81774872 4404
7535.4488745 4405
7638.03426135 4406
7770.75130111 4407
7940.32793127 4408
8137.87062979 4409
8334.77812765 4410
8501.27852162 4411
8607.70255067 4412
8635.95090432 4413
8612.91850882 4414
8576.41147711 4415
8564.10452585 4416
8611.31862916 4417
8720.41498086 4418
8868.68458351 4419
9032.8647102 4420
9189.80174051 4421
9322.06082279 4422
9424.81766761 4423
9494.9593115 4424
9529.38595788 4425
9527.03884259 4426
9501.9770065 4427
9475.02620019 4428
9466.96817132 4429
9498.15323347 4430
9574.71153939 4431
9684.14392515 4432
9812.72998825 4433
9946.80049046 4434
10076.7733837 4435
10209.5242529 4436
10356.078189 4437
10527.4179092 4438
10733.087031 4439
10961.0922186 4440
11182.620447 4441
11368.5171206 4442
11489.8246143 4443
11536.4349051 4444
11540.9404773 4445
11541.7144758 4446
11576.9755901 4447
11678.728967 4448
11832.8979497 4449
12004.4092951 4450
12158.2206755 4451
12260.1359138 4452
12304.6409755 4453
12324.0377664 4454
12353.0950048 4455
12426.4377348 4456
12566.906555 4457
12749.7006739 4458
12937.9825098 4459
13095.0704264 4460
13187.2341007 4461
13223.592819 4462
13246.5527298 4463
13299.2230459 4464
13424.4048666 4465
13637.3677823 4466
13891.6213618 4467
14132.4202213 4468
14305.2603161 4469
14366.5431909 4470
14352.2498249 4471
14334.0017515 4472
14383.2766744 4473
14569.545766 4474
14896.7847004 4475
15284.4701767 4476
15646.811286 4477
15898.4089116 4478
15980.2355517 4479
15936.4485726 4480
15836.484926 4481
15749.4620201 4482
15740.7191303 4483
15824.9702623 4484
15978.8561506 4485
16178.1865326 4486
16398.8967224 4487
16619.6584712 4488
16824.9195111 4489
16999.9445018 4490
17130.0682069 4491
17204.8998609 4492
17243.6593718 4493
17278.1625158 4494
17340.1198662 4495
17460.2764232 4496
17641.1597229 4497
17850.7216326 4498
18054.9405673 4499
18219.9631364 4500
18322.4254739 4501
18377.3383749 4502
18408.4992518 4503
18439.5890471 4504
18493.2006868 4505
18578.9745159 4506
18697.3925848 4507
18848.7398011 4508
19033.2386002 4509
19243.0267402 4510
19454.0111609 4511
19640.2712573 4512
19776.0202055 4513
19841.1266882 4514
19851.094994 4515
19835.4182113 4516
19823.4736598 4517
19843.7883598 4518
19904.3456294 4519
19989.8921327 4520
20083.9987035 4521
20170.3210814 4522
20238.725785 4523
20299.6825089 4524
20367.9104772 4525
20458.0530004 4526
20582.6687449 4527
20730.9729758 4528
20877.2190506 4529
20995.5469704 4530
21060.43622 4531
21064.9664559 4532
21035.7069917 4533
21002.6088404 4534
20995.458999 4535
21036.3267418 4536
21104.2225063 4537
21163.1159308 4538
21177.1613223 4539
21112.6390729 4540
20981.6136994 4541
20842.4306951 4542
20755.1822575 4543
20779.5906008 4544
20944.0472853 4545
21185.5406287 4546
21424.7070451 4547
21582.6411286 4548
21589.4760263 4549
21460.4079763 4550
21258.7361449 4551
21047.9561748 4552
20890.661489 4553
20815.1276793 4554
20795.52692 4555
20801.3852528 4556
20802.4069787 4557
20774.2493742 4558
20720.7788396 4559
20654.3569383 4560
20587.2748189 4561
20531.1960286 4562
20487.4224634 4563
20448.1529652 4564
20405.3193141 4565
20350.9105072 4566
20279.8751795 4567
20194.4872577 4568
20098.1310633 4569
19994.1682342 4570
19886.2435539 4571
19780.4185134 4572
19683.8994481 4573
19603.855316 4574
19547.0800568 4575
19506.2386198 4576
19454.996814 4577
19365.8331397 4578
19211.4014141 4579
18976.8775454 4580
18697.1555614 4581
18419.3751946 4582
18190.374601 4583
18053.4044421 4584
18004.4332465 4585
18004.3925687 4586
18013.6192422 4587
17992.8064268 4588
17918.5731896 4589
17800.1641667 4590
17650.7979307 4591
17483.6097249 4592
17311.2173545 4593
17143.3620072 4594
16988.6067149 4595
16855.4555058 4596
16752.0497349 4597
16677.7916487 4598
16622.3615296 4599
16574.9953535 4600
16524.9993381 4601
16463.7477385 4602
16389.0968466 4603
16300.2095842 4604
16196.2535921 4605
16076.6287855 4606
15943.1502385 4607
15799.0876925 4608
15647.7106897 4609
15492.2863081 4610
15337.4838957 4611
15190.3220492 4612
15057.997953 4613
14947.6584706 4614
14862.9161763 4615
14789.7566891 4616
14708.7185548 4617
14600.4709154 4618
14447.2867906 4619
14259.7087433 4620
14073.5223935 4621
13925.1713409 4622
13850.7848324 4623
13863.7496371 4624
13920.87967 4625
13970.5640327 4626
13961.554077 4627
13850.6630583 4628
13656.3089542 4629
13426.0672425 4630
13207.3609953 4631
13046.5695445 4632
12961.4592492 4633
12932.549226 4634
12937.9746431 4635
12956.0232474 4636
12967.2148716 4637
12960.1483458 4638
12925.3992295 4639
12853.6125986 4640
12737.1915011 4641
12590.6477404 4642
12443.8529495 4643
12326.781225 4644
12269.0046557 4645
12278.6063195 4646
12322.9094687 4647
12364.8814755 4648
12367.7614646 4649
12302.243588 4650
12180.9768117 4651
12031.5494879 4652
11881.3679163 4653
11757.0261074 4654
11670.7487068 4655
11620.4156637 4656
11603.2950204 4657
11616.6689939 4658
11654.4411709 4659
11701.0265908 4660
11739.2965006 4661
11752.2504244 4662
11725.1252108 4663
11662.1362904 4664
11577.4065477 4665
11485.0429011 4666
11398.9302645 4667
11327.2194152 4668
11269.9688004 4669
11226.6221158 4670
11196.6257187 4671
11179.3270732 4672
11173.6601572 4673
11178.4546834 4674
11192.5509427 4675
11214.3770626 4676
11236.3580177 4677
11246.4739468 4678
11232.6885971 4679
11183.1321294 4680
11096.4455648 4681
10992.3679642 4682
10893.032722 4683
10820.4036646 4684
10791.9158261 4685
10798.16153 4686
10819.6945464 4687
10837.1982869 4688
10832.1388708 4689
10801.8122114 4690
10759.8523977 4691
10720.5515353 4692
10698.0836673 4693
10700.158602 4694
10716.0922215 4695
10731.9965006 4696
10734.0903 4697
10710.603705 4698
10667.1879963 4699
10618.7150853 4700
10580.0286041 4701
10565.5717191 4702
10575.7167495 4703
10590.8007707 4704
10589.7668762 4705
10551.7241299 4706
10464.1727531 4707
10348.6833533 4708
10235.4252404 4709
10154.3302056 4710
10132.8223866 4711
10166.2613489 4712
10226.5729145 4713
10285.3582473 4714
10314.549436 4715
10300.0671843 4716
10255.1261353 4717
10196.0225952 4718
10138.9251543 4719
10097.8766075 4720
10075.0697733 4721
10068.4021307 4722
10075.7812221 4723
10094.8187458 4724
10116.0240328 4725
10122.8715994 4726
10098.6596668 4727
10026.8423034 4728
9903.11444559 4729
9756.15919091 4730
9619.98365903 4731
9528.31887739 4732
9510.01188307 4733
9554.76259786 4734
9632.83592557 4735
9714.58950287 4736
9770.94914797 4737
9786.72497789 4738
9765.051322 4739
9710.30327556 4740
9626.82253565 4741
9521.23835722 4742
9408.87295179 4743
9306.98218652 4744
9232.68139796 4745
9201.46391061 4746
9210.45117216 4747
9244.52633934 4748
9288.46555532 4749
9327.22126638 4750
9350.57532342 4751
9356.75119563 4752
9344.84979113 4753
9313.97744585 4754
9264.74461211 4755
9205.4949748 4756
9147.00029969 4757
9099.9466734 4758
9074.13934872 4759
9064.52456794 4760
9053.02197503 4761
9021.24597872 4762
8951.01243989 4763
8837.91225256 4764
8709.77275594 4765
8598.84259822 4766
8537.10746106 4767
8550.21102455 4768
8620.52057021 4769
8711.94475806 4770
8788.61518371 4771
8815.75533894 4772
8782.96786002 4773
8707.64408744 4774
8608.56318119 4775
8504.35372505 4776
8410.06617035 4777
8329.88069934 4778
8265.83911356 4779
8219.96596328 4780
8194.10032056 4781
8188.43140776 4782
8202.21857364 4783
8234.71723413 4784
8285.09789764 4785
8347.74080499 4786
8409.97780276 4787
8458.67303572 4788
8480.79835655 4789
8468.06222766 4790
8431.53841327 4791
8387.2361391 4792
8351.03348584 4793
8337.46831531 4794
8344.32423439 4795
8357.32429725 4796
8362.03505304 4797
8344.23066395 4798
8299.94173715 4799
8244.43850849 4800
8195.01068099 4801
8168.80689861 4802
8178.71988842 4803
8214.96857445 4804
8260.15955272 4805
8297.03095748 4806
8309.30254303 4807
8297.41017093 4808
8276.97292266 4809
8264.04444845 4810
8274.51658028 4811
8313.62175639 4812
8361.07290648 4813
8392.96766143 4814
8385.59507198 4815
8320.36505463 4816
8214.12475672 4817
8098.96185082 4818
8006.77299022 4819
7968.34648278 4820
7988.96443626 4821
8044.99379747 4822
8111.40806173 4823
8163.38463557 4824
8183.80326404 4825
8178.77648615 4826
8158.79592082 4827
8134.27059512 4828
8114.92619787 4829
8104.78184506 4830
8104.74271531 4831
8115.67532199 4832
8138.37440917 4833
8170.54413359 4834
8205.54379962 4835
8236.4538455 4836
8256.41060758 4837
8260.81608432 4838
8253.73020011 4839
8241.27916551 4840
8229.54286256 4841
8224.24787252 4842
8227.31350017 4843
8238.10399813 4844
8255.94079752 4845
8280.14214147 4846
8309.29285243 4847
8340.7123602 4848
8371.61047414 4849
8399.22137816 4850
8421.41894526 4851
8439.12455718 4852
8454.17862116 4853
8468.40727305 4854
8483.47058943 4855
8498.54099938 4856
8510.76706943 4857
8517.25993937 4858
8515.17265442 4859
8504.76732014 4860
8492.84354504 4861
8486.98146742 4862
8494.70267005 4863
8521.80286892 4864
8563.91383766 4865
8612.90457509 4866
8660.69916037 4867
8699.48101165 4868
8725.93800509 4869
8741.1475653 4870
8746.36212563 4871
8742.8288711 4872
8733.21510953 4873
8723.83732007 4874
8721.5427606 4875
8733.12950204 4876
8763.86594782 4877
8807.89938098 4878
8854.40178748 4879
8892.5984254 4880
8912.15836443 4881
8914.01049694 4882
8912.12157487 4883
8921.09135779 4884
8955.41047791 4885
9022.11821325 4886
9105.54845967 4887
9185.79222036 4888
9243.08494669 4889
9260.3441917 4890
9243.99056925 4891
9212.99868657 4892
9186.33031712 4893
9182.49056297 4894
9205.78368258 4895
9241.23523005 4896
9272.5858938 4897
9283.6897474 4898
9264.67057393 4899
9228.38390295 4900
9192.81026049 4901
9175.80594098 4902
9193.33744908 4903
9241.36280567 4904
9303.33280796 4905
9362.61545649 4906
9402.86196975 4907
9418.78729509 4908
9422.58474704 4909
9427.92612967 4910
9448.38921874 4911
9492.6497084 4912
9548.37912576 4913
9597.62369796 4914
9622.55396102 4915
9607.21888626 4916
9560.10101813 4917
9507.34482614 4918
9475.32180893 4919
9490.05944227 4920
9560.10644128 4921
9662.1736244 4922
9769.71171256 4923
9856.34365939 4924
9901.22541179 4925
9910.87028567 4926
9900.37483065 4927
9884.74058825 4928
9878.3044993 4929
9885.77138786 4930
9903.88380052 4931
9929.16450251 4932
9958.16177153 4933
9987.55830006 4934
10014.3006961 4935
10035.3865077 4936
10047.8300693 4937
10050.0965877 4938
10049.0758041 4939
10054.6767194 4940
10076.7520248 4941
10124.4507195 4942
10193.6529393 4943
10267.9107865 4944
10330.3985612 4945
10364.4202187 4946
10361.7348535 4947
10334.0008541 4948
10295.6885905 4949
10261.1850512 4950
10243.3157479 4951
10244.9100171 4952
10264.6983528 4953
10301.4094082 4954
10353.7002195 4955
10418.3356215 4956
10490.1161064 4957
10563.7791437 4958
10634.0927835 4959
10696.5132187 4960
10748.2761112 4961
10786.9209181 4962
10809.998914 4963
10816.3767521 4964
10814.7818734 4965
10818.4089126 4966
10840.4048626 4967
10893.3742328 4968
10975.636658 4969
11069.1720078 4970
11155.1498415 4971
11214.8520426 4972
11237.1524328 4973
11233.1478404 4974
11217.9492565 4975
11206.5895646 4976
11212.5906038 4977
11237.2447756 4978
11275.7070814 4979
11323.1046688 4980
11374.6287352 4981
11426.7330317 4982
11477.4411804 4983
11524.8869003 4984
11567.2115528 4985
11603.7234188 4986
11637.4956201 4987
11672.3447918 4988
11712.0696913 4989
11759.872479 4990
11813.4816346 4991
11867.6390962 4992
11917.0812262 4993
11956.6577125 4994
11985.0600839 4995
12006.1535163 4996
12024.1489334 4997
12043.2387068 4998
12066.4407179 4999
12092.6849452 5000
12120.0085036 5001
12146.458357 5002
12170.338473 5003
12192.5451764 5004
12215.4892126 5005
12241.5889784 5006
12273.2539722 5007
12312.9273732 5008
12363.1021687 5009
12426.2664311 5010
12504.8994765 5011
12598.9972017 5012
12699.2350567 5013
12794.1224851 5014
12872.2182552 5015
12923.040646 5016
12946.3319245 5017
12948.1819243 5018
12934.7571688 5019
12912.2397768 5020
12889.2365642 5021
12878.0605722 5022
12891.2863743 5023
12941.4478321 5024
13034.5488215 5025
13150.6625105 5026
13263.4629879 5027
13346.7193766 5028
13376.9276098 5029
13361.8883012 5030
13329.8030495 5031
13309.1265483 5032
13327.9379548 5033
13395.9225913 5034
13493.6062001 5035
13598.9846956 5036
13690.1236591 5037
13750.4653734 5038
13785.6658009 5039
13807.1455831 5040
13826.289761 5041
13853.8148543 5042
13892.5300156 5043
13939.9002312 5044
13993.2970426 5045
14050.0909098 5046
14106.8739319 5047
14158.9607239 5048
14201.5519335 5049
14229.8696615 5050
14241.4123622 5051
14243.4565223 5052
14245.8944789 5053
14258.5870728 5054
14290.5952725 5055
14341.0072566 5056
14401.9915926 5057
14465.6063973 5058
14523.9846918 5059
14573.6774316 5060
14618.6160416 5061
14663.4312239 5062
14712.7353279 5063
14769.4295742 5064
14828.9020736 5065
14884.4927824 5066
14929.5574996 5067
14958.1771704 5068
14973.7540089 5069
14986.2291228 5070
15005.6612305 5071
15041.99912 5072
15098.6232659 5073
15167.8016341 5074
15240.7574786 5075
15308.720547 5076
15363.9016269 5077
15402.7317098 5078
15422.8190763 5079
15421.7690146 5080
15397.9939244 5081
15360.3445452 5082
15325.003407 5083
15308.2874735 5084
15326.3476229 5085
15385.9590948 5086
15478.0339497 5087
15591.978625 5088
15717.2151849 5089
15842.3482988 5090
15952.3424465 5091
16031.1749437 5092
16062.8513327 5093
16033.8249748 5094
15962.0354515 5095
15887.3639233 5096
15850.0824435 5097
15890.0006067 5098
16016.8920832 5099
16190.5475444 5100
16366.0707881 5101
16498.6308394 5102
16555.2705556 5103
16554.0231643 5104
16526.610039 5105
16504.7228788 5106
16517.7170057 5107
16566.0085417 5108
16630.2320016 5109
16690.6696859 5110
16727.8072822 5111
16735.3363213 5112
16728.4118661 5113
16724.1330651 5114
16739.5933735 5115
16786.4988052 5116
16854.1252627 5117
16925.9169305 5118
16985.3227888 5119
17017.3622347 5120
17025.7980894 5121
17026.773544 5122
17036.6437867 5123
17071.5632063 5124
17136.1549771 5125
17216.9553569 5126
17298.9174112 5127
17367.0147438 5128
17409.9219054 5129
17431.1061201 5130
17437.7097413 5131
17436.8783745 5132
17435.9475058 5133
17444.45792 5134
17473.329986 5135
17533.5145257 5136
17635.6718516 5137
17774.7753008 5138
17922.33855 5139
18047.9542262 5140
18121.2256959 5141
18125.0677889 5142
18092.4846795 5143
18068.2638348 5144
18097.1827054 5145
18218.2692549 5146
18409.9802907 5147
18614.4660432 5148
18773.3903412 5149
18829.3873724 5150
18771.3486649 5151
18653.4502485 5152
18534.7948406 5153
18474.4937256 5154
18512.4730323 5155
18621.148096 5156
18758.1043725 5157
18880.9109364 5158
18951.2987627 5159
18971.2327751 5160
18965.226008 5161
18958.0302212 5162
18973.9907853 5163
19020.2613305 5164
19081.3608057 5165
19140.2661012 5166
19179.942893 5167
19190.0312597 5168
19181.7620824 5169
19170.7381605 5170
19172.564104 5171
19201.0582439 5172
19254.3026136 5173
19322.2319115 5174
19394.70216 5175
19461.6940378 5176
19517.5741266 5177
19562.04004 5178
19595.098228 5179
19616.7657558 5180
19629.5520276 5181
19643.3205334 5182
19669.2796963 5183
19718.6539036 5184
19800.5092671 5185
19907.0134765 5186
20022.3625909 5187
20130.6990998 5188
20216.5538127 5189
20275.9751904 5190
20317.7800357 5191
20351.4607839 5192
20386.5134647 5193
20428.3711774 5194
20471.6787588 5195
20509.3033172 5196
20534.1094501 5197
20541.1002165 5198
20540.1936795 5199
20547.6448346 5200
20579.7508515 5201
20651.9251027 5202
20758.7554727 5203
20873.9609852 5204
20970.3209819 5205
21020.6308555 5206
21012.8064756 5207
20970.4214246 5208
20922.2173817 5209
20896.9746023 5210
20918.2699497 5211
20977.811509 5212
21055.2857465 5213
21130.3240484 5214
21183.416408 5215
21211.7464722 5216
21227.4419374 5217
21243.1681089 5218
21271.5740222 5219
21319.198935 5220
21379.8134897 5221
21445.5965181 5222
21508.7100681 5223
21562.4618293 5224
21606.294032 5225
21641.6569614 5226
21670.004478 5227
21692.8546529 5228
21712.6083841 5229
21732.3692973 5230
21755.260552 5231
21784.4250162 5232
21823.9824609 5233
21879.8395439 5234
21958.0996996 5235
22064.8755803 5236
22201.181428 5237
22344.8486244 5238
22467.0947066 5239
22539.0880579 5240
22534.9292281 5241
22466.6831146 5242
22372.6111852 5243
22291.5544171 5244
22262.0455297 5245
22298.2141257 5246
22375.7191522 5247
22466.7819852 5248
22543.5798721 5249
22585.1114256 5250
22596.7740107 5251
22590.3440968 5252
22577.6107215 5253
22570.1831619 5254
22577.5509986 5255
22607.9488977 5256
22669.6129548 5257
22770.4663324 5258
22904.3425152 5259
23046.006121 5260
23168.8162215 5261
23246.0854903 5262
23261.7171506 5263
23233.9068706 5264
23187.7899316 5265
23148.5581276 5266
23139.2446936 5267
23164.376948 5268
23219.1935759 5269
23298.84467 5270
23398.3660132 5271
23509.521501 5272
23620.3290146 5273
23718.5753957 5274
23792.0170282 5275
23832.0981228 5276
23840.1389341 5277
23819.0964771 5278
23771.9465486 5279
23703.3623693 5280
23629.6288394 5281
23571.9390484 5282
23551.5362036 5283
23588.8253808 5284
23685.0014468 5285
23822.6978396 5286
23983.7658424 5287
24150.0099448 5288
24304.5526685 5289
24433.4567165 5290
24523.1425554 5291
24560.0138892 5292
24535.9850369 5293
24473.531292 5294
24405.6396979 5295
24365.3837054 5296
24383.7753823 5297
24457.6809806 5298
24556.5200016 5299
24648.8801507 5300
24703.4625837 5301
24707.5661458 5302
24682.2247964 5303
24652.0710392 5304
24641.8005602 5305
24670.5409917 5306
24732.666327 5307
24815.6915734 5308
24907.110984 5309
24994.5291844 5310
25067.2167932 5311
25115.5401212 5312
25129.8636756 5313
25100.8465606 5314
25035.7376305 5315
24966.2809147 5316
24926.2697267 5317
24949.5694666 5318
25056.6510378 5319
25220.8514869 5320
25405.1178803 5321
25572.3121324 5322
25688.316865 5323
25747.0889611 5324
25757.5385876 5325
25728.733674 5326
25670.0233226 5327
25599.1967852 5328
25544.107737 5329
25533.2788191 5330
25595.2711199 5331
25741.2006488 5332
25934.0970327 5333
26128.7153736 5334
26279.6985264 5335
26349.1758673 5336
26351.609004 5337
26323.6116293 5338
26301.9639391 5339
26322.1132412 5340
26389.422264 5341
26480.430852 5342
26570.4602449 5343
26634.862224 5344
26661.4422226 5345
26664.9449532 5346
26663.6440586 5347
26675.8633365 5348
26716.2974801 5349
26780.4129757 5350
26857.3240706 5351
26936.1344396 5352
27006.4732834 5353
27066.1866644 5354
27119.3386609 5355
27170.170186 5356
27222.8878703 5357
27279.5528149 5358
27338.5739842 5359
27398.0096021 5360
27455.9168748 5361
27510.7562238 5362
27562.593174 5363
27611.9063295 5364
27659.1688289 5365
27704.8686688 5366
27749.6628886 5367
27794.2837576 5368
27839.4866126 5369
27885.9932207 5370
27933.7561401 5371
27981.7068622 5372
28028.7056681 5373
28073.6139592 5374
28115.3402761 5375
28152.9645112 5376
28185.5984627 5377
28212.3483378 5378
28232.878086 5379
28251.0454476 5380
28272.616641 5381
28303.3723856 5382
28348.9020211 5383
28410.0019147 5384
28482.6166574 5385
28562.4832145 5386
28645.3292525 5387
28727.4880349 5388
28806.686318 5389
28880.8206126 5390
28947.8051577 5391
29005.8132849 5392
29054.553615 5393
29094.249742 5394
29125.1282053 5395
29147.3915911 5396
29160.9276345 5397
29165.3751503 5398
29160.3740542 5399
29145.6365028 5400
29126.7620856 5401
29119.2094573 5402
29139.4250415 5403
29203.8879152 5404
29322.3946586 5405
29478.451078 5406
29649.073173 5407
29811.2114393 5408
29943.651674 5409
30043.7348089 5410
30119.497119 5411
30179.1242225 5412
30230.5959712 5413
30274.1008831 5414
30300.0447931 5415
30298.1826062 5416
30258.2668769 5417
30179.2717355 5418
30086.2339384 5419
30008.8130372 5420
29976.7379374 5421
30015.2182697 5422
30117.9779339 5423
30265.4754841 5424
30438.069266 5425
30616.4339332 5426
30788.6940814 5427
30949.9154325 5428
31095.4206447 5429
31220.5336401 5430
31320.9210124 5431
31392.9903196 5432
31433.2288306 5433
31438.1186665 5434
31406.9607758 5435
31352.6345959 5436
31292.1485813 5437
31242.5268566 5438
31220.1134032 5439
31232.0919378 5440
31279.390065 5441
31362.8268345 5442
31483.0456453 5443
31632.2063431 5444
31789.9186728 5445
31934.7486026 5446
32045.2094625 5447
32107.1442038 5448
32130.9919307 5449
32132.368037 5450
32126.9037394 5451
32128.7718718 5452
32139.7805233 5453
32155.6587889 5454
32172.0855984 5455
32185.0536437 5456
32198.5982876 5457
32225.3646459 5458
32278.4127619 5459
32370.8081919 5460
32505.2034778 5461
32659.9371525 5462
32809.8708088 5463
32929.8010283 5464
32999.3152796 5465
33024.6128125 5466
33021.0460927 5467
33004.0002083 5468
32988.7372778 5469
32988.2570806 5470
33013.8244237 5471
33076.7002937 5472
33187.9701584 5473
33346.1770368 5474
33529.3547699 5475
33713.6087885 5476
33874.9837803 5477
33996.2796843 5478
34085.4404308 5479
34156.2514351 5480
34222.5287884 5481
34296.0942568 5482
34370.3745968 5483
34428.9712043 5484
34455.352081 5485
34433.6807515 5486
34369.4151795 5487
34292.386832 5488
34233.7973336 5489
34224.8790268 5490
34282.4175191 5491
34387.0819517 5492
34513.9705304 5493
34638.1446196 5494
34739.1804058 5495
34823.4310689 5496
34907.0085541 5497
35006.0554904 5498
35135.2290676 5499
35285.1921964 5500
35427.4426379 5501
35532.8978439 5502
35572.7450683 5503
35543.5774787 5504
35485.077808 5505
35441.1798058 5506
35455.8906758 5507
35558.7293482 5508
35723.5487579 5509
35910.8292227 5510
36080.998008 5511
36198.0629638 5512
36260.2818411 5513
36284.5853383 5514
36288.136616 5515
36287.8497688 5516
36292.0545154 5517
36299.183489 5518
36307.1263751 5519
36313.7593974 5520
36319.3326714 5521
36330.0218114 5522
36352.9148655 5523
36395.1202126 5524
36462.8346273 5525
36556.9297399 5526
36676.3923084 5527
36820.1716223 5528
36986.4614842 5529
37161.4453763 5530
37321.8787947 5531
37444.241123 5532
37505.253491 5533
37502.5932008 5534
37468.4359846 5535
37438.2403431 5536
37447.5002202 5537
37518.6181497 5538
37625.589071 5539
37731.2235877 5540
37798.2822164 5541
37795.0000561 5542
37738.2892622 5543
37670.4534273 5544
37634.0827861 5545
37670.6733408 5546
37790.248562 5547
37968.3308537 5548
38178.6347814 5549
38394.8605114 5550
38595.887263 5551
38772.7858027 5552
38918.3404522 5553
39025.3286888 5554
39089.2823471 5555
39120.4659037 5556
39134.0911183 5557
39145.3729541 5558
39168.6417275 5559
39205.7815912 5560
39249.651736 5561
39292.8923409 5562
39328.383774 5563
39362.8568658 5564
39423.8809385 5565
39540.8019541 5566
39742.9930162 5567
40040.0244892 5568
40376.1293031 5569
40682.0182414 5570
40888.3075958 5571
40937.6883824 5572
40866.682489 5573
40755.5648123 5574
40684.9626565 5575
40732.3501171 5576
40903.0537807 5577
41131.7614152 5578
41350.1358758 5579
41489.9970006 5580
41522.1755172 5581
41497.5457251 5582
41476.8548815 5583
41520.9499888 5584
41672.8533538 5585
41893.5175772 5586
42120.2830556 5587
42290.3947386 5588
42347.0785941 5589
42301.3921005 5590
42206.9595572 5591
42118.1535727 5592
42088.6503263 5593
42143.4684843 5594
42270.4165328 5595
42454.8170312 5596
42681.9536875 5597
42933.2398934 5598
43179.3649358 5599
43389.1743396 5600
43531.4562088 5601
43582.5749453 5602
43566.6564104 5603
43526.405999 5604
43504.6261854 5605
43541.9886619 5606
43643.207144 5607
43783.4466358 5608
43936.9754776 5609
44078.1455653 5610
44190.9086696 5611
44275.3455152 5612
44333.1190786 5613
44365.879023 5614
44377.5243059 5615
44380.1120778 5616
44387.6067123 5617
44413.9841865 5618
44471.068904 5619
44552.0805344 5620
44640.7758699 5621
44720.8183955 5622
44776.6160043 5623
44811.6732723 5624
44849.4844165 5625
44914.5429395 5626
45031.2555579 5627
45207.7183546 5628
45416.5115511 5629
45625.5496057 5630
45802.6934585 5631
45921.2005506 5632
45980.3678748 5633
45987.3135312 5634
45949.1567982 5635
45873.9670664 5636
45780.5074217 5637
45694.4635751 5638
45641.6415587 5639
45647.3569701 5640
45715.4011697 5641
45821.3514427 5642
45938.8518347 5643
46041.5395885 5644
46110.7669148 5645
46149.1727194 5646
46163.0295053 5647
46158.6069072 5648
46143.1696553 5649
46129.9742915 5650
46134.5852983 5651
46172.5981708 5652
46258.3782434 5653
46386.8883069 5654
46537.6393459 5655
46689.6921702 5656
46822.135673 5657
46917.428874 5658
46963.4466163 5659
46948.5614367 5660
46861.1496049 5661
46702.0095034 5662
46514.8571643 5663
46352.6569968 5664
46268.4105458 5665
46306.5606397 5666
46444.0120333 5667
46625.8521098 5668
46796.9114242 5669
46903.8792583 5670
46933.5962807 5671
46911.5387153 5672
46864.7442543 5673
46820.2197543 5674
46799.5918088 5675
46813.8649237 5676
46872.8395195 5677
46986.3181179 5678
47155.9714003 5679
47349.0948793 5680
47523.863835 5681
47638.4306739 5682
47655.7847559 5683
47586.3447595 5684
47467.3889961 5685
47336.5136502 5686
47230.8283403 5687
47172.3576384 5688
47165.9525284 5689
47215.5611654 5690
47325.0811285 5691
47486.6812493 5692
47665.2839947 5693
47821.9187328 5694
47917.6151217 5695
47923.7550719 5696
47864.4715708 5697
47780.6264636 5698
47713.0982193 5699
47699.4893526 5700
47737.5141839 5701
47798.4742705 5702
47853.1937389 5703
47872.9471061 5704
47848.397188 5705
47795.7807341 5706
47733.1174704 5707
47678.4184901 5708
47645.3782536 5709
47635.9349705 5710
47650.0615092 5711
47687.716348 5712
47747.8693273 5713
47823.5702108 5714
47905.6642293 5715
47984.9937149 5716
48052.8073106 5717
48106.0628144 5718
48146.0811723 5719
48174.2791213 5720
48192.1622755 5721
48206.288002 5722
48230.780651 5723
48280.3887872 5724
48369.8647329 5725
48504.4538347 5726
48659.8301158 5727
48805.9273008 5728
48912.6418757 5729
48954.7210152 5730
48940.1258648 5731
48890.7637959 5732
48828.5947566 5733
48774.9634779 5734
48740.6573295 5735
48727.5006848 5736
48737.0256981 5737
48770.7118326 5738
48824.504279 5739
48885.0941557 5740
48938.2877153 5741
48969.8824541 5742
48972.4430885 5743
48962.170558 5744
48960.4326012 5745
48988.6016407 5746
49063.8453021 5747
49170.7484272 5748
49278.7690664 5749
49357.2412534 5750
49377.0040544 5751
49338.9714606 5752
49272.0232648 5753
49206.114016 5754
49171.0379545 5755
49179.744645 5756
49214.2988796 5757
49253.4446849 5758
49275.9487748 5759
49266.4380685 5760
49232.2362014 5761
49186.0862454 5762
49140.7459276 5763
49107.7831455 5764
49088.7001794 5765
49079.9155942 5766
49077.82664 5767
49078.890585 5768
49081.3975922 5769
49085.4622565 5770
49091.2678594 5771
49099.018911 5772
49111.9454241 5773
49139.1691477 5774
49190.5086221 5775
49275.7902847 5776
49400.3587708 5777
49551.2626844 5778
49710.8125974 5779
49861.3296881 5780
49986.7684659 5781
50086.1709141 5782
50166.6211492 5783
50235.2839286 5784
50299.0054949 5785
50356.4682704 5786
50397.7915086 5787
50412.704706 5788
50390.97779 5789
50329.7393173 5790
50241.3307378 5791
50139.9555204 5792
50039.8312515 5793
49955.6299274 5794
49903.8689592 5795
49901.5772043 5796
49965.8130119 5797
50109.4810389 5798
50306.063923 5799
50507.1840644 5800
50664.2142088 5801
50730.1533961 5802
50701.8380924 5803
50623.3427978 5804
50541.0897129 5805
50501.3958562 5806
50525.2663775 5807
50580.2255201 5808
50626.9422922 5809
50626.0923154 5810
50550.5445034 5811
50426.9269943 5812
50296.6355891 5813
50201.0936179 5814
50177.8838359 5815
50227.1768302 5816
50328.0844126 5817
50459.4976351 5818
50600.3448252 5819
50731.9778377 5820
50838.3772928 5821
50903.6337888 5822
50911.8928653 5823
50858.3393746 5824
50761.5596804 5825
50643.1604529 5826
50524.7310225 5827
50426.6847818 5828
50364.0688951 5829
50350.4747384 5830
50399.4959681 5831
50520.8904661 5832
50687.556914 5833
50851.8015354 5834
50965.6678838 5835
50983.2596654 5836
50913.8465238 5837
50825.9666474 5838
50791.2174483 5839
50880.8711569 5840
51119.3650889 5841
51433.3867757 5842
51737.3514479 5843
51945.6350214 5844
51996.6915927 5845
51932.3635318 5846
51822.2195272 5847
51735.8557151 5848
51735.0178982 5849
51808.0689941 5850
51903.4612377 5851
51969.1976549 5852
51955.3069806 5853
51862.3098519 5854
51743.430374 5855
51654.3558693 5856
51650.6028892 5857
51755.3403112 5858
51926.7431689 5859
52115.2004436 5860
52271.0479775 5861
52356.7269981 5862
52384.1511571 5863
52377.8572957 5864
52362.4042739 5865
52359.9188576 5866
52371.1377075 5867
52385.7390776 5868
52393.2985086 5869
52383.7065752 5870
52354.6195207 5871
52311.3270207 5872
52259.4524915 5873
52204.6482195 5874
52154.639988 5875
52121.0860593 5876
52116.0813049 5877
52151.7383401 5878
52236.3949429 5879
52364.0118352 5880
52525.1562434 5881
52710.3867002 5882
52909.0070981 5883
53100.3110142 5884
53258.7619589 5885
53358.7754043 5886
53376.1133708 5887
53313.5338187 5888
53198.6111452 5889
53059.8482204 5890
52925.688194 5891
52815.8221266 5892
52734.7543154 5893
52685.4549952 5894
52670.9058706 5895
52691.4024635 5896
52738.011362 5897
52799.7573733 5898
52865.712647 5899
52925.9243026 5900
52977.9175343 5901
53022.456969 5902
53060.3206367 5903
53092.4658607 5904
53122.5340204 5905
53156.4587506 5906
53200.218063 5907
53259.7500753 5908
53336.0968352 5909
53422.6275831 5910
53512.0552839 5911
53597.0689389 5912
53670.0529776 5913
53722.3973963 5914
53745.3082838 5915
53730.0155391 5916
53671.179151 5917
53585.5250231 5918
53498.345749 5919
53434.9689765 5920
53419.4434868 5921
53456.9849189 5922
53538.7793202 5923
53655.6558897 5924
53798.3230807 5925
53951.7392119 5926
54092.9416303 5927
54198.3458283 5928
54244.3548409 5929
54219.6691769 5930
54145.7762115 5931
54049.575813 5932
53958.0103306 5933
53894.028661 5934
53858.7977098 5935
53846.1399938 5936
53849.8799754 5937
53863.7520327 5938
53880.6847187 5939
53893.0629867 5940
53893.248357 5941
53873.9169914 5942
53837.9711107 5943
53800.7151971 5944
53778.1557252 5945
53786.3346616 5946
53832.4832894 5947
53903.8083637 5948
53984.7271311 5949
54059.6464427 5950
54115.4661746 5951
54150.5688325 5952
54166.5669185 5953
54165.1008107 5954
54148.4426704 5955
54124.9901831 5956
54106.526495 5957
54104.8962812 5958
54131.4733299 5959
54186.4077018 5960
54258.2191945 5961
54334.8878519 5962
54404.4088906 5963
54455.4759897 5964
54478.2194214 5965
54462.8687443 5966
54399.6774108 5967
54286.3025886 5968
54148.1031403 5969
54016.8971777 5970
53924.5550104 5971
53898.8055583 5972
53935.7568618 5973
54016.9846474 5974
54123.9476435 5975
54238.1684142 5976
54342.747294 5977
54422.0755117 5978
54460.5909929 5979
54442.985942 5980
54370.8816267 5981
54272.5704367 5982
54178.7333511 5983
54120.0744681 5984
54118.1120202 5985
54166.866341 5986
54255.1472676 5987
54371.8006598 5988
54503.9184311 5989
54628.4581051 5990
54718.5503057 5991
54747.303602 5992
54691.5866842 5993
54577.4388704 5994
54465.325807 5995
54416.4997769 5996
54490.619322 5997
54686.2831678 5998
54924.1947298 5999
55119.9305955 6000
55189.1121065 6001
55089.3205501 6002
54877.9110959 6003
54626.7441639 6004
54407.7585248 6005
54279.91054 6006
54241.2695808 6007
54272.2056783 6008
54353.0738947 6009
54464.1202435 6010
54584.9324868 6011
54694.6910379 6012
54772.5493345 6013
54798.4624604 6014
54771.8995 6015
54712.1534898 6016
54639.3958838 6017
54573.7714787 6018
54527.1840967 6019
54496.2808814 6020
54476.0143465 6021
54461.4003092 6022
54452.632857 6023
54468.5440192 6024
54532.0852949 6025
54666.2430593 6026
54885.0872534 6027
55139.7435466 6028
55354.3240765 6029
55452.7293404 6030
55364.6673081 6031
55111.6749926 6032
54787.9051875 6033
54489.6107466 6034
54311.9419781 6035
54291.1819473 6036
54379.7684821 6037
54523.6242185 6038
54668.6636349 6039
54775.8451596 6040
54846.0638857 6041
54886.743982 6042
54905.30937 6043
54909.9925774 6044
54913.1046514 6045
54928.2803694 6046
54969.1641803 6047
55047.3273265 6048
55152.0431237 6049
55259.2230452 6050
55344.5468052 6051
55384.4320921 6052
55375.9209821 6053
55338.3533965 6054
55292.1997937 6055
55257.8745052 6056
55247.0705233 6057
55254.3803597 6058
55272.404587 6059
55293.7515389 6060
55312.7140859 6061
55329.9335955 6062
55347.4727271 6063
55367.4551421 6064
55391.384639 6065
55416.5664655 6066
55438.3927333 6067
55452.2667495 6068
55454.365471 6069
55453.2032726 6070
55467.2415365 6071
55515.226972 6072
55615.392275 6073
55758.5981915 6074
55896.4722531 6075
55977.5404332 6076
55950.3515918 6077
55797.5281042 6078
55591.2253333 6079
55418.1430216 6080
55365.1143374 6081
55494.5207647 6082
55745.1045665 6083
56016.7174336 6084
56208.9968545 6085
56232.9898844 6086
56116.1508013 6087
55953.9124179 6088
55842.6630729 6089
55875.3319994 6090
56056.8154992 6091
56300.7429677 6092
56516.3844773 6093
56613.388115 6094
56552.1616522 6095
56387.0108333 6096
56182.4485496 6097
56003.079232 6098
55898.9275017 6099
55869.6644862 6100
55904.2013608 6101
55991.4396114 6102
56119.382202 6103
56270.2327823 6104
56423.8323901 6105
56559.9915503 6106
56660.6887875 6107
56738.6607707 6108
56829.235982 6109
56968.3166574 6110
57190.6020202 6111
57482.1510441 6112
57766.1450638 6113
57961.4866501 6114
57987.1280819 6115
57810.9859335 6116
57514.4796443 6117
57195.1689107 6118
56950.7571384 6119
56855.8504527 6120
56883.6844554 6121
56979.8221414 6122
57089.7539693 6123
57163.7131944 6124
57193.0220719 6125
57189.7217391 6126
57166.034307 6127
57133.9311862 6128
57100.1685781 6129
57066.7658837 6130
57035.6380894 6131
57008.7548557 6132
56992.5461263 6133
57000.4231182 6134
57046.4390477 6135
57144.6473186 6136
57296.4561477 6137
57467.6009078 6138
57617.4674109 6139
57705.4166214 6140
57701.9013254 6141
57636.8998495 6142
57560.2232228 6143
57521.7554913 6144
57566.2516557 6145
57683.350695 6146
57829.5151242 6147
57960.650646 6148
58033.9493611 6149
58039.6494051 6150
58002.7549353 6151
57949.9404072 6152
57907.8141744 6153
57888.7615584 6154
57879.1906137 6155
57862.6337443 6156
57822.6778033 6157
57750.2037139 6158
57660.8007162 6159
57575.2294015 6160
57514.256335 6161
57493.3778937 6162
57494.4009156 6163
57486.0341628 6164
57436.9037602 6165
57318.7466339 6166
57143.7954785 6167
56952.3100258 6168
56785.1971662 6169
56682.5659489 6170
56656.3955546 6171
56685.0584036 6172
56744.8915242 6173
56812.2043821 6174
56865.9362016 6175
56890.5019083 6176
56870.9860647 6177
56792.451367 6178
56649.0095754 6179
56469.2642398 6180
56290.1135954 6181
56148.5033368 6182
56075.3079419 6183
56057.2823915 6184
56061.8698507 6185
56056.4016337 6186
56009.8660586 6187
55917.6807729 6188
55795.4386744 6189
55659.344493 6190
55525.5500323 6191
55409.2564034 6192
55324.3789622 6193
55284.737487 6194
55304.141914 6195
55380.5663991 6196
55475.5598668 6197
55545.5427719 6198
55546.8051741 6199
55451.0775007 6200
55295.0200169 6201
55132.4156011 6202
55017.1702329 6203
54995.1695483 6204
55048.3713172 6205
55128.2261748 6206
55185.9345625 6207
55174.9320061 6208
55087.1515581 6209
54946.2884312 6210
54777.0031714 6211
54603.9107013 6212
54446.9400136 6213
54319.4113292 6214
54234.1765338 6215
54204.0602647 6216
54224.5455629 6217
54248.6936889 6218
54223.1085096 6219
54094.2876774 6220
53830.1798756 6221
53494.2716142 6222
53176.6079139 6223
52967.4402998 6224
52942.8303477 6225
53059.276305 6226
53213.649072 6227
53302.230185 6228
53226.8302549 6229
52990.0167585 6230
52680.4793291 6231
52389.7608921 6232
52208.4961352 6233
52170.5787837 6234
52227.6086131 6235
52324.7004578 6236
52406.9165292 6237
52438.5935412 6238
52432.6978695 6239
52409.7682903 6240
52390.3374288 6241
52388.6879235 6242
52390.409501 6243
52372.9703042 6244
52313.7724121 6245
52193.5644213 6246
52021.6251026 6247
51821.6660115 6248
51617.5252319 6249
51432.4786529 6250
51278.4076232 6251
51157.4654562 6252
51071.5230061 6253
51022.3256875 6254
51008.4214693 6255
51023.5926873 6256
51061.2785522 6257
51114.8452138 6258
51177.5204654 6259
51241.9857022 6260
51300.8629394 6261
51346.7255337 6262
51369.9874727 6263
51351.3459339 6264
51268.7521262 6265
51100.1060811 6266
50829.9333547 6267
50497.3676268 6268
50168.4073508 6269
49909.3744534 6270
49782.7782941 6271
49784.6888059 6272
49855.7947303 6273
49934.947197 6274
49961.6763375 6275
49911.7925519 6276
49811.6640997 6277
49691.4553662 6278
49581.3473254 6279
49497.409347 6280
49422.1580749 6281
49333.2320616 6282
49208.1828669 6283
49035.9177649 6284
48853.115504 6285
48709.1327882 6286
48653.387589 6287
48725.0535873 6288
48883.6520533 6289
49051.7809974 6290
49151.6869382 6291
49110.5957255 6292
48935.0226026 6293
48693.5861216 6294
48456.7310526 6295
48293.807327 6296
48226.4051875 6297
48213.9745414 6298
48211.7073858 6299
48174.8011683 6300
48075.5564279 6301
47923.8890437 6302
47734.7103483 6303
47522.9583225 6304
47306.184394 6305
47111.874141 6306
46969.9427792 6307
46910.3586678 6308
46955.8454179 6309
47078.867193 6310
47230.611636 6311
47362.0903709 6312
47427.1726622 6313
47418.6768564 6314
47357.244141 6315
47264.1078499 6316
47160.2617496 6317
47056.894654 6318
46953.6788708 6319
46849.6270484 6320
46743.7802796 6321
46638.397401 6322
46541.9762814 6323
46463.7889611 6324
46413.1166349 6325
46393.7881915 6326
46391.2764467 6327
46387.1493065 6328
46362.9622531 6329
46303.727616 6330
46215.5010883 6331
46112.104257 6332
46007.3929808 6333
45914.201305 6334
45833.4692134 6335
45758.6955926 6336
45683.2591996 6337
45601.023974 6338
45517.7811221 6339
45451.6091447 6340
45421.1629403 6341
45444.9005951 6342
45523.0670639 6343
45625.1651148 6344
45717.7039711 6345
45767.1351346 6346
45749.9762088 6347
45671.6916103 6348
45542.8765553 6349
45374.1224386 6350
45179.6047994 6351
44991.1267934 6352
44846.0287827 6353
44781.6958171 6354
44827.4099128 6355
44938.5055641 6356
45031.1193084 6357
45020.879507 6358
44829.0212923 6359
44481.000094 6360
44092.8543318 6361
43783.8518017 6362
43671.5343291 6363
43781.091287 6364
44007.1639043 6365
44234.3284255 6366
44347.1114997 6367
44282.019214 6368
44097.3735807 6369
43869.0010443 6370
43672.877029 6371
43566.9160384 6372
43536.2443721 6373
43547.6802658 6374
43567.9905828 6375
43566.6988426 6376
43533.1893278 6377
43465.3970318 6378
43361.2588806 6379
43220.0246794 6380
43057.7332591 6381
42902.4182503 6382
42782.4020476 6383
42725.0966299 6384
42729.1790523 6385
42760.3703945 6386
42782.5121817 6387
42759.6050855 6388
42677.5372037 6389
42563.1010205 6390
42447.5779696 6391
42362.3326374 6392
42323.7186433 6393
42301.1502391 6394
42254.8519622 6395
42144.9862206 6396
41946.7497777 6397
41716.7672998 6398
41539.1228279 6399
41498.0409205 6400
41663.7128328 6401
41969.8217104 6402
42273.7359982 6403
42431.7535472 6404
42308.3108296 6405
41928.9556536 6406
41464.6835724 6407
41092.0203164 6408
40985.1513448 6409
41186.3244749 6410
41547.0524287 6411
41903.7085048 6412
42092.6125591 6413
42020.9160267 6414
41763.1125584 6415
41417.9653703 6416
41084.4217633 6417
40841.0563044 6418
40684.6759961 6419
40591.7299068 6420
40538.6059185 6421
40505.2238805 6422
40496.0705848 6423
40525.9800754 6424
40609.8233743 6425
40759.0834535 6426
40941.8540624 6427
41096.5852654 6428
41161.0324526 6429
41075.0512759 6430
40838.7183056 6431
40517.739713 6432
40181.2783495 6433
39898.2681081 6434
39709.4886844 6435
39606.5461616 6436
39576.071693 6437
39604.6857243 6438
39673.219576 6439
39746.0377395 6440
39784.546513 6441
39750.0651339 6442
39617.4666508 6443
39427.2241793 6444
39239.6151826 6445
39115.0354533 6446
39104.9000429 6447
39184.8882033 6448
39292.8624225 6449
39366.3418231 6450
39346.6381243 6451
39236.8872258 6452
39089.540578 6453
38958.4868729 6454
38896.5339105 6455
38913.7533799 6456
38966.5338749 6457
39007.7939776 6458
38990.5469699 6459
38892.9437461 6460
38743.5708053 6461
38577.0776531 6462
38428.1752964 6463
38319.0776619 6464
38230.7218821 6465
38135.5408709 6466
38005.9192016 6467
37823.7027789 6468
37623.1896768 6469
37456.819757 6470
37377.1141076 6471
37429.1110402 6472
37584.7183217 6473
37774.8795924 6474
37929.9713886 6475
37983.3694272 6476
37926.2002803 6477
37800.5926266 6478
37650.5332887 6479
37519.5227353 6480
37427.7961074 6481
37363.2896504 6482
37311.5572798 6483
37258.145081 6484
37193.4253068 6485
37118.3653602 6486
37035.3532817 6487
36946.7791593 6488
36856.0944102 6489
36770.5642151 6490
36698.3549474 6491
36647.6291315 6492
36623.7549 6493
36615.3472593 6494
36604.7479862 6495
36574.250051 6496
36507.986878 6497
36409.4973074 6498
36293.8763883 6499
36176.4136089 6500
36072.0017042 6501
35987.1271016 6502
35920.4630052 6503
35870.3659984 6504
35835.2071512 6505
35812.9916482 6506
35801.2535711 6507
35797.4727892 6508
35799.1176065 6509
35797.7565311 6510
35771.5114424 6511
35696.6113384 6512
35549.2126639 6513
35321.7701025 6514
35067.2573438 6515
34852.8502683 6516
34745.8305331 6517
34796.3127945 6518
34947.9120917 6519
35103.5707625 6520
35165.9604548 6521
35048.7367495 6522
34783.9180848 6523
34475.1811808 6524
34227.3622358 6525
34140.8304872 6526
34220.6650844 6527
34382.4986956 6528
34538.360008 6529
34601.2238188 6530
34537.8241091 6531
34392.5796848 6532
34216.0528343 6533
34058.8018168 6534
33957.2393213 6535
33915.5736072 6536
33933.6215682 6537
34011.1857413 6538
34139.0627991 6539
34275.3295829 6540
34370.5377565 6541
34375.1523533 6542
34252.139847 6543
34039.4670519 6544
33802.9417888 6545
33608.5089089 6546
33515.5085682 6547
33514.8267418 6548
33557.369662 6549
33593.4229956 6550
33575.4280189 6551
33497.9321431 6552
33393.359132 6553
33295.5522819 6554
33237.7700765 6555
33225.5784464 6556
33226.5388593 6557
33205.4028559 6558
33126.9680867 6559
32978.0056591 6560
32791.9608415 6561
32608.3115632 6562
32466.5941453 6563
32394.6814781 6564
32380.9195128 6565
32405.2692752 6566
32447.674819 6567
32488.7883049 6568
32513.3779779 6569
32507.5954375 6570
32457.5725999 6571
32351.8438595 6572
32201.1987629 6573
32028.3548272 6574
31856.1765148 6575
31706.6312065 6576
31586.1548885 6577
31488.4428886 6578
31406.799266 6579
31334.6111188 6580
31268.6420218 6581
31209.8404236 6582
31159.4173916 6583
31118.5826268 6584
31088.495688 6585
31070.1980298 6586
31064.7192483 6587
31073.0937886 6588
31093.4600076 6589
31115.3912145 6590
31126.8441121 6591
31115.7579252 6592
31072.109496 6593
30995.5345757 6594
30888.5573464 6595
30753.7073298 6596
30594.6943119 6597
30424.1906228 6598
30259.0627098 6599
30116.2554467 6600
30011.638995 6601
29946.6284481 6602
29912.3362071 6603
29899.6413066 6604
29899.3824677 6605
29902.1687726 6606
29898.3397865 6607
29878.2081426 6608
29832.1835885 6609
29758.3385111 6610
29667.140617 6611
29570.1678454 6612
29479.0429574 6613
29401.8749416 6614
29337.99774 6615
29285.441097 6616
29242.2180577 6617
29204.5588956 6618
29161.7753455 6619
29101.4501155 6620
29011.1493471 6621
28883.7953879 6622
28745.6816892 6623
28635.9543788 6624
28593.860363 6625
28652.7062308 6626
28784.1417218 6627
28923.5008231 6628
29005.5371719 6629
28968.135223 6630
28809.5873237 6631
28581.4823151 6632
28337.3152779 6633
28130.0090488 6634
27985.8579572 6635
27896.0794398 6636
27849.502999 6637
27834.9245009 6638
27841.9464302 6639
27861.7749339 6640
27885.7962889 6641
27905.359243 6642
27912.2521058 6643
27899.5374845 6644
27860.5063657 6645
27788.4444812 6646
27680.3665649 6647
27551.0587104 6648
27420.6338013 6649
27309.2637215 6650
27234.2947966 6651
27191.5673882 6652
27167.0134367 6653
27146.493425 6654
27116.0021284 6655
27063.4240402 6656
26977.9563258 6657
26848.8127599 6658
26666.319021 6659
26448.1673543 6660
26240.0115385 6661
26088.8494177 6662
26041.0187517 6663
26100.6789296 6664
26208.3274305 6665
26299.0540176 6666
26307.9735951 6667
26205.5040392 6668
26041.9501721 6669
25878.6890196 6670
25777.2178235 6671
25777.6467279 6672
25845.6785377 6673
25930.8070367 6674
25982.429337 6675
25959.3833294 6676
25871.9731969 6677
25747.8343866 6678
25614.6872678 6679
25498.1859486 6680
25405.98141 6681
25336.5016324 6682
25288.1220375 6683
25258.6216998 6684
25237.318735 6685
25207.1151924 6686
25150.7428321 6687
25051.6042641 6688
24913.0964682 6689
24760.7485681 6690
24621.2563222 6691
24521.1744251 6692
24472.4267265 6693
24463.2237696 6694
24479.5499985 6695
24507.3891157 6696
24532.9224205 6697
24542.8573653 6698
24523.9689511 6699
24463.0044513 6700
24354.3424985 6701
24220.5073088 6702
24090.5716973 6703
23993.6186902 6704
23953.3182958 6705
23962.1250547 6706
24001.4536015 6707
24052.6812816 6708
24096.9823557 6709
24114.0791143 6710
24082.8795193 6711
23982.2749303 6712
23793.9386602 6713
23542.6287526 6714
23286.4412926 6715
23084.483663 6716
22994.0839023 6717
23019.0180163 6718
23102.9551725 6719
23186.2289364 6720
23209.5974125 6721
23148.9682373 6722
23037.6489064 6723
22914.2838002 6724
22817.5579687 6725
22771.5696147 6726
22765.2892711 6727
22782.4951842 6728
22806.9166281 6729
22821.3911159 6730
22805.5133512 6731
22738.1308944 6732
22598.0320222 6733
22373.1596095 6734
22102.1375778 6735
21841.0884235 6736
21646.2671698 6737
21566.4238966 6738
21585.0698304 6739
21652.3816397 6740
21718.1693284 6741
21735.2925571 6742
21701.1423492 6743
21646.0911926 6744
21601.3683147 6745
21597.2069283 6746
21636.8630767 6747
21694.8674389 6748
21744.3267696 6749
21758.5151243 6750
21724.3850425 6751
21649.8241956 6752
21544.4829906 6753
21418.049133 6754
21279.9888635 6755
21139.3013851 6756
21004.9383855 6757
20885.8588801 6758
20787.9050544 6759
20706.5651122 6760
20635.1621596 6761
20567.0271305 6762
20498.1406722 6763
20437.7920075 6764
20399.4123109 6765
20396.4466792 6766
20438.7357515 6767
20508.4243731 6768
20574.9142157 6769
20607.4937004 6770
20577.4732151 6771
20481.4222344 6772
20332.6311185 6773
20144.7324995 6774
19931.9979033 6775
19721.9245391 6776
19554.509113 6777
19470.3080432 6778
19508.8288382 6779
19662.3813641 6780
19859.7897722 6781
20025.2843582 6782
20083.3069869 6783
20000.8819805 6784
19827.1240563 6785
19620.5587712 6786
19439.8267223 6787
19325.7133685 6788
19268.9220257 6789
19251.4471423 6790
19255.2258504 6791
19263.8223553 6792
19267.5778843 6793
19258.5950219 6794
19228.9435256 6795
19172.5573587 6796
19094.9395481 6797
19006.033431 6798
18915.8154449 6799
18833.8919043 6800
18766.2530999 6801
18716.8632445 6802
18689.6888431 6803
18687.9222121 6804
18702.9256612 6805
18716.7432152 6806
18711.1297918 6807
18668.4181241 6808
18587.7737407 6809
18486.9989235 6810
18384.8734297 6811
18300.0397649 6812
18239.1958532 6813
18190.486019 6814
18140.4058751 6815
18075.4897209 6816
17992.1932441 6817
17909.0518761 6818
17847.6070937 6819
17829.4374683 6820
17863.2497993 6821
17916.3433385 6822
17947.6398533 6823
17915.9671631 6824
17793.067832 6825
17611.9718762 6826
17423.8264444 6827
17279.9087181 6828
17223.4420025 6829
17240.7368797 6830
17293.6698775 6831
17343.9508344 6832
17355.8745441 6833
17322.2086294 6834
17253.0397653 6835
17158.7152397 6836
17049.8165173 6837
16940.5385671 6838
16848.1698253 6839
16790.1341638 6840
16783.1386291 6841
16820.1513752 6842
16866.0237556 6843
16883.9291471 6844
16837.3591708 6845
16718.0446263 6846
16564.4702975 6847
16419.5870572 6848
16326.3571587 6849
16308.3450547 6850
16343.682501 6851
16403.9988407 6852
16460.8531556 6853
16492.5825942 6854
16500.2605227 6855
16489.73018 6856
16466.8327482 6857
16434.862794 6858
16384.5970753 6859
16302.9980183 6860
16176.9864718 6861
15998.1705111 6862
15791.6161551 6863
15596.9354856 6864
15453.9083047 6865
15397.9424573 6866
15416.7911838 6867
15469.1457141 6868
15513.1760768 6869
15509.1681099 6870
15455.0728339 6871
15380.7048063 6872
15316.961452 6873
15293.8533653 6874
15312.7574193 6875
15341.6984659 6876
15346.7695152 6877
15294.403604 6878
15178.8517996 6879
15039.0287768 6880
14917.9631305 6881
14858.6529883 6882
14879.2677632 6883
14942.486794 6884
15003.3896757 6885
15016.9730216 6886
14955.485067 6887
14845.9065091 6888
14726.0598661 6889
14633.8531564 6890
14597.4016964 6891
14600.1851681 6892
14613.0033491 6893
14606.595006 6894
14556.8740608 6895
14473.9055096 6896
14381.4742852 6897
14303.451049 6898
14261.7769642 6899
14259.2644395 6900
14288.0611066 6901
14340.1789988 6902
14407.0853896 6903
14472.4204126 6904
14513.8131193 6905
14508.6789088 6906
14435.4765866 6907
14299.8110507 6908
14135.686914 6909
13978.5028482 6910
13863.3093137 6911
13804.6076512 6912
13787.6204129 6913
13795.3163864 6914
13810.659107 6915
13820.8266425 6916
13821.2713658 6917
13808.3896181 6918
13778.576477 6919
13731.1600987 6920
13673.4246769 6921
13613.9864009 6922
13561.4991567 6923
13522.3212935 6924
13494.0550371 6925
13472.213998 6926
13452.2987557 6927
13429.7033631 6928
13399.2878234 6929
13355.7133354 6930
13293.63765 6931
13209.3123235 6932
13111.4753672 6933
13014.7233468 6934
12933.7116656 6935
12882.2922608 6936
12864.6876272 6937
12878.9750522 6938
12923.1361076 6939
12994.6427719 6940
13081.9128036 6941
13165.5740316 6942
13225.9603938 6943
13243.7775124 6944
13212.6856598 6945
13141.377235 6946
13039.4106903 6947
12916.3936562 6948
12784.1092618 6949
12657.6893428 6950
12552.5973986 6951
12484.2607702 6952
12457.3131185 6953
12453.475844 6954
12451.5039893 6955
12430.1126921 6956
12377.5937901 6957
12310.2004572 6958
12249.2982093 6959
12216.2995766 6960
12224.250513 6961
12252.2140705 6962
12270.6111314 6963
12249.7903611 6964
12167.4683322 6965
12043.2984527 6966
11911.7205659 6967
11807.2667516 6968
11759.6871008 6969
11759.8341746 6970
11779.7928001 6971
11791.4758241 6972
11768.5951781 6973
11706.6592135 6974
11615.2872217 6975
11504.3707079 6976
11384.0921509 6977
11269.5080207 6978
11179.9173382 6979
11134.7955408 6980
11152.8017355 6981
11227.0913835 6982
11321.4568003 6983
11397.9913082 6984
11419.1429258 6985
11372.232678 6986
11282.6470325 6987
11179.0394876 6988
11090.0563654 6989
11035.4092707 6990
11016.4685851 6991
11032.3626316 6992
11082.2095773 6993
11159.1327905 6994
11239.6809885 6995
11297.5017938 6996
11306.1977459 6997
11249.0748688 6998
11146.4546997 6999
11027.4637592 7000
10921.2939115 7001
10852.8732694 7002
10824.5781431 7003
10831.4399347 7004
10868.4722705 7005
10928.7716795 7006
10991.6185504 7007
11030.1772076 7008
11017.5204698 7009
10930.559423 7010
10786.0455134 7011
10624.2049147 7012
10485.6420733 7013
10408.2688041 7014
10388.0850008 7015
10388.5079938 7016
10372.0178508 7017
10302.538424 7018
10179.939001 7019
10040.8200475 7020
9923.51718942 7021
9865.72283447 7022
9875.49757016 7023
9921.26070399 7024
9968.60006216 7025
9983.29818324 7026
9953.19410479 7027
9905.06286119 7028
9869.68985643 7029
9877.84151668 7030
9941.01658805 7031
10025.6282333 7032
10091.5905135 7033
10098.7472095 7034
10023.0120855 7035
9890.7680098 7036
9738.29725475 7037
9601.9663582 7038
9510.5423143 7039
9460.40942793 7040
9439.35933828 7041
9435.14846113 7042
9437.03061495 7043
9442.90981483 7044
9453.78097535 7045
9470.6458041 7046
9493.66871808 7047
9516.44386532 7048
9529.43858902 7049
9523.08285083 7050
9488.61541594 7051
9426.39934885 7052
9342.48415718 7053
9243.01631404 7054
9134.78304659 7055
9034.60443221 7056
8967.46697522 7057
8958.63316776 7058
9031.88949998 7059
9172.60593356 7060
9325.84055053 7061
9434.64950138 7062
9442.94029693 7063
9336.18849818 7064
9156.25216079 7065
8949.08246144 7066
8760.54661703 7067
8621.60951692 7068
8536.96197661 7069
8508.63411245 7070
8538.63032025 7071
8620.04724401 7072
8725.49063347 7073
8824.63493484 7074
8887.10318445 7075
8892.27651384 7076
8849.29216087 7077
8772.92173444 7078
8677.9694796 7079
8578.44142968 7080
8485.0024862 7081
8407.49825139 7082
8355.78467478 7083
8336.96646348 7084
8343.1447757 7085
8361.39162208 7086
8378.75039686 7087
8383.27130765 7088
8370.51280275 7089
8339.33447754 7090
8288.60457521 7091
8218.14389473 7092
8137.17702097 7093
8060.32342013 7094
8002.29116875 7095
7976.54347144 7096
7978.66107197 7097
7991.08746369 7098
7995.91582653 7099
7976.03829547 7100
7931.1203999 7101
7876.62734541 7102
7828.65383331 7103
7803.03050294 7104
7805.58279257 7105
7830.17695965 7106
7869.96499835 7107
7918.00283231 7108
7962.35551274 7109
7983.49968777 7110
7961.22816475 7111
7875.44390181 7112
7725.01098211 7113
7545.91833331 7114
7378.52684799 7115
7263.24272778 7116
7224.28530819 7117
7244.8637234 7118
7301.78480244 7119
7371.79983889 7120
7434.20310113 7121
7476.74295829 7122
7488.87450629 7123
7460.03624141 7124
7384.7259536 7125
7279.34697298 7126
7166.22439867 7127
7067.73614561 7128
7003.76702558 7129
6979.82899302 7130
6996.38592797 7131
7053.90247966 7132
7150.42971245 7133
7265.99453819 7134
7372.43233256 7135
7441.473185 7136
7447.75399084 7137
7395.7286494 7138
7307.11609009 7139
7203.88869631 7140
7107.27533022 7141
7027.51414047 7142
6966.79331463 7143
6927.136857 7144
6910.42272785 7145
6915.72993887 7146
6939.55957076 7147
6978.30047494 7148
7028.15270174 7149
7079.71121448 7150
7117.10579754 7151
7124.07020331 7152
7084.5824702 7153
6997.49743048 7154
6883.26008926 7155
6764.0693953 7156
6662.12713114 7157
6594.70449561 7158
6569.9985792 7159
6595.2712768 7160
6677.73334376 7161
6809.39980025 7162
6947.12550825 7163
7042.70301126 7164
7047.79448706 7165
6938.56242058 7166
6763.79858723 7167
6585.78065938 7168
6466.98508607 7169
6450.49260646 7170
6505.42514261 7171
6583.27811405 7172
6635.4046978 7173
6623.10337219 7174
6556.7488004 7175
6461.70825821 7176
6363.42662816 7177
6284.91917414 7178
6233.46544135 7179
6210.24412046 7180
6216.42746141 7181
6251.35161392 7182
6299.30016494 7183
6337.14967491 7184
6341.64434656 7185
6292.27536025 7186
6199.11364233 7187
6091.04480359 7188
5997.32476642 7189
5945.78385343 7190
5941.78846635 7191
5973.5752521 7192
6028.90883154 7193
6095.46836098 7194
6160.00075553 7195
6208.36777462 7196
6226.35550515 7197
6200.20158242 7198
6131.93294757 7199
6041.96431682 7200
5951.82064207 7201
5882.85153093 7202
5843.98900321 7203
5826.26356099 7204
5819.29513833 7205
5812.70332546 7206
5800.48525533 7207
5784.45666784 7208
5767.24680583 7209
5751.48650666 7210
5738.18685966 7211
5724.73878358 7212
5708.04336781 7213
5684.9878608 7214
5654.89264575 7215
5623.82075584 7216
5599.0191035 7217
5587.76521111 7218
5594.91681893 7219
5616.82786158 7220
5647.98899209 7221
5682.86243671 7222
5716.29134548 7223
5744.85852188 7224
5765.61967725 7225
5775.60531223 7226
5771.80484395 7227
5750.99683619 7228
5709.87697761 7229
5645.12335601 7230
5554.99234199 7231
5448.93271944 7232
5341.2301584 7233
5246.26956475 7234
5177.20372457 7235
5135.53435852 7236
5116.57802206 7237
5115.57165627 7238
5127.90671814 7239
5150.9972448 7240
5183.58761187 7241
5224.4265436 7242
5272.01514793 7243
5321.02281869 7244
5363.0736569 7245
5389.65689957 7246
5392.72554515 7247
5375.22031963 7248
5350.6858899 7249
5333.17885845 7250
5336.51517186 7251
5364.66858726 7252
5410.07427025 7253
5464.47847682 7254
5519.53643467 7255
5565.18642101 7256
5588.95137364 7257
5578.09263268 7258
5519.96952201 7259
5416.15375039 7260
5292.71997084 7261
5178.31700328 7262
5101.71504679 7263
5079.58982681 7264
5103.13454432 7265
5160.2768394 7266
5238.8617313 7267
5324.44827122 7268
5396.89008996 7269
5435.01531214 7270
5417.48956595 7271
5334.16199141 7272
5210.39423913 7273
5078.70472101 7274
4971.85979363 7275
4914.07102821 7276
4895.69575033 7277
4898.79590576 7278
4905.29047617 7279
4901.41387354 7280
4894.62188115 7281
4898.78160492 7282
4927.88472469 7283
4991.30921777 7284
5070.61020373 7285
5136.97199328 7286
5161.30991832 7287
5120.28785253 7288
5034.35835001 7289
4943.73328514 7290
4889.06807375 7291
4905.70521618 7292
4977.07482935 7293
5058.35767286 7294
5104.04318273 7295
5072.65660641 7296
4974.21736124 7297
4852.32657397 7298
4751.56068395 7299
