0.0 1883.01102
0.0 1887.64923
-26.041134 1892.28699
-55.84214 1896.92459
-88.143921 1901.56158
-108.030724 1906.19812
-18.59325 1910.83435
-23.558357 1915.47043
-18.59325 1920.1059
48.395603 1924.74091
16.151192 1929.37561
-35.973164 1934.01001
78.144287 1938.6441
43.436111 1943.27759
26.074444 1947.91077
43.436111 1952.54349
-18.59325 1957.17575
13.670084 1961.80786
33.515762 1966.43951
-48.390465 1971.07071
80.622711 1975.70145
31.035381 1980.33203
-21.075819 1984.96216
3.744887 1989.59167
-16.110786 1994.22089
-33.489964 1998.84979
65.750771 2003.47855
33.515762 2008.10654
6.226275 2012.73422
16.151192 2017.3616
53.354813 2021.98853
60.792721 2026.61514
6.226275 2031.2413
33.515762 2035.867
50.875256 2040.4924
33.515762 2045.11734
13.670084 2049.74197
6.226275 2054.36615
110.355278 2058.99002
-18.59325 2063.61343
21.113092 2068.23654
-55.84214 2072.85919
85.579117 2077.48123
-28.524019 2082.10327
35.99604 2086.72485
149.975998 2091.34583
6.226275 2095.96649
35.99604 2100.5867
63.271862 2105.20676
-28.524019 2109.82635
80.622711 2114.44534
21.113092 2119.06403
43.436111 2123.6824
-13.628428 2128.30048
60.792721 2132.91779
-8.664159 2137.53494
-11.146309 2142.15179
28.555031 2146.76819
33.515762 2151.38412
-3.700309 2155.9996
23.593754 2160.61493
21.113092 2165.22949
43.436111 2169.84406
63.271862 2174.45801
11.189009 2179.07166
-16.110786 2183.68484
-1.218472 2188.29773
-3.700309 2192.91031
53.354813 2197.52228
93.013023 2202.13379
13.670084 2206.745
13.670084 2211.35574
68.229706 2215.96634
48.395603 2220.57648
-13.628428 2225.186
-11.146309 2229.79553
58.313477 2234.4043
-8.664159 2239.01276
16.151192 2243.62076
70.708534 2248.22845
-18.59325 2252.83569
-45.906876 2257.44278
-55.84214 2262.0491
40.956146 2266.65512
16.151192 2271.26114
8.707694 2275.86639
35.99604 2280.47119
8.707694 2285.07568
-26.041134 2289.67972
3.744887 2294.28345
45.915977 2298.88687
38.476074 2303.48984
90.53511 2308.09219
-16.110786 2312.6944
3.744887 2317.29614
-33.489964 2321.89758
70.708534 2326.49841
70.708534 2331.09894
-8.664159 2335.69901
31.035381 2340.29892
-3.700309 2344.89822
8.707694 2349.49707
8.707694 2354.09561
38.476074 2358.69385
-26.041134 2363.29163
13.670084 2367.88895
38.476074 2372.48581
16.151192 2377.08237
-26.041134 2381.67847
3.744887 2386.27441
120.262932 2390.8696
18.632195 2395.46463
-23.558357 2400.0592
-33.489964 2404.65332
-18.59325 2409.24698
33.515762 2413.84033
-16.110786 2418.43338
-23.558357 2423.02597
50.875256 2427.6181
68.229706 2432.20993
70.708534 2436.80115
13.670084 2441.39221
55.834129 2445.98282
6.226275 2450.57297
1.263259 2455.16266
43.436111 2459.75189
75.665764 2464.34082
26.074444 2468.92944
31.035381 2473.51761
60.792721 2478.10516
63.271862 2482.69272
125.216072 2487.27951
21.113092 2491.866
21.113092 2496.45218
58.313477 2501.0379
63.271862 2505.62317
35.99604 2510.20813
33.515762 2514.79279
28.555031 2519.37668
45.915977 2523.96057
21.113092 2528.54385
75.665764 2533.12683
-6.182114 2537.7092
43.436111 2542.29126
-26.041134 2546.87302
-13.628428 2551.45432
40.956146 2556.035
26.074444 2560.61584
-50.874294 2565.19592
40.956146 2569.7757
60.792721 2574.35455
58.313477 2578.93372
63.271862 2583.51196
-6.182114 2588.0899
8.707694 2592.66754
75.665764 2597.24487
21.113092 2601.8219
-18.59325 2606.39832
26.074444 2610.97443
8.707694 2615.54993
-58.326286 2620.12512
97.968544 2624.69971
-48.390465 2629.27429
-3.700309 2633.84827
11.189009 2638.42194
38.476074 2642.9953
-13.628428 2647.56805
-21.075819 2652.1405
60.792721 2656.71234
13.670084 2661.28387
-13.628428 2665.8551
68.229706 2670.42572
75.665764 2674.99573
53.354813 2679.56604
68.229706 2684.13574
35.99604 2688.70483
23.593754 2693.27362
-11.146309 2697.8418
80.622711 2702.40936
1.263259 2706.97693
-55.84214 2711.54419
3.744887 2716.11053
28.555031 2720.67688
53.354813 2725.24292
35.99604 2729.80835
-8.664159 2734.37347
21.113092 2738.93799
43.436111 2743.5025
-13.628428 2748.0661
16.151192 2752.62939
21.113092 2757.19238
13.670084 2761.75507
-28.524019 2766.31714
-6.182114 2770.87891
38.476074 2775.44067
21.113092 2780.00122
8.707694 2784.56177
-48.390465 2789.12201
1.263259 2793.68164
-16.110786 2798.24097
120.262932 2802.79968
18.632195 2807.3584
53.354813 2811.9162
88.057236 2816.474
21.113092 2821.03149
40.956146 2825.58838
3.744887 2830.14465
-3.700309 2834.70062
1.263259 2839.25629
85.579117 2843.81134
-26.041134 2848.36639
23.593754 2852.92053
-31.006872 2857.47467
3.744887 2862.0282
105.400925 2866.58142
88.057236 2871.13434
65.750771 2875.68634
50.875256 2880.23804
11.189009 2884.78973
38.476074 2889.34113
80.622711 2893.8913
50.875256 2898.44208
23.593754 2902.99164
3.744887 2907.54089
45.915977 2912.08984
48.395603 2916.63879
11.189009 2921.18683
11.189009 2925.73456
117.786133 2930.28198
-50.874294 2934.82849
-8.664159 2939.37561
16.151192 2943.92151
55.834129 2948.46741
-13.628428 2953.01239
28.555031 2957.55737
6.226275 2962.10175
1.263259 2966.64581
18.632195 2971.18958
-16.110786 2975.73242
21.113092 2980.27557
50.875256 2984.81812
38.476074 2989.35974
120.262932 2993.90137
-31.006872 2998.44238
-6.182114 3002.9834
63.271862 3007.5235
-6.182114 3012.0636
33.515762 3016.60278
43.436111 3021.14197
13.670084 3025.68054
-3.700309 3030.21881
28.555031 3034.75677
21.113092 3039.29413
95.490837 3043.83118
35.99604 3048.36761
-31.006872 3052.90375
26.074444 3057.43958
16.151192 3061.9751
97.968544 3066.5097
-31.006872 3071.04431
45.915977 3075.578
43.436111 3080.11169
3.744887 3084.64508
28.555031 3089.17755
28.555031 3093.71063
-35.973164 3098.24219
45.915977 3102.77374
-6.182114 3107.30499
13.670084 3111.83563
16.151192 3116.36597
35.99604 3120.89569
-28.524019 3125.42511
50.875256 3129.95422
-6.182114 3134.48273
40.956146 3139.01093
28.555031 3143.53882
35.99604 3148.0658
21.113092 3152.59308
-21.075819 3157.11975
58.313477 3161.64581
55.834129 3166.17126
-6.182114 3170.69672
21.113092 3175.22156
6.226275 3179.74579
21.113092 3184.27002
55.834129 3188.79333
11.189009 3193.31665
35.99604 3197.83936
-8.664159 3202.36176
-6.182114 3206.88354
-13.628428 3211.40503
40.956146 3215.92651
53.354813 3220.44647
43.436111 3224.96704
65.750771 3229.48639
112.832382 3234.00604
-31.006872 3238.52509
95.490837 3243.04352
26.074444 3247.56165
53.354813 3252.07916
102.923515 3256.59668
73.187134 3261.11328
45.915977 3265.62988
35.99604 3270.14557
63.271862 3274.66156
8.707694 3279.17664
23.593754 3283.6911
-33.489964 3288.20557
73.187134 3292.71942
40.956146 3297.23297
78.144287 3301.74561
6.226275 3306.25854
-8.664159 3310.77026
68.229706 3315.28229
26.074444 3319.7937
31.035381 3324.3045
45.915977 3328.815
21.113092 3333.32489
16.151192 3337.83478
75.665764 3342.34406
55.834129 3346.85303
-63.294903 3351.36078
31.035381 3355.86914
75.665764 3360.37659
58.313477 3364.88342
97.968544 3369.39026
45.915977 3373.89648
70.708534 3378.4024
26.074444 3382.90771
13.670084 3387.41272
50.875256 3391.91681
75.665764 3396.4212
26.074444 3400.92468
26.074444 3405.42816
3.744887 3409.93103
40.956146 3414.43329
90.53511 3418.93555
-3.700309 3423.43689
48.395603 3427.93793
68.229706 3432.43866
-18.59325 3436.93878
65.750771 3441.4389
102.923515 3445.93842
137.597366 3450.43732
112.832382 3454.93591
135.121277 3459.43359
1.263259 3463.93158
105.400925 3468.42896
135.121277 3472.92542
80.622711 3477.42218
125.216072 3481.91803
85.579117 3486.41357
102.923515 3490.90881
169.776733 3495.40314
75.665764 3499.89777
23.593754 3504.39148
88.057236 3508.88489
127.692558 3513.37799
130.168945 3517.87048
120.262932 3522.36267
93.013023 3526.85425
63.271862 3531.34552
110.355278 3535.83649
90.53511 3540.32684
105.400925 3544.81659
177.200317 3549.30634
88.057236 3553.79517
184.623001 3558.2843
142.549103 3562.77222
112.832382 3567.26013
73.187134 3571.74774
184.623001 3576.23444
196.992233 3580.72113
184.623001 3585.20721
105.400925 3589.69299
132.645096 3594.17786
239.028824 3598.66302
204.412537 3603.14697
214.304886 3607.63123
182.148972 3612.11456
189.571045 3616.5976
174.725845 3621.08032
204.412537 3625.56244
201.939148 3630.04456
127.692558 3634.52576
258.800873 3639.00696
224.195679 3643.48663
236.556824 3647.96722
288.447083 3652.4469
229.140411 3656.92596
226.668015 3661.40472
209.358841 3665.88287
236.556824 3670.36102
243.972366 3674.83826
298.32608 3679.31549
273.625732 3683.79181
169.776733 3688.26843
229.140411 3692.74384
261.271851 3697.21924
330.421936 3701.69403
313.141571 3706.16821
305.734253 3710.6427
285.977081 3715.11566
335.358368 3719.58923
345.229858 3724.06158
401.961761 3728.53424
379.768311 3733.00568
295.856445 3737.47711
335.358368 3741.94794
357.56723 3746.41846
429.076569 3750.88898
335.358368 3755.35828
384.700897 3759.82758
426.61203 3764.29596
429.076569 3768.76465
364.968445 3773.23242
295.856445 3777.69989
397.030487 3782.16675
387.166931 3786.6333
426.61203 3791.09985
468.495819 3795.56519
397.030487 3800.03052
549.722473 3804.49524
419.217957 3808.95996
451.252808 3813.42377
416.753021 3817.88727
530.040527 3822.35046
569.398682 3826.81274
566.939392 3831.27533
522.658081 3835.73669
579.234558 3840.19836
579.234558 3844.65912
574.316711 3849.11957
581.693176 3853.57971
586.610474 3858.03925
586.610474 3862.49847
729.052246 3866.95679
657.86908 3871.41541
648.044922 3875.87311
625.934998 3880.33051
625.934998 3884.78729
638.219055 3889.24408
625.934998 3893.69995
677.513367 3898.15552
748.675842 3902.61078
613.648621 3907.06543
662.780762 3911.52008
814.863831 3915.97351
719.238464 3920.42725
817.314087 3924.87976
729.052246 3929.33289
797.710083 3933.78479
807.512634 3938.23639
827.113831 3942.68768
844.260315 3947.13837
756.033081 3951.58905
741.317566 3956.03851
824.664001 3960.48798
910.357117 3964.93683
883.436401 3969.38568
858.953857 3973.83392
898.121765 3978.28156
956.832397 3982.72888
1013.051392 3987.1756
995.945984 3991.62201
1066.78479 3996.06781
1137.554443 4000.51361
1017.938049 4004.95819
1110.71875 4009.40308
1061.901611 4013.84705
1078.991333 4018.29102
1052.134277 4022.73438
1086.314453 4027.17682
1105.838623 4031.61926
1132.675903 4036.0611
1144.871338 4040.50293
1157.065063 4044.94385
1242.362915 4049.38446
1088.755249 4053.82477
1232.619629 4058.26447
1137.554443 4062.70386
1278.889404 4067.14233
1239.927368 4071.58081
1186.321167 4076.01868
1288.626953 4080.45624
1239.927368 4084.89319
1232.619629 4089.33014
1317.831421 4093.76617
1276.454834 4098.2019
1312.964722 4102.63702
1329.996704 4107.07184
1349.457031 4111.50635
1417.529175 4115.94025
1368.912476 4120.37384
1400.516846 4124.80682
1407.80835 4129.23981
1417.529175 4133.67126
1432.108154 4138.10333
1456.400513 4142.53479
1485.541016 4146.96533
1519.52478 4151.39587
1618.963745 4155.82581
1662.580444 4160.25543
1601.995239 4164.68414
1519.52478 4169.11285
1778.776611 4173.54065
1652.890015 4177.96875
1650.467163 4182.39594
1698.90979 4186.82281
1684.380127 4191.24908
1786.033447 4195.67505
1701.331177 4200.10071
1853.731934 4204.52545
1795.707886 4208.9502
1793.289429 4213.37372
1933.448486 4217.79785
1918.960205 4222.22107
1877.896484 4226.64368
1962.41748 4231.06628
1962.41748 4235.48798
1911.715088 4239.90967
1856.148926 4244.33044
1935.863037 4248.75092
1885.144531 4253.17078
2020.325562 4257.59064
2013.089111 4262.00989
2020.325562 4266.42853
1981.724609 4270.84686
1976.898071 4275.26459
2121.569824 4279.68201
2080.604492 4284.09912
2241.943604 4288.51563
2155.29126 4292.93121
2265.998535 4297.34711
2131.205811 4301.76239
2104.704102 4306.17706
2217.882324 4310.59113
2123.97876 4315.00488
2155.29126 4319.41833
2138.432373 4323.83087
2193.813965 4328.24341
2290.046631 4332.65533
2210.662354 4337.06726
2357.347168 4341.47827
2486.998291 4345.88867
2580.519531 4350.29877
2549.356689 4354.70825
2604.483887 4359.11804
2664.368164 4363.52661
2477.400879 4367.93518
2635.628662 4372.34283
2712.247803 4376.75049
2822.278076 4381.15723
2740.963623 4385.56396
2810.323975 4389.9704
2791.195313 4394.37561
2865.298096 4398.78113
2886.80127 4403.18573
2882.023193 4407.59033
2970.37793 4411.99341
2901.134033 4416.39709
3053.882324 4420.79956
3118.251465 4425.20264
3196.867432 4429.6051
3103.950684 4434.00604
3175.432861 4438.40759
3223.05835 4442.80762
3244.48291 4447.20825
3277.800293 4451.60767
3156.375732 4456.00739
3277.800293 4460.40558
3223.05835 4464.80438
3399.077637 4469.20258
3377.686523 4473.59955
3382.440674 4477.99713
3237.342041 4482.39319
3494.095703 4486.78955
3605.629883 4491.185
3491.721924 4495.58014
3439.471191 4499.97498
3672.018311 4504.36951
3693.348877 4508.76343
3807.036865 4513.15674
3558.183594 4517.54974
3802.30249 4521.94183
3743.102539 4526.33392
3733.627197 4530.7251
3894.587891 4535.11688
3937.154541 4539.50684
3965.522705 4543.8974
3927.696777 4548.28735
4083.642822 4552.67639
4005.697998 4557.06543
4008.061035 4561.45325
4088.365234 4565.84137
4159.172852 4570.22858
4260.583008 4574.61578
4064.752686 4579.00208
4229.934082 4583.38867
4277.083008 4587.77405
4314.787598 4592.15912
4227.575684 4596.54388
4364.255371 4600.92773
4352.479492 4605.31189
4507.823242 4609.69513
4641.811035 4614.07806
4799.103027 4618.46008
4688.786133 4622.84241
4564.258789 4627.22351
4792.064453 4631.60461
5033.466309 4635.98541
4967.892578 4640.3653
5035.807617 4644.74518
5091.983398 4649.12384
4993.658203 4653.50281
5260.348145 4657.88086
5253.337891 4662.25891
5295.394531 4666.63605
5365.455078 4671.01318
5526.436523 4675.39001
5812.869629 4679.76563
5847.753906 4684.14124
6061.493652 4688.51593
6087.024414 4692.89063
6077.740723 4697.2644
6203.007324 4701.63849
6196.05127 4706.01135
6367.516113 4710.38422
6388.353516 4714.75677
6658.927246 4719.12811
6984.232422 4723.50006
7292.621094 4727.87048
7265.033691 4732.24121
7437.353516 4736.61072
7575.04541 4740.98053
7620.910156 4745.34943
7772.149902 4749.71802
7904.914063 4754.0863
8092.387695 4758.45367
8434.647461 4762.82104
8357.145508 4767.1875
8610.004883 4771.55426
8878.295898 4775.91949
9191.400391 4780.28503
9216.329102 4784.64966
9390.696289 4789.01428
9460.836914 4793.3786
9756.854492 4797.7417
9820.046875 4802.1051
9860.655273 4806.46698
9862.911133 4810.82947
10430.260742 4815.19073
10304.369141 4819.552
10749.022461 4823.91266
10845.419922 4828.27301
11143.208984 4832.63306
11205.831055 4836.99188
11618.989258 4841.35101
11567.678711 4845.70923
12113.463867 4850.06744
12226.865234 4854.42413
12282.429688 4858.78174
12297.984375 4863.13782
12717.481445 4867.4939
12830.523438 4871.84998
13005.50293 4876.20453
12730.783203 4880.55939
12896.989258 4884.91333
13032.069336 4889.26727
13005.50293 4893.6203
13140.512695 4897.97302
13589.200195 4902.32513
13809.902344 4906.67755
14118.548828 4911.02905
14398.21582 4915.37964
14620.426758 4919.73022
14701.788086 4924.0799
14675.402344 4928.42957
14627.023438 4932.77832
15119.253906 4937.12738
14646.816406 4941.47491
15198.292969 4945.82275
14912.786133 4950.17029
14785.326172 4954.5166
15027.018555 4958.86292
15329.985352 4963.20831
15889.182617 4967.55402
16073.230469 4971.8985
15996.551758 4976.24298
16434.560547 4980.58655
16114.850586 4984.93042
16491.476563 4989.27368
16491.476563 4993.61572
16530.876953 4997.95807
16786.923828 5002.29919
16826.306641 5006.64063
16686.265625 5010.98083
16885.378906 5015.32104
17187.240234 5019.66064
17012.259766 5023.99994
17051.632813 5028.33893
17384.058594 5032.677
17795.101563 5037.01477
18118.638672 5041.35193
18131.753906 5045.68909
18000.59375 5050.02502
18328.494141 5054.36127
18182.033203 5058.69629
18103.337891 5063.03162
18693.564453 5067.36603
18949.359375 5071.69983
19069.617188 5076.03363
19004.021484 5080.36621
18905.630859 5084.6994
19283.917969 5089.03107
18864.091797 5093.36304
19430.453125 5097.69379
19738.896484 5102.02484
19467.632813 5106.35529
19747.646484 5110.68481
19679.824219 5115.01434
20043.066406 5119.34265
20463.423828 5123.67126
20465.615234 5127.99927
20314.519531 5132.32605
20191.914063 5136.65344
20515.986328 5140.97961
20796.400391 5145.30579
20789.826172 5149.63135
20275.109375 5153.95691
20923.505859 5158.28064
21195.351563 5162.60498
21741.666016 5166.92871
21669.228516 5171.25183
21320.357422 5175.57373
21263.333984 5179.89624
21831.683594 5184.21753
21853.640625 5188.53943
21629.720703 5192.86072
21590.216797 5197.18018
21568.271484 5201.50024
22255.648438 5205.81909
22273.230469 5210.13855
22499.667969 5214.45679
22310.597656 5218.77502
22565.642578 5223.09204
22911.078125 5227.40906
23552.101563 5231.72546
23175.298828 5236.04187
22970.513672 5240.35767
23373.572266 5244.67224
23148.869141 5248.98682
23450.705078 5253.30078
23162.082031 5257.61475
23598.398438 5261.92749
23195.121094 5266.24023
23743.939453 5270.55237
23538.873047 5274.86389
23609.423828 5279.17542
23571.941406 5283.48572
23924.835938 5287.79663
23622.652344 5292.10571
24134.509766 5296.41541
24386.255859 5300.72388
24556.382813 5305.03235
24633.734375 5309.34082
24879.144531 5313.64746
24395.09375 5317.95532
24651.417969 5322.26135
24819.4375 5326.56738
24773.005859 5330.8728
24649.208984 5335.17822
24702.259766 5339.48242
24815.015625 5343.78662
24910.107422 5348.09082
24947.708984 5352.39319
25303.962891 5356.69617
25649.417969 5360.99792
25722.529297 5365.29968
25795.650391 5369.60083
25365.949219 5373.90137
25868.779297 5378.2019
25957.4375 5382.50183
26030.59375 5386.80115
25465.587891 5391.09985
25452.300781 5395.39795
25844.402344 5399.69543
26569.597656 5403.99292
26838.181641 5408.28979
26427.585938 5412.58606
26711.644531 5416.88171
27022.486328 5421.17737
27024.708984 5425.47302
27006.941406 5429.76685
26909.232422 5434.06128
26964.746094 5438.35388
27642.380859 5442.64771
27200.177734 5446.9397
27929.167969 5451.2323
27373.472656 5455.52307
27195.736328 5459.81506
27551.255859 5464.10583
27811.332031 5468.39539
27898.041016 5472.68555
27960.298828 5476.97449
27642.380859 5481.26282
28027.007813 5485.55054
28569.736328 5489.83887
28325.033203 5494.12598
28721.029297 5498.41309
28284.994141 5502.69958
28843.412109 5506.98486
28765.53125 5511.27075
28376.195313 5515.55481
28830.060547 5519.83948
29266.240234 5524.12292
29272.919922 5528.40698
29386.425781 5532.6886
28727.707031 5536.97205
29143.833984 5541.25366
29448.746094 5545.53467
29602.322266 5549.81628
29693.582031 5554.09607
30087.550781 5558.37646
29722.515625 5562.65564
30339.058594 5566.93481
30592.773438 5571.21338
30087.550781 5575.49133
30138.742188 5579.76929
30715.171875 5584.04602
31131.269531 5588.32275
31496.097656 5592.59888
32238.740234 5596.87439
32356.53125 5601.14929
32345.419922 5605.42419
31931.960938 5609.69788
31547.251953 5613.97156
31556.150391 5618.24524
31900.833984 5622.5177
31914.177734 5626.79016
31769.646484 5631.0614
31186.892578 5635.33264
31006.673828 5639.60327
31934.1875 5643.87329
31980.875 5648.14331
31836.353516 5652.41272
32272.078125 5656.68213
32116.484375 5660.94971
32074.25 5665.2179
32492.085938 5669.48425
33078.496094 5673.75183
32396.535156 5678.01819
32847.535156 5682.28394
32752.021484 5686.54846
32914.164063 5690.81421
33091.816406 5695.07874
32925.269531 5699.34265
32978.566406 5703.60596
31878.601563 5707.86865
32260.964844 5712.13074
32000.882813 5716.39282
31998.662109 5720.6543
32116.484375 5724.91516
32229.847656 5729.17603
31965.310547 5733.43567
31502.767578 5737.69531
31927.515625 5741.95435
31976.429688 5746.21277
32152.052734 5750.47119
32845.316406 5754.72839
32000.882813 5758.9856
31631.765625 5763.24158
31947.525391 5767.49817
32334.306641 5771.75293
32938.59375 5776.0083
32918.605469 5780.26306
32107.59375 5784.51721
32014.226563 5788.77136
32396.535156 5793.02429
32509.861328 5797.27661
31611.748047 5801.52832
32200.953125 5805.78064
32492.085938 5810.03113
32296.527344 5814.28223
32407.646484 5818.53271
32160.941406 5822.78198
31600.630859 5827.03125
31731.839844 5831.2793
32327.640625 5835.52795
33187.292969 5839.77539
33768.761719 5844.02283
33444.789063 5848.26965
32958.582031 5852.51587
32787.5625 5856.76208
32569.853516 5861.00647
32558.742188 5865.25208
33276.09375 5869.49524
33109.578125 5873.73962
33042.964844 5877.98218
32809.777344 5882.22534
33564.628906 5886.46729
33156.207031 5890.70984
32743.136719 5894.95117
33193.949219 5899.19128
32729.810547 5903.43201
33229.46875 5907.67151
33120.683594 5911.91101
33005.214844 5916.1499
33238.355469 5920.38818
33218.375 5924.62524
33713.292969 5928.86292
33182.851563 5933.10059
33819.789063 5937.33582
33753.230469 5941.57227
33853.0625 5945.8075
34598.089844 5950.04272
33429.25 5954.27673
33407.058594 5958.51074
33473.640625 5962.74353
33695.546875 5966.97632
34074.863281 5971.20911
34019.414063 5975.44067
34316.5625 5979.67224
33642.292969 5983.9032
33071.832031 5988.13354
33518.023438 5992.36328
33706.636719 5996.59241
33826.441406 6000.82153
33804.257813 6005.05005
34194.609375 6009.27795
34476.175781 6013.50525
33356.003906 6017.73254
33233.910156 6021.95862
33342.6875 6026.18408
34019.414063 6030.40955
33979.496094 6034.6344
34877.320313 6038.85925
34946.007813 6043.0835
34673.445313 6047.30652
34010.546875 6051.52893
33906.300781 6055.75195
33835.3125 6059.97375
34234.523438 6064.19495
34050.46875 6068.41553
34615.820313 6072.63672
34513.859375 6076.85608
34210.132813 6081.07605
35118.820313 6085.2948
35010.261719 6089.51294
34981.460938 6093.73108
35464.375 6097.948
35732.359375 6102.16553
35581.761719 6106.38123
35019.121094 6110.59753
34957.085938 6114.81262
35459.949219 6119.02832
36243.917969 6123.24219
36746.675781 6127.45605
37644.324219 6131.66931
37152.128906 6135.88196
36474.242188 6140.0946
36237.273438 6144.30664
36624.847656 6148.51807
36773.257813 6152.72827
37318.359375 6156.93909
37715.3125 6161.14929
36516.320313 6165.35889
36212.914063 6169.56787
36111.046875 6173.77563
36175.269531 6177.9834
35216.292969 6182.19055
34892.828125 6186.39832
34662.363281 6190.60364
34908.339844 6194.81018
35900.667969 6199.01611
36104.402344 6203.22083
36638.136719 6207.42493
36671.363281 6211.62842
36425.515625 6215.83191
35160.910156 6220.03418
35400.144531 6224.23706
35925.027344 6228.43872
35719.074219 6232.64038
35457.734375 6236.84143
35247.304688 6241.04126
35034.632813 6245.2417
34511.644531 6249.44031
34637.984375 6253.64014
35001.402344 6257.83752
34974.8125 6262.03552
35552.96875 6266.2323
34988.105469 6270.42969
34992.535156 6274.62585
35145.402344 6278.82141
36024.679688 6283.01697
35708.0 6287.2113
35205.214844 6291.40625
34383.070313 6295.59998
33848.625 6299.79309
34017.203125 6303.9856
34065.992188 6308.1781
33300.511719 6312.37
33915.171875 6316.56067
33802.039063 6320.75195
34065.992188 6324.94202
34085.953125 6329.13208
34385.289063 6333.32092
34068.210938 6337.50977
33986.148438 6341.69739
33948.445313 6345.88562
33637.855469 6350.07263
33142.886719 6354.25964
32891.953125 6358.44543
33173.972656 6362.63123
33693.328125 6366.81641
33489.175781 6371.00037
33065.171875 6375.18494
32738.695313 6379.36829
32454.310547 6383.55164
33074.054688 6387.73438
32596.515625 6391.9165
32676.496094 6396.09863
32540.970703 6400.27893
32554.298828 6404.45984
32692.044922 6408.63953
33027.421875 6412.81921
32900.835938 6416.99829
33389.300781 6421.17676
33886.332031 6425.35461
33284.96875 6429.53247
32938.59375 6433.70972
33007.4375 6437.88635
32694.265625 6442.06177
32040.902344 6446.23718
31951.972656 6450.4126
31807.447266 6454.58618
30919.896484 6458.76099
31000.0 6462.93396
31945.300781 6467.10693
32934.152344 6471.27991
33433.6875 6475.45166
33225.03125 6479.62341
33336.027344 6483.79333
33087.378906 6487.96448
32656.501953 6492.13379
32396.535156 6496.3031
32200.953125 6500.4718
32447.646484 6504.63989
32585.40625 6508.80859
32920.824219 6512.97546
33478.078125 6517.14233
33529.121094 6521.30859
33242.792969 6525.47485
32489.863281 6529.63928
32818.660156 6533.80432
32145.380859 6537.96814
32738.695313 6542.13196
33264.992188 6546.29578
34365.335938 6550.45837
33264.992188 6554.62036
31827.458984 6558.78174
32458.753906 6562.94312
32478.751953 6567.10327
32494.306641 6571.26404
32176.501953 6575.42358
31558.373047 6579.58252
31033.373047 6583.74084
32165.386719 6587.89917
32087.585938 6592.05688
32432.089844 6596.21338
32085.361328 6600.37048
31916.398438 6604.52637
31818.566406 6608.68164
31482.748047 6612.83691
31280.328125 6616.99158
31164.640625 6621.14502
31371.533203 6625.29846
31367.085938 6629.45129
31062.300781 6633.60413
30933.246094 6637.75635
31177.992188 6641.90674
31731.839844 6646.05835
31433.814453 6650.20813
31598.40625 6654.35791
32380.976563 6658.50769
31762.972656 6662.65625
31651.78125 6666.8042
32547.632813 6670.95215
32187.617188 6675.09949
31631.765625 6679.24622
31460.507813 6683.39233
31242.507813 6687.53784
30793.060547 6691.68335
30347.960938 6695.82825
30428.082031 6699.97192
30672.890625 6704.1156
30643.958984 6708.25867
30385.796875 6712.40173
30526.009766 6716.54358
30577.195313 6720.68481
30746.326172 6724.82605
31193.564453 6728.96667
31327.041016 6733.10669
31456.060547 6737.24609
31622.871094 6741.38489
30643.958984 6745.52307
29802.646484 6749.66064
29729.195313 6753.79822
29426.488281 6757.93579
29782.613281 6762.07153
30065.292969 6766.20789
30508.205078 6770.34241
30376.894531 6774.47754
29873.875 6778.61206
29882.775391 6782.74597
28854.539063 6786.87866
28229.390625 6791.01135
28910.167969 6795.14404
29393.103516 6799.27551
28921.296875 6803.40698
28649.832031 6807.53723
29177.21875 6811.66748
29032.5625 6815.79712
29540.001953 6819.92615
30192.162109 6824.05457
30768.580078 6828.18298
29887.226563 6832.31018
29535.550781 6836.43738
28416.234375 6840.56335
28075.931641 6844.68994
28529.691406 6848.81531
29435.392578 6852.93945
29450.972656 6857.06482
28947.998047 6861.18774
29208.376953 6865.31128
28769.982422 6869.43481
28754.408203 6873.55713
28741.056641 6877.67883
28402.886719 6881.79932
28311.6875 6885.92041
28896.818359 6890.04089
28549.714844 6894.16016
27964.746094 6898.27881
28620.90625 6902.39868
29157.1875 6906.51611
29101.550781 6910.63354
28796.683594 6914.75098
29455.423828 6918.86719
28805.583984 6922.9834
28489.646484 6927.099
28087.052734 6931.2146
28216.042969 6935.32837
28549.714844 6939.44214
29239.533203 6943.55652
29059.267578 6947.66846
28282.769531 6951.78101
27755.751953 6955.89294
27731.298828 6960.00366
27978.087891 6964.11438
27942.509766 6968.2251
27604.597656 6972.33459
27093.558594 6976.44409
28102.619141 6980.55298
28015.888672 6984.66064
27642.380859 6988.76831
27102.441406 6992.87537
26887.029297 6996.98181
27409.025391 7001.08826
27515.693359 7005.19348
27949.181641 7009.2981
27844.677734 7013.40271
28224.939453 7017.50732
28725.480469 7021.61011
27849.125 7025.7135
27422.359375 7029.81567
26969.1875 7033.91724
27093.558594 7038.0188
26920.335938 7042.11914
26982.511719 7046.21948
27315.705078 7050.31921
27637.9375 7054.41895
27493.470703 7058.51746
27600.150391 7062.61536
27304.595703 7066.71265
26574.035156 7070.81055
26713.863281 7074.90662
26704.984375 7079.0033
27149.087891 7083.09814
27040.251953 7087.19299
26887.029297 7091.28784
26691.667969 7095.38147
27129.095703 7099.4751
26696.105469 7103.5675
27002.5 7107.66052
26720.521484 7111.75171
27060.240234 7115.8429
26256.777344 7119.93347
26090.457031 7124.02405
26026.160156 7128.11401
26074.935547 7132.20276
26407.617188 7136.2915
26491.929688 7140.37964
26434.240234 7144.46777
25775.707031 7148.55408
26190.244141 7152.64099
26605.105469 7156.72668
26423.148438 7160.81177
26562.939453 7164.89746
26219.072266 7168.98132
25487.732422 7173.06519
25241.986328 7177.14844
24651.417969 7181.23108
24207.369141 7185.31372
24518.816406 7189.39514
24848.185547 7193.47595
24991.949219 7197.55676
25056.103516 7201.63696
25091.503906 7205.71716
25589.611328 7209.79614
25133.544922 7213.87451
25020.705078 7217.95227
24543.125 7222.02942
24640.367188 7226.10718
24905.685547 7230.18311
24985.310547 7234.25903
24613.841797 7238.33374
24331.037109 7242.40906
24297.908203 7246.48376
24306.744141 7250.55725
24161.003906 7254.63013
24304.535156 7258.703
25082.652344 7262.77466
24810.59375 7266.84631
24392.884766 7270.91797
24015.314453 7274.98779
23763.791016 7279.05823
24342.080078 7283.12805
24368.585938 7287.19666
24426.019531 7291.26526
24624.894531 7295.33264
24050.626953 7299.40063
24295.699219 7303.4668
23642.496094 7307.53357
23543.283203 7311.59851
23816.730469 7315.66406
24346.5 7319.729
24934.4375 7323.79272
24671.310547 7327.85645
24266.990234 7331.91895
23765.996094 7335.98206
23494.787109 7340.04333
24501.140625 7344.10522
24317.785156 7348.16528
24660.259766 7352.22656
24445.904297 7356.28662
24297.908203 7360.34546
23957.935547 7364.4043
24373.003906 7368.46252
23686.601563 7372.52014
23957.935547 7376.57715
24273.615234 7380.63354
24467.998047 7384.68933
24987.525391 7388.74512
25306.175781 7392.80029
25204.359375 7396.85486
25164.523438 7400.90881
24620.474609 7404.96216
24985.310547 7409.0155
25195.507813 7413.06702
24837.126953 7417.11914
25334.953125 7421.17004
25184.441406 7425.22095
24461.369141 7429.27124
24483.464844 7433.32031
24350.916016 7437.37
24695.626953 7441.41785
24728.787109 7445.46631
24607.212891 7449.51355
24790.693359 7453.56079
24196.328125 7457.6062
24057.25 7461.65283
23986.623047 7465.69824
23717.474609 7469.74243
24335.453125 7473.78723
24041.800781 7477.8302
24006.486328 7481.87378
23730.707031 7485.91614
23386.794922 7489.9585
23043.166016 7493.99963
23384.591797 7498.04077
23091.611328 7502.0813
22607.431641 7506.12122
22211.695313 7510.16052
21919.517578 7514.19922
22499.667969 7518.23792
22044.714844 7522.27478
22180.931641 7526.31226
21923.910156 7530.34851
22235.869141 7534.38477
22532.654297 7538.42102
22038.125 7542.45544
21546.328125 7546.48987
21746.056641 7550.52368
21634.111328 7554.5575
21193.158203 7558.59009
20980.494141 7562.62268
21131.761719 7566.65405
21772.402344 7570.68542
21493.664063 7574.7168
22154.5625 7578.74634
21408.101563 7582.77588
20923.505859 7586.8042
20461.234375 7590.83374
20673.703125 7594.86084
21046.257813 7598.88916
20862.140625 7602.91504
20614.554688 7606.94214
20932.275391 7610.96802
21048.449219 7614.99268
20605.792969 7619.01733
20450.283203 7623.04199
20266.349609 7627.06543
20095.599609 7631.08826
20012.425781 7635.11108
19896.4375 7639.13208
19612.003906 7643.15369
19756.396484 7647.17529
19697.326172 7651.19568
19830.791016 7655.21545
19489.505859 7659.23462
19867.990234 7663.25317
19760.773438 7667.27112
20043.066406 7671.28845
19607.630859 7675.30518
19187.697266 7679.32251
19539.818359 7683.33862
19620.755859 7687.35413
19404.205078 7691.36841
19001.835938 7695.38269
19119.908203 7699.39636
18824.738281 7703.41003
18673.890625 7707.42249
18689.191406 7711.43433
18411.5625 7715.44617
18621.421875 7719.4574
18807.246094 7723.46802
18997.460938 7727.47803
18573.328125 7731.48682
18474.955078 7735.49622
18315.376953 7739.50439
17961.246094 7743.51196
17626.759766 7747.51892
17869.429688 7751.52588
17751.376953 7755.53162
17716.398438 7759.53735
17615.828125 7763.54309
17506.507813 7767.54639
17296.585938 7771.5509
17239.726563 7775.5542
17300.958984 7779.5575
17180.679688 7783.55896
17154.433594 7787.56104
17027.572266 7791.56189
16909.443359 7795.56274
17423.417969 7799.56299
17193.800781 7803.56201
16806.615234 7807.56165
16924.757813 7811.56006
16255.019531 7815.55786
16401.722656 7819.55505
16320.712891 7823.55225
16629.369141 7827.54761
16366.692383 7831.54358
16530.876953 7835.53894
16263.779297 7839.53369
16537.443359 7843.52783
16410.478516 7847.52075
16127.992188 7851.51367
16222.170898 7855.50598
16298.816406 7859.49768
16432.371094 7863.48877
16681.890625 7867.47986
16423.615234 7871.47034
16031.606445 7875.45959
15919.861328 7879.44885
15507.697266 7883.4375
15439.695313 7887.42493
15676.557617 7891.41235
15897.947266 7895.39917
16452.074219 7899.38538
16215.602539 7903.37158
16508.988281 7907.35718
15801.513672 7911.34094
15551.563477 7915.32532
15691.905273 7919.30847
16635.933594 7923.29224
16900.693359 7927.27417
16469.585938 7931.2561
16099.516602 7935.23682
15724.791992 7939.21753
15441.888672 7943.19824
15645.861328 7947.17773
16068.847656 7951.15723
16195.890625 7955.1355
16180.55957 7959.11377
15992.170898 7963.09082
15687.520508 7967.06787
15312.431641 7971.0437
15400.203125 7975.01953
15430.918945 7978.99536
15777.402344 7982.96936
15667.788086 7986.94397
15595.424805 7990.91736
15490.149414 7994.89014
15463.826172 7998.8623
15128.038086 8002.83447
14789.72168 8006.80542
14334.380859 8010.77637
14362.999023 8014.7467
14699.588867 8018.71643
14530.243164 8022.68555
14822.689453 8026.65405
14530.243164 8030.62256
14624.825195 8034.58923
14360.797852 8038.55652
14532.443359 8042.52258
14506.043945 8046.48804
14158.205078 8050.4541
14074.479492 8054.41833
14424.626953 8058.38257
14197.854492 8062.34619
14270.530273 8066.30859
14241.902344 8070.271
14385.010742 8074.23279
14424.626953 8078.19458
13845.196289 8082.15515
13876.073242 8086.11572
14078.886719 8090.07507
14455.435547 8094.03381
14116.345703 8097.99194
13836.373047 8101.95068
13655.431641 8105.90759
13639.980469 8109.8645
14147.189453 8113.8208
14065.664063 8117.77649
14389.412109 8121.73157
14274.933594 8125.68665
14252.914063 8129.6405
13478.770508 8133.59375
13595.823242 8137.54639
13522.948242 8141.49841
13575.950195 8145.45105
13498.651367 8149.40186
13217.938477 8153.35266
13313.023438 8157.30347
13023.213867 8161.25244
13049.77832 8165.20203
13127.237305 8169.14978
12994.432617 8173.09753
13173.699219 8177.04468
13175.911133 8180.99182
13193.606445 8184.93774
13319.655273 8188.88367
13027.641602 8192.82898
12905.849609 8196.77307
12870.405273 8200.71716
12994.432617 8204.66003
12772.901367 8208.60291
12717.481445 8212.54517
12544.466797 8216.48743
12591.0625 8220.42786
12739.651367 8224.3689
12755.168945 8228.30872
12559.999023 8232.24792
12291.318359 8236.18774
12226.865234 8240.12512
12744.084961 8244.06311
13184.759766 8247.99988
12956.790039 8251.93665
12854.896484 8255.8728
12987.791016 8259.80835
12697.526367 8263.74329
12342.418945 8267.67761
13005.50293 8271.61194
12939.073242 8275.54443
12792.849609 8279.47754
12575.53125 8283.40942
12406.832031 8287.34131
12477.880859 8291.27136
12582.188477 8295.20264
12406.832031 8299.13208
12109.015625 8303.06152
11832.988281 8306.99097
12006.667969 8310.91797
12226.865234 8314.84619
12861.542969 8318.77319
12750.735352 8322.7002
12537.808594 8326.62537
12235.756836 8330.55054
12342.418945 8334.4751
12051.173828 8338.39966
11850.807617 8342.32361
11650.212891 8346.24634
12100.118164 8350.16907
11801.795898 8354.09058
11939.887695 8358.01208
12064.523438 8361.93298
11511.889648 8365.85327
11152.15625 8369.77295
11154.393555 8373.69202
10921.598633 8377.61047
11587.758789 8381.52832
11904.261719 8385.44617
11819.619141 8389.36218
11478.407227 8393.27942
11357.813477 8397.19421
11004.458984 8401.11023
10912.639648 8405.0238
10941.758789 8408.9386
11145.446289 8412.85217
11313.12793 8416.76453
11127.549805 8420.67749
10973.111328 8424.58862
10959.675781 8428.49976
10760.234375 8432.41028
10591.96875 8436.32019
10376.319336 8440.22949
10793.865234 8444.13879
11089.512695 8448.04749
11096.226563 8451.95496
10814.041016 8455.86182
10863.347656 8459.76807
10784.898438 8463.67432
11020.130859 8467.57996
11100.701172 8471.48499
11170.049805 8475.38879
11082.799805 8479.2926
10793.865234 8483.19641
10890.235352 8487.09839
10766.960938 8491.00098
10394.301758 8494.90234
10349.342773 8498.8031
10164.865234 8502.70325
10344.844727 8506.60339
10369.576172 8510.50171
10428.012695 8514.40125
10241.383789 8518.29895
10020.726563 8522.19604
10108.577148 8526.09314
9862.911133 8529.98901
10000.445313 8533.8855
10059.026367 8537.78015
9756.854492 8541.6748
10054.521484 8545.56885
9799.737305 8549.46228
9571.631836 8553.35571
9542.245117 8557.24731
9564.851563 8561.13953
9589.712891 8565.03052
10149.107422 8568.92151
9779.425781 8572.81067
9718.473633 8576.70105
9680.083008 8580.5896
9146.067383 8584.47754
9691.375977 8588.36609
9840.352539 8592.25281
10029.739258 8596.13892
9953.111328 8600.02502
9761.369141 8603.91052
9399.749023 8607.79541
9313.729492 8611.67969
9062.160156 8615.56335
9075.770508 8619.44702
9402.011719 8623.32947
9107.521484 8627.21069
8937.34082 8631.09253
8880.567383 8634.97314
8996.360352 8638.85376
8780.589844 8642.73315
8866.938477 8646.61255
9080.306641 8650.49072
9080.306641 8654.3689
8966.853516 8658.24707
8732.847656 8662.1228
8923.717773 8665.99915
8848.764648 8669.87488
9000.899414 8673.75061
8853.307617 8677.62451
8907.822266 8681.49841
8794.227539 8685.3717
8650.963867 8689.24438
8400.460938 8693.11707
8311.535156 8696.98853
8348.025391 8700.85938
8471.104492 8704.72961
8523.494141 8708.59985
8525.771484 8712.46887
8439.206055 8716.33789
8300.129883 8720.20569
8332.0625 8724.07349
8345.744141 8727.94067
8270.472656 8731.80725
8685.088867 8735.67322
8500.717773 8739.53796
8256.782227 8743.40332
8042.115723 8747.26624
8154.05957 8751.13037
7884.321777 8754.99329
7710.299805 8758.85559
7795.049805 8762.71729
7955.237793 8766.57898
8067.254395 8770.44006
7962.098633 8774.29932
7730.919434 8778.15918
7879.744629 8782.01782
7888.897461 8785.87585
7744.665039 8789.73389
7792.759766 8793.5907
7308.709961 8797.44751
7297.217285 8801.3031
7471.790527 8805.1593
7248.939453 8809.01367
7232.841797 8812.86804
7159.22998 8816.7218
7009.576172 8820.57434
6998.056152 8824.42749
7080.97168 8828.27942
6896.643555 8832.13013
7076.366211 8835.98145
7333.98877 8839.83154
6945.055664 8843.68042
6915.088379 8847.53052
7051.035645 8851.37817
6898.949707 8855.22644
6979.624023 8859.07349
6933.530762 8862.92053
6765.146484 8866.76636
6640.444824 8870.61157
6933.530762 8874.4574
6968.102051 8878.30078
6665.857422 8882.14539
6788.226563 8885.98816
6760.530273 8889.83093
6633.513184 8893.67249
6467.041992 8897.51465
6457.787598 8901.35498
6230.827148 8905.19531
6293.397949 8909.03503
6165.905273 8912.87415
6196.05127 8916.71326
6200.688477 8920.55054
6207.644043 8924.38843
6265.592285 8928.2251
6392.983887 8932.06116
6397.61377 8935.89661
6527.182129 8939.73206
6494.802734 8943.56628
6247.052246 8947.3999
6147.349121 8951.23352
6237.780762 8955.06592
6367.516113 8958.89832
6344.359375 8962.72949
6168.224121 8966.56067
5961.640137 8970.39063
6161.266113 8974.22058
5973.254883 8978.04993
6040.601074 8981.87866
6233.14502 8985.70618
5777.974609 8989.53369
5789.607422 8993.36121
5740.743164 8997.18689
5663.916016 9001.01257
5582.379395 9004.83704
5211.26709 9008.66211
5454.138672 9012.48596
5489.126953 9016.3092
5712.811523 9020.13184
5545.087402 9023.95386
5458.804199 9027.77588
5486.794434 9031.59668
5549.749023 9035.41687
5384.130371 9039.23645
5318.751953 9043.05603
5215.941895 9046.875
5279.041016 9050.69275
5286.049316 9054.5105
5297.72998 9058.32642
5297.72998 9062.14294
5141.115234 9065.95825
5288.38623 9069.77417
5484.462402 9073.58826
5773.321777 9077.40234
5963.963867 9081.21582
5521.773438 9085.02869
5619.660645 9088.84033
5568.396484 9092.65198
5444.806152 9096.46301
5395.800781 9100.27344
5353.780762 9104.08325
5400.469238 9107.89246
5328.094238 9111.70105
5608.01123 9115.50903
5864.029785 9119.31641
5854.729492 9123.12317
5891.926758 9126.92932
6047.56543 9130.73547
6203.007324 9134.53979
6070.77832 9138.34473
5805.891113 9142.14783
5766.341309 9145.95154
5998.804199 9149.75464
6286.447266 9153.55652
6168.224121 9157.3584
6214.599609 9161.15845
6226.190918 9164.95972
6045.243652 9168.75854
5963.963867 9172.55859
5973.254883 9176.3562
5903.54834 9180.15503
5731.433594 9183.95203
5507.783203 9187.74902
5617.330566 9191.5448
5698.84375 9195.34058
5659.258789 9199.13574
5722.123047 9202.92969
5824.499023 9206.72363
5547.418457 9210.51636
5514.778809 9214.30969
5251.001465 9218.10181
5367.789063 9221.89331
5381.795898 9225.6842
5199.577637 9229.47388
5218.279785 9233.26416
5120.061035 9237.05261
5155.148438 9240.84106
5066.239746 9244.62891
5192.563965 9248.41675
4914.0 9252.20337
4796.756836 9255.98938
4768.600586 9259.77478
4627.714355 9263.55957
4477.242676 9267.34436
4486.652832 9271.12732
4505.471191 9274.91089
4580.713867 9278.69324
4536.044434 9282.47559
4114.333496 9286.25671
4161.532715 9290.03723
4227.575684 9293.81775
4295.937012 9297.59705
3870.932617 9301.37634
3993.883301 9305.15381
4055.305908 9308.9325
3989.156982 9312.70935
4201.635254 9316.4856
3790.464844 9320.26123
3747.839844 9324.03687
3603.258057 9327.8125
3413.336426 9331.5863
3413.336426 9335.36011
3149.22876 9339.13208
3053.882324 9342.90527
3118.251465 9346.67664
3108.718018 9350.448
2925.016846 9354.21814
2848.570313 9357.98889
2877.244629 9361.75842
2817.496582 9365.52673
2769.670654 9369.29504
2585.312988 9373.06274
2558.946045 9376.83044
2479.800049 9380.5957
2292.451416 9384.36218
2172.147217 9388.12744
2210.662354 9391.89148
2005.852295 9395.65613
1880.3125 9399.41956
1773.938599 9403.18237
1698.90979 9406.94458
1635.928711 9410.70557
1548.641724 9414.46655
1495.252075 9418.22693
1512.243652 9421.98669
1475.828613 9425.74646
1517.097778 9429.50562
1468.543701 9433.26294
1444.255127 9437.02026
1400.516846 9440.77698
1381.069458 9444.53369
1344.592285 9448.28918
1381.069458 9452.04468
1359.185181 9455.79834
1351.889282 9459.55261
1344.592285 9463.30627
1376.206787 9467.05811
1393.224487 9470.81055
1383.500732 9474.56177
1548.641724 9478.31238
1492.824463 9482.06238
1475.828613 9485.81238
1376.206787 9489.56116
1478.256836 9493.30933
1514.670776 9497.05811
1568.047241 9500.80505
1836.812622 9504.55139
1594.721802 9508.29773
1686.80188 9512.04346
1592.297119 9515.78735
1565.621826 9519.53186
1570.472656 9523.27515
1565.621826 9527.01843
1589.872681 9530.76172
1483.113037 9534.50195
1541.363647 9538.24341
1691.645386 9541.98486
1698.90979 9545.72449
1698.90979 9549.4635
1761.841675 9553.20251
1742.483154 9556.94092
1766.680664 9560.67871
1684.380127 9564.41589
1645.621216 9568.15125
1599.570801 9571.88721
1740.063232 9575.62256
1655.312866 9579.3573
1665.003052 9583.09021
1708.594971 9586.82373
1645.621216 9590.55664
1754.583008 9594.28955
1829.560181 9598.02063
1752.163208 9601.7511
1909.299927 9605.48157
1865.815063 9609.21143
1764.26123 9612.94128
1594.721802 9616.66809
1618.963745 9620.39612
1713.43689 9624.12415
1667.425415 9627.85095
1708.594971 9631.57715
1783.614502 9635.30151
1674.692261 9639.02649
1708.594971 9642.75146
1703.752441 9646.47522
1631.081909 9650.19714
1669.847778 9653.92029
1570.472656 9657.6416
1601.995239 9661.36292
1698.90979 9665.08423
1599.570801 9668.80371
1609.267822 9672.52319
1643.19812 9676.24207
1597.146362 9679.96094
1526.804932 9683.67737
1623.811401 9687.39441
1507.389526 9691.11084
1604.419556 9694.82666
1597.146362 9698.54248
1585.023071 9702.25586
1623.811401 9705.96985
1793.289429 9709.68323
1611.691895 9713.39661
1718.278809 9717.10754
1643.19812 9720.81909
1706.173706 9724.53064
1468.543701 9728.24097
1504.962158 9731.94946
1524.378418 9735.65918
1519.52478 9739.36768
1497.67981 9743.07556
1417.529175 9746.78284
1614.115967 9750.48828
1623.811401 9754.19495
1563.196289 9757.90039
1594.721802 9761.60522
1623.811401 9765.30884
1606.843872 9769.01245
1626.234741 9772.71606
1468.543701 9776.41846
1599.570801 9780.12024
1429.678467 9783.82019
1439.396729 9787.52136
1439.396729 9791.22131
1483.113037 9794.92065
1415.098999 9798.61877
1490.396973 9802.31689
1531.658203 9806.0144
1453.971558 9809.71191
1466.115234 9813.4082
1441.82605 9817.10266
1473.400635 9820.79773
1385.931885 9824.4928
1339.727539 9828.18604
1422.389282 9831.87866
1320.264771 9835.57129
1390.793823 9839.26331
1451.542603 9842.95471
1373.775513 9846.64612
1351.889282 9850.33569
1249.669678 9854.02527
1210.692261 9857.71362
1278.889404 9861.40259
1344.592285 9865.08911
1266.715942 9868.77625
1298.362915 9872.46277
1200.944824 9876.14929
1288.626953 9879.83459
1291.061157 9883.51807
1161.94165 9887.20215
1174.132446 9890.88623
1125.357544 9894.56909
1144.871338 9898.25012
1188.758545 9901.93115
1127.796997 9905.61279
1103.398438 9909.29321
1098.517578 9912.97302
1098.517578 9916.651
1161.94165 9920.3302
1144.871338 9924.00818
1118.038574 9927.68494
1183.883545 9931.36047
1122.918091 9935.03723
1137.554443 9938.71277
1125.357544 9942.3877
1113.158813 9946.0614
1100.958008 9949.7345
1071.667847 9953.40759
1057.018188 9957.08008
1008.164551 9960.75195
983.725403 9964.422
976.391907 9968.09265
976.391907 9971.7627
1030.15271 9975.43152
981.281006 9979.10095
1015.494751 9982.76733
951.941895 9986.43494
964.167969 9990.10193
983.725403 9993.76831
993.502014 9997.43286
956.832397 10001.09802
863.851135 10004.76257
866.299622 10008.42651
812.413513 10012.08923
942.159302 10015.75134
809.963135 10019.41284
878.540588 10023.07434
836.912476 10026.73523
868.748047 10030.39429
856.505127 10034.05334
851.607605 10037.71179
795.259216 10041.37024
787.906189 10045.02808
807.512634 10048.68408
792.808228 10052.34009
858.953857 10055.99609
937.267822 10059.65149
790.357056 10063.30444
861.402588 10066.95862
694.697388 10070.61218
736.411865 10074.26453
706.968872 10077.91626
699.606323 10081.56677
648.044922 10085.21729
697.151855 10088.8678
780.552063 10092.51709
731.505554 10096.16577
785.454895 10099.81384
760.937622 10103.4613
733.95874 10107.10754
746.223206 10110.75439
613.648621 10114.39941
660.325012 10118.04443
633.305908 10121.68884
699.606323 10125.33325
697.151855 10128.97522
672.602783 10132.6178
598.901978 10136.26038
638.219055 10139.90112
596.443848 10143.54187
623.477844 10147.1814
554.642151 10150.82153
623.477844 10154.46045
566.939392 10158.09937
616.10614 10161.73523
581.693176 10165.3717
527.579773 10169.00879
635.762634 10172.64404
539.882141 10176.27991
520.197205 10179.91333
593.985596 10183.54675
515.274963 10187.18018
478.346893 10190.81299
552.182373 10194.44397
475.884247 10198.07495
498.044403 10201.70593
512.813843 10205.33691
446.325317 10208.96606
571.857788 10212.5946
500.506256 10216.22253
461.106537 10219.85046
475.884247 10223.47778
557.101685 10227.10327
601.360046 10230.72876
456.17981 10234.35364
473.421448 10237.97852
498.044403 10241.60278
566.939392 10245.22461
549.722473 10248.84766
466.032776 10252.46948
483.27179 10256.09131
512.813843 10259.71069
419.217957 10263.3313
409.357819 10266.94946
429.076569 10270.56885
451.252808 10274.18823
532.500977 10277.80396
438.933533 10281.4209
379.768311 10285.03784
389.632996 10288.65479
379.768311 10292.26807
401.961761 10295.88135
357.56723 10299.49707
394.56485 10303.10913
416.753021 10306.72241
441.397614 10310.33325
327.953522 10313.94531
488.196472 10317.55493
340.294281 10321.16577
268.684448 10324.77417
303.264923 10328.38257
293.386841 10331.99097
387.166931 10335.59937
377.302002 10339.20654
387.166931 10342.81128
397.030487 10346.41724
283.50708 10350.02197
285.977081 10353.62671
337.826324 10357.229
374.835449 10360.83252
256.329681 10364.43481
362.501434 10368.03711
323.016632 10371.6394
401.961761 10375.23804
243.972366 10378.83789
364.968445 10382.43774
384.700897 10386.03638
234.084732 10389.63257
335.358368 10393.2312
340.294281 10396.82861
