0.0 3800
0.0 3801
0.0 3802
0.0 3803
0.0 3804
0.0 3805
0.0 3806
0.0 3807
0.0 3808
0.0 3809
0.0 3810
0.0 3811
0.0 3812
0.0 3813
0.0 3814
68.0989510254 3815
143.259474451 3816
179.671086609 3817
163.481719154 3818
93.105569946 3819
1.85143714388 3820
0.0 3821
0.0 3822
0.0 3823
141.592523275 3824
310.68222227 3825
443.104303357 3826
484.016926373 3827
406.907048936 3828
250.181189867 3829
61.1738405622 3830
0.0 3831
0.0 3832
0.0 3833
0.0 3834
0.0 3835
0.0 3836
0.0 3837
0.0 3838
0.0 3839
0.0 3840
0.0 3841
0.0 3842
0.0 3843
0.0 3844
0.0 3845
0.0 3846
0.0 3847
0.0 3848
0.0 3849
0.0 3850
3.49922594154 3851
10.1569106166 3852
0.0 3853
0.0 3854
0.0 3855
0.0 3856
0.0 3857
0.0 3858
0.0 3859
0.0 3860
44.3462856938 3861
107.504932901 3862
97.6410919729 3863
18.874917502 3864
0.0 3865
0.0 3866
0.0 3867
0.0 3868
0.0 3869
84.1688915799 3870
145.824833842 3871
111.676822373 3872
0.0 3873
0.0 3874
0.0 3875
0.0 3876
0.0 3877
0.0 3878
73.3099354388 3879
211.291165355 3880
271.439888064 3881
253.628055875 3882
187.650893474 3883
103.6009389 3884
31.3084811259 3885
0.0 3886
0.0 3887
0.0 3888
0.0 3889
0.0 3890
0.0 3891
0.0 3892
0.0 3893
0.0 3894
0.0 3895
0.0 3896
60.2840350123 3897
131.458553334 3898
159.360247019 3899
147.007141319 3900
106.340241325 3901
49.2447028784 3902
0.0 3903
0.0 3904
0.0 3905
0.0 3906
0.0 3907
0.0 3908
0.0 3909
0.0 3910
0.0 3911
0.0 3912
0.0 3913
0.0 3914
0.0 3915
0.0 3916
0.0 3917
0.0 3918
0.0 3919
0.0 3920
0.0 3921
0.0 3922
0.0 3923
0.0 3924
0.0 3925
0.0 3926
0.0 3927
0.0 3928
0.0 3929
0.0 3930
0.0 3931
0.0 3932
0.0 3933
66.171179382 3934
96.9133458599 3935
79.417431684 3936
38.2085219623 3937
0.0 3938
0.0 3939
0.0 3940
8.10382994607 3941
38.5601172862 3942
69.0962714098 3943
93.3554178897 3944
107.65372583 3945
108.574540691 3946
92.7228348472 3947
58.6303526831 3948
16.4155779108 3949
0.0 3950
0.0 3951
0.0 3952
36.4151149877 3953
101.38903017 3954
157.777232903 3955
184.331451322 3956
166.168191892 3957
116.440944133 3958
56.0499627696 3959
5.76697295206 3960
0.0 3961
0.0 3962
26.7756363452 3963
58.5818301196 3964
77.5885209064 3965
73.0002887641 3966
48.1625256566 3967
9.3059771466 3968
0.0 3969
0.0 3970
0.0 3971
0.0 3972
0.0 3973
0.0 3974
0.0 3975
0.0 3976
0.0 3977
0.0 3978
0.0 3979
0.0 3980
0.0 3981
0.0 3982
0.0 3983
0.0 3984
0.0 3985
0.0 3986
0.0 3987
0.0 3988
0.0 3989
0.0 3990
0.0 3991
0.0 3992
0.0 3993
0.0 3994
0.0 3995
0.0 3996
0.0 3997
14.3387383183 3998
41.0545454872 3999
55.176148616 4000
49.5271120516 4001
24.8783651954 4002
0.0 4003
0.0 4004
0.0 4005
0.0 4006
0.0 4007
0.0 4008
0.0 4009
0.0 4010
0.0 4011
0.0 4012
0.0 4013
0.0 4014
0.0 4015
0.0 4016
0.0 4017
0.0 4018
0.0 4019
11.8584081267 4020
42.5221365828 4021
68.0555002237 4022
82.3546761867 4023
81.9313485519 4024
68.1202515961 4025
42.7727222232 4026
7.73091785352 4027
0.0 4028
0.0 4029
0.0 4030
0.0 4031
0.0 4032
0.0 4033
0.0 4034
40.758668448 4035
93.3662918113 4036
128.523883079 4037
142.828757603 4038
134.930663517 4039
103.485148525 4040
47.5362202595 4041
0.0 4042
0.0 4043
0.0 4044
0.0 4045
0.0 4046
0.0 4047
0.0 4048
35.4107472801 4049
68.4308507677 4050
71.5181893378 4051
51.1044230706 4052
13.8364212526 4053
0.0 4054
0.0 4055
0.0 4056
0.0 4057
0.0 4058
0.0 4059
0.0 4060
0.0 4061
0.0 4062
0.0 4063
6.06769771447 4064
9.32605495031 4065
7.8620012561 4066
8.40746207132 4067
16.1122016858 4068
26.5255374895 4069
31.5712511392 4070
23.1961237319 4071
0.0 4072
0.0 4073
0.0 4074
0.0 4075
0.0 4076
0.0 4077
0.0 4078
0.0 4079
0.0 4080
0.0 4081
0.0 4082
0.0 4083
0.0 4084
0.0 4085
0.0 4086
17.9610800527 4087
88.5426911087 4088
139.790111533 4089
152.554003573 4090
131.337028325 4091
95.703820477 4092
65.400201487 4093
60.0300078025 4094
87.9678253283 4095
134.904559767 4096
183.832696604 4097
217.798424779 4098
221.98737648 4099
197.135031822 4100
150.954738679 4101
91.1692714827 4102
25.4893885008 4103
0.0 4104
0.0 4105
0.0 4106
0.0 4107
0.0 4108
0.0 4109
30.4932699275 4110
81.7077638079 4111
104.778305631 4112
96.5014081336 4113
67.3401822232 4114
28.3389724847 4115
0.0 4116
0.0 4117
0.0 4118
0.0 4119
0.0 4120
0.0 4121
25.7752761885 4122
63.1688242923 4123
89.9314778281 4124
95.9925402595 4125
77.8685514591 4126
46.9969820633 4127
16.8463502962 4128
0.850508715164 4129
10.4099869154 4130
40.085676491 4131
76.0412917446 4132
104.412770105 4133
111.554482955 4134
95.2626623972 4135
71.2291316731 4136
56.6709856837 4137
68.7636405278 4138
120.05760876 4139
198.042035149 4140
281.734610289 4141
350.195913844 4142
383.113423749 4143
375.954843919 4144
341.416315314 4145
293.040398383 4146
244.338146032 4147
206.336238507 4148
181.195758172 4149
169.08255786 4150
170.162352514 4151
184.392058448 4152
208.658775796 4153
237.520075298 4154
265.486932861 4155
287.087110587 4156
298.320014196 4157
298.69463488 4158
288.234861191 4159
266.964359663 4160
235.429172822 4161
198.803434364 4162
164.668517492 4163
140.611081956 4164
134.108067442 4165
146.195237307 4166
167.474426969 4167
187.611777395 4168
196.294402356 4169
185.395848674 4170
158.98316342 4171
125.367819778 4172
92.8491089187 4173
69.5204226073 4174
58.1446836178 4175
55.5729607529 4176
58.3541347973 4177
63.0439062029 4178
67.6373363721 4179
75.3492193511 4180
90.574863766 4181
117.701253351 4182
160.60292547 4183
215.725887693 4184
273.873401983 4185
325.724226153 4186
361.988277989 4187
377.374812647 4188
376.072778385 4189
363.640559361 4190
345.62621536 4191
327.441681096 4192
313.397232648 4193
307.234878794 4194
312.685289179 4195
333.391945418 4196
367.856983465 4197
406.449507705 4198
438.834855786 4199
454.696799034 4200
446.312890589 4201
419.928688071 4202
386.482561959 4203
356.897110223 4204
341.780233991 4205
344.042011426 4206
358.384594148 4207
379.118893725 4208
400.565904208 4209
418.375662878 4210
432.749869062 4211
444.867616571 4212
455.905943245 4213
466.966236251 4214
478.153644658 4215
488.859335822 4216
498.459875972 4217
506.335583544 4218
512.421381824 4219
517.879415458 4220
524.034613278 4221
532.209696659 4222
543.585645607 4223
558.238540104 4224
575.720285602 4225
595.580356303 4226
617.352035943 4227
639.701475412 4228
660.032162617 4229
675.652081313 4230
683.87377045 4231
682.760186324 4232
674.017544974 4233
660.457937206 4234
644.888967158 4235
630.013013425 4236
616.343790202 4237
602.278371762 4238
586.129682094 4239
566.214302502 4240
542.179172877 4241
517.72813831 4242
497.330773273 4243
485.449061921 4244
485.924034381 4245
495.53763784 4246
506.564230067 4247
511.217730595 4248
501.775019766 4249
476.58666193 4250
445.801020573 4251
420.907805675 4252
413.376994126 4253
432.773832206 4254
475.958187837 4255
534.560367766 4256
600.208590785 4257
664.647279499 4258
723.378299043 4259
776.653648736 4260
825.030047153 4261
869.063323695 4262
908.448358766 4263
939.338772479 4264
956.98329772 4265
956.639136423 4266
934.069394279 4267
893.394392955 4268
845.651631546 4269
802.068469476 4270
773.841066827 4271
767.414813219 4272
777.176566074 4273
795.633378084 4274
815.305796959 4275
829.740736296 4276
841.750875022 4277
859.100629525 4278
889.587292216 4279
940.860409207 4280
1011.60513535 4281
1086.06113634 4282
1147.18442745 4283
1177.96293479 4284
1166.01439446 4285
1123.77041253 4286
1071.95723148 4287
1031.2682391 4288
1021.69452737 4289
1046.76658779 4290
1092.91026457 4291
1145.77843422 4292
1191.05242152 4293
1218.32650037 4294
1229.86439798 4295
1230.49554678 4296
1225.04015517 4297
1218.14226463 4298
1212.3995903 4299
1209.04169661 4300
1209.27080923 4301
1214.27609781 4302
1223.80343227 4303
1234.70506973 4304
1243.49327499 4305
1246.68749502 4306
1241.42099933 4307
1228.9994915 4308
1212.47552513 4309
1194.90154703 4310
1179.32879413 4311
1168.99303187 4312
1167.36511956 4313
1177.92418651 4314
1204.14177216 4315
1247.28275388 4316
1299.68811848 4317
1351.45317427 4318
1392.6945028 4319
1414.22657265 4320
1417.77055115 4321
1413.83309694 4322
1413.14921347 4323
1426.41522047 4324
1459.44129135 4325
1506.19509556 4326
1558.89292457 4327
1609.76845878 4328
1651.6100275 4329
1681.79314008 4330
1700.00946265 4331
1705.96929563 4332
1699.46442265 4333
1684.74468538 4334
1672.74926568 4335
1674.94424352 4336
1702.76853657 4337
1763.51065514 4338
1844.26399172 4339
1925.98936998 4340
1989.69188636 4341
2017.22962272 4342
2007.28994669 4343
1974.41426379 4344
1933.72920067 4345
1900.32082172 4346
1885.56551395 4347
1890.26147628 4348
1913.32162782 4349
1953.66128241 4350
2010.00538469 4351
2079.10233157 4352
2156.54548643 4353
2237.92437664 4354
2318.82845437 4355
2393.92269628 4356
2456.26461956 4357
2498.7688799 4358
2514.36893531 4359
2498.16129895 4360
2457.50079304 4361
2404.06368251 4362
2349.50037078 4363
2305.29236419 4364
2279.29387054 4365
2275.4854933 4366
2297.647422 4367
2349.54789286 4368
2431.23294898 4369
2530.52501018 4370
2632.76708772 4371
2723.34359527 4372
2788.48227261 4373
2824.09910731 4374
2832.50196271 4375
2816.10669978 4376
2777.37150079 4377
2724.67906632 4378
2677.91432992 4379
2658.22934421 4380
2686.71360798 4381
2778.88235237 4382
2914.66479279 4383
3059.94630333 4384
3180.67846902 4385
3243.76012085 4386
3242.94556667 4387
3203.60380834 4388
3152.84913013 4389
3117.71305757 4390
3118.56601083 4391
3151.65882243 4392
3207.75475462 4393
3277.64542949 4394
3352.36932078 4395
3425.96311688 4396
3494.62384452 4397
3554.60862973 4398
3602.20127165 4399
3636.15060827 4400
3660.39713281 4401
3679.52836246 4402
3698.11717221 4403
3720.88731057 4404
3753.71682107 4405
3802.96743919 4406
3874.98105168 4407
3975.77892893 4408
4100.38889244 4409
4229.97084291 4410
4344.85665154 4411
4425.44582923 4412
4459.00930836 4413
4459.52051967 4414
4447.43357957 4415
4443.13167358 4416
4465.60424064 4417
4514.22902035 4418
4573.46831618 4419
4627.46237183 4420
4660.45819548 4421
4667.31928111 4422
4666.43762356 4423
4679.31221472 4424
4727.36406455 4425
4827.96508859 4426
4968.86186749 4427
5124.51001433 4428
5269.39395385 4429
5378.48329217 4430
5442.47161798 4431
5472.64604886 4432
5481.65286137 4433
5482.09112866 4434
5487.39792844 4435
5514.5623839 4436
5581.42412924 4437
5705.75318598 4438
5902.74400118 4439
6148.93744678 4440
6390.68737786 4441
6573.74361317 4442
6644.21881622 4443
6582.82950314 4444
6448.67705398 4445
6311.47596476 4446
6240.66132261 4447
6295.34741111 4448
6458.27934811 4449
6677.38878228 4450
6900.63460557 4451
7076.99191137 4452
7188.31071324 4453
7259.77008405 4454
7319.42190766 4455
7395.20253122 4456
7508.03633221 4457
7650.59319592 4458
7808.38105786 4459
7966.96885908 4460
8112.58123872 4461
8240.58436656 4462
8353.45253346 4463
8453.83809415 4464
8544.38241804 4465
8627.60259247 4466
8705.7518834 4467
8781.0387808 4468
8855.66275704 4469
8931.70614385 4470
9010.44566867 4471
9092.79308897 4472
9179.65471661 4473
9271.97034586 4474
9372.17530399 4475
9484.63594147 4476
9613.82747277 4477
9764.20500902 4478
9935.88661311 4479
10111.8956693 4480
10271.1022372 4481
10392.4736406 4482
10457.3314341 4483
10479.896512 4484
10499.1053276 4485
10554.3231694 4486
10684.5920786 4487
10903.3641602 4488
11169.043173 4489
11433.0451588 4490
11647.0171753 4491
11770.9183555 4492
11821.7394664 4493
11840.78514 4494
11869.2550926 4495
11947.2936113 4496
12085.2438776 4497
12256.9407664 4498
12434.0998522 4499
12588.5761595 4500
12700.2290476 4501
12778.1702736 4502
12838.2184733 4503
12896.1149889 4504
12966.5095348 4505
13050.552302 4506
13139.8625264 4507
13225.8992579 4508
13300.2054335 4509
13360.1043062 4510
13414.4778235 4511
13473.547899 4512
13547.4829494 4513
13644.7655543 4514
13763.3272794 4515
13896.9467 4516
14039.4254595 4517
14184.7161176 4518
14330.3286538 4519
14477.7925384 4520
14628.8485347 4521
14785.2252703 4522
14945.8979341 4523
15100.6298519 4524
15237.3062408 4525
15343.8809692 4526
15409.6798657 4527
15439.3150336 4528
15447.1996364 4529
15447.8310778 4530
15455.5700263 4531
15478.9144253 4532
15515.8405977 4533
15563.2296284 4534
15617.9808818 4535
15677.5713028 4536
15742.6905228 4537
15815.1532291 4538
15896.7645912 4539
15989.1258153 4540
16089.2267713 4541
16189.3970763 4542
16281.8006243 4543
16358.6476999 4544
16414.4517244 4545
16450.4100398 4546
16468.9314669 4547
16472.4119224 4548
16463.9566895 4549
16453.7961992 4550
16456.1643287 4551
16485.260967 4552
16554.9355085 4553
16661.9830503 4554
16776.2514829 4555
16865.3688381 4556
16897.1548048 4557
16849.0019394 4558
16744.0429631 4559
16619.1152652 4560
16510.8405935 4561
16453.9197088 4562
16451.205635 4563
16477.5723956 4564
16507.0805878 4565
16513.9739775 4566
16482.4379446 4567
16421.2618193 4568
16342.9571037 4569
16259.9572934 4570
16183.7678076 4571
16118.9120367 4572
16066.5363491 4573
16027.7573075 4574
16003.6143936 4575
15992.1639329 4576
15987.4503432 4577
15983.2687144 4578
15973.4538641 4579
15953.5555268 4580
15925.8882532 4581
15894.4456178 4582
15863.1940026 4583
15835.3212916 4584
15803.2083864 4585
15751.2414383 4586
15663.712705 4587
15525.1134771 4588
15334.9306553 4589
15123.5172255 4590
14924.862525 4591
14772.7358864 4592
14695.2344398 4593
14684.9475364 4594
14720.4304667 4595
14780.3409014 4596
14843.612505 4597
14893.2434549 4598
14916.7373347 4599
14901.9160697 4600
14836.6852807 4601
14717.8725873 4602
14570.7771195 4603
14426.2443876 4604
14314.9122221 4605
14263.524769 4606
14259.0041229 4607
14264.2535505 4608
14242.0851191 4609
14155.9714729 4610
13999.9290249 4611
13818.6133081 4612
13661.186911 4613
13576.4755268 4614
13599.0932016 4615
13693.3300933 4616
13801.6449258 4617
13866.8819619 4618
13834.9309577 4619
13702.8282949 4620
13513.2992858 4621
13310.4078065 4622
13137.8693684 4623
13023.204404 4624
12953.8331282 4625
12911.0968534 4626
12876.4668842 4627
12833.9421932 4628
12786.7231834 4629
12747.1075892 4630
12727.3624102 4631
12739.4195654 4632
12785.2011544 4633
12853.5917184 4634
12932.6706157 4635
13010.5998194 4636
13076.047856 4637
13119.3769969 4638
13131.4024216 4639
13103.0072474 4640
13026.6031749 4641
12913.7351175 4642
12789.2432019 4643
12678.0636229 4644
12604.8168905 4645
12578.3325779 4646
12577.5065101 4647
12578.0169279 4648
12555.7209392 4649
12491.59502 4650
12395.4679743 4651
12287.4373506 4652
12187.4667539 4653
12114.8467096 4654
12076.5251231 4655
12067.1280335 4656
12080.7811574 4657
12111.651248 4658
12153.1983489 4659
12196.8257509 4660
12233.6338864 4661
12254.7900676 4662
12253.0146308 4663
12234.3736724 4664
12211.889617 4665
12198.5500685 4666
12206.9672072 4667
12236.2048144 4668
12266.146027 4669
12275.3567837 4670
12242.564687 4671
12154.4996121 4672
12030.5645391 4673
11898.4676245 4674
11785.7090141 4675
11718.0868796 4676
11699.8047831 4677
11719.0185301 4678
11763.5859756 4679
11821.4525336 4680
11880.0371509 4681
11925.6063021 4682
11944.3802902 4683
11922.6873326 4684
11851.9330232 4685
11754.0590171 4686
11662.3745748 4687
11609.9522748 4688
11628.2045874 4689
11713.5627202 4690
11826.3414219 4691
11925.4759977 4692
11970.2375121 4693
11937.4897269 4694
11854.1213687 4695
11755.7509723 4696
11677.7175576 4697
11651.1783498 4698
11671.4238499 4699
11714.7400739 4700
11757.4184747 4701
11776.2791167 4702
11765.2408241 4703
11742.5469262 4704
11728.1768445 4705
11741.9513711 4706
11794.8937243 4707
11862.2499841 4708
11910.2478551 4709
11905.384745 4710
11817.7415226 4711
11664.2060147 4712
11495.8533223 4713
11364.1551736 4714
11319.9308756 4715
11382.5537263 4716
11509.9480615 4717
11653.1818908 4718
11763.7153253 4719
11801.6053786 4720
11775.5401719 4721
11711.750224 4722
11636.2832499 4723
11574.1922791 4724
11532.3268896 4725
11499.508881 4726
11463.8685318 4727
11413.6424933 4728
11342.6750474 4729
11259.8695973 4730
11176.5886532 4731
11104.1011783 4732
11052.7006446 4733
11025.1171945 4734
11020.3078708 4735
11037.2101329 4736
11074.6322928 4737
11125.7770125 4738
11176.4138271 4739
11211.9053112 4740
11217.7342324 4741
11184.7282772 4742
11123.4740707 4743
11049.1048023 4744
10976.6310373 4745
10920.0365321 4746
10882.0503005 4747
10857.8927905 4748
10842.6824976 4749
10831.582547 4750
10820.2222105 4751
10805.0222968 4752
10782.5134914 4753
10749.2521484 4754
10703.6464708 4755
10653.5482547 4756
10609.787211 4757
10583.1071581 4758
10583.4419653 4759
10607.1991294 4760
10638.9270695 4761
10662.8877177 4762
10663.5020924 4763
10633.0780378 4764
10582.328506 4765
10524.5263015 4766
10472.8370553 4767
10438.5254311 4768
10420.0766541 4769
10410.5043944 4770
10402.8607605 4771
10390.3480063 4772
10369.1420453 4773
10338.8035653 4774
10299.0792911 4775
10249.7239769 4776
10193.7594175 4777
10144.4472779 4778
10116.950458 4779
10126.3072758 4780
10184.7388861 4781
10278.0381997 4782
10377.2237096 4783
10453.3820929 4784
10478.2464891 4785
10445.5917852 4786
10381.4823445 4787
10314.3721961 4788
10272.4836992 4789
10275.5568583 4790
10308.7964286 4791
10348.5761725 4792
10371.4610528 4793
10355.9473585 4794
10304.6057927 4795
10237.3401464 4796
10174.2833086 4797
10135.3096406 4798
10129.7118535 4799
10146.9597512 4800
10174.4077893 4801
10199.5121692 4802
10211.6342478 4803
10210.1080014 4804
10197.6466357 4805
10176.9412622 4806
10150.6757666 4807
10121.7471592 4808
10093.2468937 4809
10068.2487049 4810
10049.7979806 4811
10039.419012 4812
10035.0076947 4813
10033.9400015 4814
10033.6113515 4815
10031.593911 4816
10026.5852794 4817
10017.7721189 4818
10004.3526683 4819
9985.64388654 4820
9964.36515419 4821
9947.09861477 4822
9940.58486204 4823
9951.50884281 4824
9983.47306807 4825
10030.7316033 4826
10085.7951301 4827
10141.2349288 4828
10190.2728109 4829
10231.7456459 4830
10267.5411663 4831
10299.5636339 4832
10329.6479113 4833
10357.0266391 4834
10377.2780115 4835
10385.7370064 4836
10377.7771023 4837
10350.9037326 4838
10310.8128058 4839
10265.1435427 4840
10221.4773806 4841
10186.9925622 4842
10164.5821508 4843
10154.2614995 4844
10155.9921033 4845
10169.7195519 4846
10194.0028877 4847
10225.0127478 4848
10258.7062329 4849
10291.0751352 4850
10318.1319897 4851
10335.8792863 4852
10340.339304 4853
10327.5646797 4854
10294.3181564 4855
10248.6073038 4856
10207.5574272 4857
10188.433765 4858
10208.3010994 4859
10272.2093187 4860
10360.0278021 4861
10448.5781363 4862
10514.8570552 4863
10539.0606404 4864
10519.8765473 4865
10462.8764038 4866
10373.6026542 4867
10258.0656754 4868
10133.6237093 4869
10028.6937287 4870
9971.95045881 4871
9991.81254025 4872
10097.4458666 4873
10249.0942803 4874
10399.5668279 4875
10502.0245464 4876
10517.0795804 4877
10458.8021971 4878
10365.2515265 4879
10274.3249978 4880
10222.9126341 4881
10225.0077988 4882
10268.1369474 4883
10338.4251159 4884
10422.0992105 4885
10505.219007 4886
10573.1252891 4887
10611.1046799 4888
10604.5507807 4889
10541.9340576 4890
10439.164789 4891
10326.7823427 4892
10235.2515829 4893
10194.3912552 4894
10215.0188976 4895
10282.1699986 4896
10379.1290162 4897
10489.2970795 4898
10596.8691156 4899
10688.6328888 4900
10752.0386327 4901
10774.62506 4902
10746.045011 4903
10678.8646603 4904
10599.9572406 4905
10536.2354602 4906
10514.1299962 4907
10540.6006313 4908
10591.8243394 4909
10641.3999498 4910
10663.1042765 4911
10638.5544719 4912
10582.8948974 4913
10520.2570474 4914
10474.6151336 4915
10468.09818 4916
10499.4956306 4917
10550.7119681 4918
10603.3864789 4919
10639.3775371 4920
10650.166227 4921
10644.7561233 4922
10633.9640435 4923
10628.5354276 4924
10637.7353541 4925
10663.5866534 4926
10705.8279097 4927
10764.197529 4928
10837.8714328 4929
10916.561236 4930
10982.1696244 4931
11016.4747325 4932
11001.4644413 4933
10934.3190902 4934
10843.8650022 4935
10762.7333054 4936
10723.3508115 4937
10750.2394017 4938
10822.5140818 4939
10902.9490056 4940
10954.5217921 4941
10942.1604159 4942
10866.297595 4943
10760.3744476 4944
10658.8986598 4945
10596.1239742 4946
10592.3211912 4947
10634.9141068 4948
10706.6453636 4949
10790.3619897 4950
10870.1348952 4951
10937.665829 4952
10987.8074046 4953
11015.4544536 4954
11015.92459 4955
10994.4362479 4956
10966.4730733 4957
10947.9135744 4958
10954.532164 4959
10993.9051509 4960
11051.9584254 4961
11111.1365472 4962
11153.9798659 4963
11166.1349403 4964
11156.1295415 4965
11142.8912691 4966
11145.2997023 4967
11181.5018045 4968
11250.5493879 4969
11329.6533126 4970
11394.9355414 4971
11422.6595241 4972
11399.9085937 4973
11345.4586566 4974
11283.7985004 4975
11239.2904103 4976
11233.50017 4977
11265.2115124 4978
11321.781726 4979
11390.5392733 4980
11458.9643679 4981
11517.574459 4982
11560.6604704 4983
11582.7789329 4984
11578.5118102 4985
11546.7368741 4986
11500.1997779 4987
11454.3886051 4988
11424.7176044 4989
11424.7900811 4990
11451.7704282 4991
11493.8500308 4992
11539.1840242 4993
11576.1765051 4994
11601.5762418 4995
11623.3639034 4996
11650.2768884 4997
11691.0136456 4998
11749.7705174 4999
11814.9938806 5000
11871.7171477 5001
11905.0404135 5002
11901.7916448 5003
11865.9917137 5004
11811.7183186 5005
11753.1159337 5006
11704.1914463 5007
11675.0016279 5008
11669.9367576 5009
11692.9310394 5010
11747.9044922 5011
11834.5304093 5012
11936.5300796 5013
12033.9234236 5014
12106.8134339 5015
12137.1451602 5016
12126.5520608 5017
12088.892069 5018
12038.1587224 5019
11988.2218765 5020
11949.0606996 5021
11924.775647 5022
11918.9546468 5023
11935.177672 5024
11974.6559878 5025
12029.1845207 5026
12088.2364885 5027
12141.3237582 5028
12178.7752348 5029
12200.1911728 5030
12211.2170031 5031
12217.5804818 5032
12224.9626322 5033
12237.0195115 5034
12254.208122 5035
12276.7023477 5036
12304.6727475 5037
12337.9809435 5038
12375.1952043 5039
12414.5481257 5040
12454.2790887 5041
12492.602217 5042
12527.3484744 5043
12556.0904935 5044
12576.4026924 5045
12585.9056836 5046
12584.894417 5047
12578.0556011 5048
12570.4645744 5049
12567.1891539 5050
12571.6268063 5051
12580.046727 5052
12586.8161673 5053
12586.3140073 5054
12573.8069917 5055
12555.8270325 5056
12546.6920746 5057
12560.8476334 5058
12612.5174624 5059
12702.2737414 5060
12807.8479597 5061
12904.8497006 5062
12968.9423126 5063
12982.8182053 5064
12959.8230498 5065
12921.6807902 5066
12890.0644678 5067
12885.1891102 5068
12908.753057 5069
12949.4588857 5070
12995.767245 5071
13036.2267938 5072
13064.4740519 5073
13082.71715 5074
13093.9986734 5075
13101.344502 5076
13107.1681251 5077
13111.149468 5078
13112.2224108 5079
13109.3169435 5080
13101.8883855 5081
13096.170338 5082
13103.1580147 5083
13133.9356945 5084
13199.3911916 5085
13297.7909117 5086
13406.0515879 5087
13499.0741168 5088
13551.797755 5089
13546.955035 5090
13501.345804 5091
13441.0737733 5092
13392.2065838 5093
13379.1163023 5094
13404.6584466 5095
13456.6958618 5096
13522.8021123 5097
13590.6032708 5098
13650.3641404 5099
13696.7261153 5100
13724.7453594 5101
13729.4906693 5102
13708.9560576 5103
13673.7410144 5104
13637.8193369 5105
13615.1550997 5106
13618.571801 5107
13646.7694239 5108
13688.7896427 5109
13733.5076921 5110
13769.9022463 5111
13793.7590708 5112
13811.928225 5113
13832.2592996 5114
13862.6027038 5115
13908.9792689 5116
13969.8043915 5117
14041.5198376 5118
14120.563871 5119
14202.8231256 5120
14277.510818 5121
14329.4282714 5122
14343.3091774 5123
14304.1525587 5124
14213.1940875 5125
14097.1240067 5126
13984.8354863 5127
13905.2173739 5128
13879.2934237 5129
13896.779782 5130
13939.5827943 5131
13989.6225854 5132
14030.2415505 5133
14060.8285693 5134
14090.909293 5135
14130.175614 5136
14188.1732148 5137
14266.6574785 5138
14355.7366757 5139
14444.5635798 5140
14522.2979028 5141
14581.2828655 5142
14625.845627 5143
14663.1373948 5144
14700.3026528 5145
14743.4533759 5146
14787.8288092 5147
14822.1438784 5148
14835.0298233 5149
14815.3656625 5150
14763.9812007 5151
14698.5741892 5152
14638.1129093 5153
14601.5688074 5154
14601.8327706 5155
14630.3885273 5156
14674.0206752 5157
14719.5058551 5158
14754.8780279 5159
14780.2983964 5160
14802.7319882 5161
14829.2078874 5162
14866.6378376 5163
14916.6920043 5164
14974.1418491 5165
15033.2923189 5166
15088.4416289 5167
15133.5922336 5168
15161.7841736 5169
15165.8667643 5170
15138.6791443 5171
15075.5947526 5172
14994.2112787 5173
14923.6434299 5174
14893.118752 5175
14931.0443991 5176
15037.6963064 5177
15179.2186457 5178
15319.671183 5179
15423.1048422 5180
15467.2541746 5181
15470.161907 5182
15457.250938 5183
15453.9698527 5184
15482.6894291 5185
15541.5955647 5186
15617.4732804 5187
15697.0350185 5188
15767.1163101 5189
15818.5359112 5190
15846.5229379 5191
15846.5334539 5192
15814.0306179 5193
15750.569721 5194
15673.8823024 5195
15604.3674706 5196
15562.4510374 5197
15565.2126458 5198
15606.3853482 5199
15669.7876199 5200
15739.183927 5201
15798.7950723 5202
15843.7520688 5203
15880.1204893 5204
15914.4504157 5205
15953.2855049 5206
16000.1052162 5207
16051.1424592 5208
16101.5868721 5209
16146.6221568 5210
16181.8146285 5211
16205.1210397 5212
16215.398318 5213
16211.4989743 5214
16192.6429697 5215
16164.9809046 5216
16140.8706692 5217
16132.9020161 5218
16153.6232651 5219
16205.6185912 5220
16270.6781355 5221
16327.9778043 5222
16356.6576234 5223
16342.147539 5224
16303.2695322 5225
16269.856632 5226
16271.7964204 5227
16336.4974589 5228
16452.1201319 5229
16575.8191201 5230
16663.834169 5231
16672.673614 5232
16591.3506658 5233
16468.0634395 5234
16357.3548222 5235
16313.8606283 5236
16376.0713285 5237
16508.8449059 5238
16656.0818001 5239
16761.5837877 5240
16773.6818143 5241
16699.5485297 5242
16586.9540057 5243
16484.5510488 5244
16440.6193908 5245
16474.0660651 5246
16557.4790365 5247
16659.3161883 5248
16747.9821553 5249
16798.8324003 5250
16814.1408953 5251
16802.6780557 5252
16773.2234614 5253
16734.8241883 5254
16699.1083078 5255
16679.2381552 5256
16688.4230201 5257
16739.5374876 5258
16830.0554834 5259
16936.6038537 5260
17034.2825091 5261
17098.1469338 5262
17112.2868339 5263
17090.0531524 5264
17050.7147432 5265
17013.5835937 5266
16996.6231176 5267
17006.1895095 5268
17042.8173986 5269
17106.9923304 5270
17198.849195 5271
17307.911704 5272
17411.5178424 5273
17486.2880083 5274
17508.8076616 5275
17469.0808998 5276
17393.1110226 5277
17312.9181475 5278
17260.6012978 5279
17263.6017033 5280
17317.1182278 5281
17402.8358328 5282
17502.3441174 5283
17597.5337135 5284
17677.481734 5285
17738.2054218 5286
17776.0040873 5287
17787.1829413 5288
17772.922033 5289
17745.1830872 5290
17717.3916182 5291
17703.014045 5292
17712.524676 5293
17739.8181572 5294
17773.0827346 5295
17800.4757387 5296
17810.9800926 5297
17807.005855 5298
17801.7626543 5299
17808.8024936 5300
17841.6095581 5301
17905.0152808 5302
17988.1364832 5303
18078.4060235 5304
18163.2313864 5305
18231.3617326 5306
18277.578686 5307
18298.3131896 5308
18289.994221 5309
18250.20264 5310
18190.4023433 5311
18131.2346035 5312
18093.5517307 5313
18097.9218477 5314
18147.3864675 5315
18219.0946864 5316
18288.0707651 5317
18329.2741821 5318
18326.862434 5319
18297.3709633 5320
18264.4615728 5321
18251.8559043 5322
18280.192021 5323
18341.757888 5324
18413.7311183 5325
18473.0935699 5326
18497.4128139 5327
18484.9668385 5328
18458.7892594 5329
18443.4303008 5330
18463.478492 5331
18531.5948025 5332
18627.5409836 5333
18725.4279684 5334
18799.3021684 5335
18827.4011622 5336
18817.269437 5337
18788.8569123 5338
18762.2053046 5339
18756.7606479 5340
18778.3511648 5341
18819.7588366 5342
18873.2200554 5343
18930.9744832 5344
18986.5125272 5345
19036.0799655 5346
19076.2696532 5347
19103.6699268 5348
19115.4461437 5349
19111.8884982 5350
19094.2958934 5351
19063.9851904 5352
19022.8431349 5353
18981.1573285 5354
18955.5840934 5355
18962.9864946 5356
19020.0443692 5357
19127.4624629 5358
19259.0348562 5359
19385.9196199 5360
19479.2067573 5361
19519.2435517 5362
19523.4221271 5363
19518.4076785 5364
19530.9260199 5365
19584.9437361 5366
19675.359424 5367
19779.8623938 5368
19875.879932 5369
19941.0601638 5370
19964.2202825 5371
19948.7590572 5372
19899.0637819 5373
19819.53907 5374
19719.7309642 5375
19624.541886 5376
19561.7844902 5377
19559.336474 5378
19639.1467342 5379
19778.6224938 5380
19935.015114 5381
20065.3690408 5382
20128.117561 5383
20116.2167312 5384
20057.4005311 5385
19981.0077401 5386
19916.4044712 5387
19883.9432669 5388
19883.6955479 5389
19912.9595035 5390
19969.0423541 5391
20047.9075128 5392
20138.3517743 5393
20226.7342558 5394
20299.381026 5395
20343.4787504 5396
20359.482103 5397
20358.0301757 5398
20350.0521697 5399
20346.4402566 5400
20353.7132677 5401
20371.0225734 5402
20396.8217753 5403
20429.556565 5404
20468.2122067 5405
20513.9151232 5406
20568.3144694 5407
20633.0553037 5408
20709.0259966 5409
20789.3762279 5410
20862.8072667 5411
20917.9435841 5412
20943.7247477 5413
20941.4952648 5414
20928.1806668 5415
20921.7239725 5416
20940.1053041 5417
20991.7895493 5418
21058.328286 5419
21116.5237207 5420
21143.1258363 5421
21120.1626768 5422
21066.3128851 5423
21015.7514609 5424
21002.778258 5425
21059.8817698 5426
21181.300821 5427
21325.5086146 5428
21449.5201282 5429
21510.4301103 5430
21489.7542959 5431
21418.8962155 5432
21335.396908 5433
21276.883172 5434
21273.2986594 5435
21317.2660707 5436
21390.1738864 5437
21473.3513191 5438
21549.029583 5439
21611.1026349 5440
21661.428755 5441
21702.031138 5442
21734.9336072 5443
21762.5332843 5444
21787.7607896 5445
21813.6002452 5446
21843.0369185 5447
21878.434371 5448
21920.0450299 5449
21967.6903649 5450
22021.1791417 5451
22079.3598007 5452
22133.0982667 5453
22169.3248087 5454
22174.9156855 5455
22137.4623897 5456
22063.4540779 5457
21979.5337483 5458
21913.3557189 5459
21892.5938171 5460
21931.7356446 5461
22014.4518751 5462
22120.0124419 5463
22227.6353226 5464
22319.4197813 5465
22393.5213667 5466
22453.611468 5467
22503.3691225 5468
22546.5057479 5469
22587.0900876 5470
22629.4542045 5471
22677.9574435 5472
22736.8809835 5473
22805.2679697 5474
22873.5939406 5475
22931.5294892 5476
22968.7158253 5477
22979.4632643 5478
22975.4278922 5479
22972.3050072 5480
22985.8230853 5481
23029.868499 5482
23101.3016115 5483
23187.8874609 5484
23277.2754572 5485
23357.2488263 5486
23420.1181293 5487
23463.3871926 5488
23484.8282422 5489
23482.2268098 5490
23457.1749651 5491
23420.7569065 5492
23385.5321224 5493
23364.0908979 5494
23366.7228672 5495
23390.1731291 5496
23426.2606087 5497
23466.7731257 5498
23504.2295943 5499
23542.8289093 5500
23596.0988584 5501
23677.8531908 5502
23801.6940861 5503
23963.3798504 5504
24128.3745568 5505
24259.1548451 5506
24318.1262761 5507
24282.2342647 5508
24184.2329802 5509
24070.2780746 5510
23986.6191748 5511
23974.7538364 5512
24031.2691032 5513
24128.1989496 5514
24237.2903775 5515
24330.9016069 5516
24401.1907446 5517
24463.2350995 5518
24533.4190342 5519
24628.1048311 5520
24749.0051036 5521
24861.1994893 5522
24924.0831584 5523
24896.9889789 5524
24751.9329182 5525
24534.9168827 5526
24318.6899006 5527
24176.135037 5528
24175.7112132 5529
24315.7775491 5530
24539.62504 5531
24788.9839284 5532
25005.8454698 5533
25158.1008616 5534
25256.3220748 5535
25315.0893901 5536
25348.9926544 5537
25370.6192114 5538
25385.0807111 5539
25395.7716309 5540
25406.0976081 5541
25419.7308032 5542
25442.6245223 5543
25481.9337053 5544
25544.836828 5545
25638.0692159 5546
25756.0439508 5547
25879.6732801 5548
25989.1448222 5549
26064.6566932 5550
26095.9440574 5551
26095.0996856 5552
26077.4137581 5553
26058.2018575 5554
26051.8922302 5555
26068.0408213 5556
26114.6064575 5557
26199.5431581 5558
26329.1853366 5559
26487.550072 5560
26642.4697928 5561
26761.3654685 5562
26812.1340473 5563
26791.5811768 5564
26740.0747045 5565
26701.6518521 5566
26720.401281 5567
26822.1754399 5568
26972.6023461 5569
27124.8673809 5570
27232.0918647 5571
27255.3669622 5572
27217.7275671 5573
27171.0918117 5574
27167.6088407 5575
27257.2451753 5576
27440.1392461 5577
27667.6429922 5578
27889.0144664 5579
28053.5868826 5580
28133.361003 5581
28146.8599414 5582
28118.3323868 5583
28072.0731808 5584
28030.520862 5585
28007.5559352 5586
28014.6177597 5587
28063.1504345 5588
28162.7038464 5589
28301.5290356 5590
28454.4623683 5591
28596.1184778 5592
28701.5228665 5593
28763.278548 5594
28796.7751184 5595
28818.9439521 5596
28846.7199662 5597
28892.1507657 5598
28953.7087357 5599
29027.5549324 5600
29109.8318461 5601
29196.1590053 5602
29278.7828682 5603
29348.6289811 5604
29396.6135456 5605
29414.4322426 5606
29406.784979 5607
29389.0477999 5608
29376.9334429 5609
29386.0701252 5610
29425.0125115 5611
29490.3125495 5612
29577.382142 5613
29681.6175576 5614
29797.3867829 5615
29915.2238269 5616
30024.7880012 5617
30115.7250229 5618
30179.1724416 5619
30219.1019331 5620
30246.0241091 5621
30270.5114846 5622
30302.6154641 5623
30339.098016 5624
30362.7613323 5625
30355.7524852 5626
30300.271988 5627
30195.1435791 5628
30075.2812279 5629
29980.3805108 5630
29950.1634192 5631
30013.5162935 5632
30146.9813445 5633
30311.3364976 5634
30467.3120521 5635
30578.0959758 5636
30635.6329842 5637
30650.4205325 5638
30633.2616655 5639
30594.99271 5640
30546.6016744 5641
30499.287744 5642
30464.2751946 5643
30452.7983736 5644
30472.37525 5645
30520.2970772 5646
30592.1094434 5647
30683.3477108 5648
30788.5111445 5649
30895.6299681 5650
30990.2638744 5651
31057.9629456 5652
31085.4391998 5653
31078.0103774 5654
31055.8285613 5655
31039.472179 5656
31049.313073 5657
31090.7803669 5658
31145.1042884 5659
31191.3062225 5660
31208.3983485 5661
31184.1641953 5662
31136.7140543 5663
31090.6854996 5664
31070.7318436 5665
31098.1521733 5666
31167.7003654 5667
31261.6400674 5668
31362.1304488 5669
31451.9445953 5670
31526.9289804 5671
31595.5310078 5672
31666.7009848 5673
31749.3079863 5674
31842.0885565 5675
31923.9195579 5676
31971.3767877 5677
31961.0139033 5678
31879.4605471 5679
31755.9959437 5680
31631.1762153 5681
31545.5957763 5682
31535.3600024 5683
31592.3942378 5684
31683.6669805 5685
31775.8295032 5686
31836.3865611 5687
31858.469412 5688
31864.2958036 5689
31877.6881935 5690
31922.4269294 5691
32008.2605735 5692
32112.3189749 5693
32207.088273 5694
32265.0538447 5695
32265.5690595 5696
32222.9903062 5697
32162.7738329 5698
32110.3855455 5699
32089.4707746 5700
32101.4672379 5701
32133.1072878 5702
32170.8608512 5703
32201.3452726 5704
32217.7866979 5705
32222.1178033 5706
32216.8829685 5707
32204.6255182 5708
32192.1977431 5709
32198.1274127 5710
32242.9213412 5711
32347.0904518 5712
32523.3245576 5713
32737.7158521 5714
32939.1646568 5715
33076.5150097 5716
33102.4634593 5717
33026.0165847 5718
32898.7861063 5719
32773.4591153 5720
32702.1511911 5721
32703.830156 5722
32747.6957851 5723
32798.8296355 5724
32822.2967124 5725
32797.1993778 5726
32746.3065588 5727
32700.8618173 5728
32692.1163595 5729
32744.4115911 5730
32834.5690428 5731
32919.4906557 5732
32955.9779634 5733
32903.978961 5734
32778.5355092 5735
32641.2780947 5736
32555.3336776 5737
32583.2497456 5738
32740.5048116 5739
32963.7376247 5740
33182.0370665 5741
33324.4503137 5742
33343.0398074 5743
33270.3011082 5744
33156.2925742 5745
33051.0972746 5746
32999.0426803 5747
32999.8461686 5748
33032.5044989 5749
33075.8724473 5750
33109.9152231 5751
33136.8144135 5752
33179.4067215 5753
33261.3234602 5754
33405.9392411 5755
33610.4226978 5756
33823.9214571 5757
33990.4161939 5758
34053.8792328 5759
33980.8827846 5760
33824.8365007 5761
33659.9649472 5762
33560.5406705 5763
33590.797214 5764
33729.7077688 5765
33913.3024195 5766
34077.2617979 5767
34159.2328069 5768
34142.8019437 5769
34057.3085942 5770
33934.0748704 5771
33804.3943169 5772
33694.0521282 5773
33618.0035277 5774
33589.9594484 5775
33623.6401518 5776
33724.8005763 5777
33866.5699096 5778
34013.67075 5779
34130.819789 5780
34186.5346773 5781
34184.1690741 5782
34145.6708304 5783
34093.1753648 5784
34048.4880463 5785
34024.7954095 5786
34026.2502018 5787
34056.5946471 5788
34119.5239602 5789
34211.5642356 5790
34314.4930808 5791
34408.244887 5792
34472.7468273 5793
34494.6348102 5794
34489.3964167 5795
34480.2943867 5796
34490.6184346 5797
34540.071029 5798
34614.2297963 5799
34679.7532274 5800
34703.0868389 5801
34652.2706106 5802
34538.050964 5803
34417.1915774 5804
34348.755151 5805
34391.618433 5806
34565.6348639 5807
34808.1512814 5808
35045.9642559 5809
35205.8485744 5810
35234.3983095 5811
35165.496992 5812
35057.0099765 5813
34966.8387736 5814
34946.8739266 5815
34990.4144758 5816
35057.7849259 5817
35108.9376104 5818
35105.1035764 5819
35043.3621363 5820
34959.8540328 5821
34892.702698 5822
34879.922449 5823
34937.2360936 5824
35032.9996273 5825
35129.5167525 5826
35189.0483488 5827
35186.0495532 5828
35148.5321888 5829
35119.2428622 5830
35140.9498287 5831
35250.5238667 5832
35427.9868931 5833
35621.6149535 5834
35779.3011236 5835
35850.7274819 5836
35833.608356 5837
35777.282126 5838
35733.7308275 5839
35754.7158979 5840
35860.2002239 5841
36003.7749609 5842
36130.6999543 5843
36186.2106772 5844
36133.4229715 5845
36012.2088542 5846
35883.0281595 5847
35806.3673907 5848
35835.9393514 5849
35962.136624 5850
36140.9148955 5851
36327.8458683 5852
36479.5473729 5853
36578.8748566 5854
36636.0774833 5855
36662.6672374 5856
36670.189796 5857
36670.8959057 5858
36678.4606095 5859
36706.7489358 5860
36769.6199862 5861
36873.326508 5862
36993.0518777 5863
37096.0390807 5864
37149.5138745 5865
37125.6396024 5866
37040.0729332 5867
36931.0360857 5868
36836.9650505 5869
36795.0761235 5870
36814.9632501 5871
36878.8860269 5872
36967.9336016 5873
37063.2167936 5874
37149.1194252 5875
37216.2321465 5876
37255.8239167 5877
37259.1642653 5878
37223.3217354 5879
37167.3542814 5880
37115.5596926 5881
37092.2511775 5882
37117.5776017 5883
37178.156698 5884
37244.4559315 5885
37286.8195063 5886
37276.942836 5887
37213.6750449 5888
37120.824407 5889
37023.1340275 5890
36945.312249 5891
36906.2433948 5892
36914.7050834 5893
36978.4575262 5894
37105.2724232 5895
37292.1198378 5896
37498.6525451 5897
37676.4056653 5898
37776.917243 5899
37760.9022865 5900
37655.5777669 5901
37517.2614034 5902
37402.4357912 5903
37364.8888617 5904
37411.5320401 5905
37510.0210707 5906
37626.7537752 5907
37728.3399366 5908
37794.665572 5909
37826.5086092 5910
37826.4928855 5911
37797.2331915 5912
37744.6087003 5913
37684.4668911 5914
37634.5819392 5915
37612.7642236 5916
37634.4909665 5917
37700.7072299 5918
37806.6797406 5919
37947.6553248 5920
38118.08353 5921
38300.8735588 5922
38470.3369325 5923
38600.5482843 5924
38665.990113 5925
38660.1969135 5926
38603.234087 5927
38517.1271464 5928
38423.9016131 5929
38340.4732919 5930
38270.032939 5931
38213.4945389 5932
38171.7864383 5933
38145.1283473 5934
38129.8731191 5935
38121.070836 5936
38113.7753786 5937
38103.8194109 5938
38096.3578718 5939
38102.5963135 5940
38133.8479092 5941
38200.9597363 5942
38298.6536352 5943
38402.1802815 5944
38485.5664782 5945
38522.9183992 5946
38502.8055092 5947
38446.865646 5948
38381.3420354 5949
38332.5056272 5950
38320.3388795 5951
38336.188042 5952
38363.2231284 5953
38384.6160584 5954
38385.9027045 5955
38375.3669143 5956
38373.9009428 5957
38402.5613224 5958
38481.3484204 5959
38604.5278032 5960
38739.8143093 5961
38853.6794849 5962
38912.7601847 5963
38904.5648684 5964
38856.5520588 5965
38800.6639851 5966
38768.8994053 5967
38782.2813117 5968
38820.8801536 5969
38855.1888052 5970
38855.6834358 5971
38798.95202 5972
38708.4139376 5973
38629.0812988 5974
38606.1123346 5975
38681.5337344 5976
38841.3162966 5977
39023.3120092 5978
39163.7666272 5979
39199.5638313 5980
39111.6746554 5981
38950.5382737 5982
38772.761067 5983
38634.9960959 5984
38576.4783828 5985
38584.1415879 5986
38635.0839209 5987
38706.4127921 5988
38777.1407791 5989
38838.0668275 5990
38884.3299829 5991
38911.0813481 5992
38914.0739192 5993
38896.915551 5994
38868.7213574 5995
38838.7388013 5996
38816.1230524 5997
38806.7746428 5998
38812.4194697 5999
38834.5267227 6000
38874.5424478 6001
38927.7298049 6002
38974.7429447 6003
38994.0729719 6004
38964.1804214 6005
38873.769031 6006
38759.1527753 6007
38670.5291238 6008
38658.1649493 6009
38764.5207279 6010
38956.9596403 6011
39161.0071078 6012
39301.6507854 6013
39306.6414499 6014
39171.0054006 6015
38958.0848377 6016
38734.324703 6017
38565.9947228 6018
38490.9043488 6019
38494.0729675 6020
38554.7500887 6021
38652.2083806 6022
38766.3404274 6023
38879.5164305 6024
38974.6220105 6025
39034.5244322 6026
39045.8285916 6027
39021.4686745 6028
38985.7211296 6029
38962.930073 6030
38975.7770407 6031
39020.6732999 6032
39073.2604127 6033
39108.584035 6034
39102.0767176 6035
39049.4992252 6036
38975.6193727 6037
38907.4205721 6038
38871.9208209 6039
38881.8902478 6040
38912.4424027 6041
38932.5127693 6042
38910.9873499 6043
38825.4597429 6044
38698.4881379 6045
38567.0949716 6046
38468.3533619 6047
38435.8554427 6048
38465.7709352 6049
38531.7985013 6050
38607.2828848 6051
38666.4428069 6052
38707.7307968 6053
38755.7912548 6054
38836.6011294 6055
38975.962873 6056
39174.8409275 6057
39385.5958602 6058
39554.8943315 6059
39629.3396918 6060
39574.2284021 6061
39424.2934882 6062
39230.3443716 6063
39043.3052885 6064
38908.3264721 6065
38828.3166915 6066
38787.4501385 6067
38769.8137096 6068
38760.0241103 6069
38751.4241034 6070
38744.3877294 6071
38739.4725539 6072
38737.2287283 6073
38737.1691221 6074
38737.3276714 6075
38735.6163101 6076
38729.973004 6077
38721.7895533 6078
38721.6345344 6079
38741.550814 6080
38793.6005442 6081
38884.7166502 6082
38995.9080286 6083
39100.0369055 6084
39169.8883302 6085
39181.8452792 6086
39148.6524253 6087
39104.3349583 6088
39083.210366 6089
39118.3017064 6090
39209.8012482 6091
39323.853646 6092
39424.9720824 6093
39477.8352275 6094
39468.2161052 6095
39420.9208496 6096
39364.998385 6097
39329.5362759 6098
39334.2646378 6099
39366.6353752 6100
39407.1890692 6101
39436.4406319 6102
39437.5961637 6103
39411.9177771 6104
39368.0378236 6105
39314.6301002 6106
39260.3481283 6107
39213.50327 6108
39182.1631905 6109
39174.401223 6110
39197.9362945 6111
39246.1822087 6112
39294.0699193 6113
39315.2724444 6114
39283.5047084 6115
39195.8889186 6116
39103.7812836 6117
39066.2683774 6118
39142.5226484 6119
39367.6609924 6120
39671.5177365 6121
39955.1326838 6122
40119.3920739 6123
40079.5355627 6124
39873.9650588 6125
39603.2962265 6126
39368.7915659 6127
39267.3776572 6128
39310.9759945 6129
39435.5031713 6130
39574.1424794 6131
39660.5431531 6132
39664.641015 6133
39613.1721383 6134
39537.8673066 6135
39470.4954238 6136
39434.3552428 6137
39428.7818358 6138
39448.8761714 6139
39489.7622076 6140
39545.6679856 6141
39606.1976254 6142
39659.4328164 6143
39693.414997 6144
39697.8606049 6145
39680.3657117 6146
39659.2979251 6147
39653.1845904 6148
39679.6329019 6149
39731.62075 6150
39776.2837696 6151
39779.4654274 6152
39707.2790044 6153
39556.2367848 6154
39378.7005307 6155
39233.0421327 6156
39177.789257 6157
39246.5916355 6158
39390.022203 6159
39541.2473518 6160
39633.2918793 6161
39609.9199134 6162
39483.0043936 6163
39290.9509543 6164
39072.2950917 6165
38864.2259075 6166
38685.9498513 6167
38544.2316351 6168
38445.6114961 6169
38396.4281172 6170
38396.1598445 6171
38436.1163556 6172
38507.0970464 6173
38599.8470953 6174
38699.2847928 6175
38778.143043 6176
38807.5894819 6177
38758.7425015 6178
38620.3493481 6179
38448.4226175 6180
38315.1114469 6181
38292.6843195 6182
38438.0978721 6183
38697.5197315 6184
38968.5959712 6185
39148.6007621 6186
39141.5550856 6187
38955.1315499 6188
38676.5428161 6189
38395.2382069 6190
38199.3040201 6191
38117.7922835 6192
38102.1121497 6193
38098.2890706 6194
38052.3717558 6195
37935.551308 6196
37776.9566234 6197
37613.9073494 6198
37483.7606108 6199
37414.6994344 6200
37395.9868755 6201
37406.6321868 6202
37425.619329 6203
37433.9526194 6204
37429.0506979 6205
37416.1117778 6206
37400.4093341 6207
37386.9283572 6208
37375.7566801 6209
37362.9809356 6210
37344.5459736 6211
37316.4088038 6212
37275.139551 6213
37218.1599916 6214
37142.9526979 6215
37047.0050345 6216
36930.8807519 6217
36802.6744446 6218
36671.6154215 6219
36546.9482083 6220
36436.2065095 6221
36339.2882572 6222
36253.9352983 6223
36177.906954 6224
36108.5537428 6225
36039.9223185 6226
35964.3845631 6227
35874.313357 6228
35762.5869098 6229
35631.5287706 6230
35491.5697813 6231
35353.3705908 6232
35227.5604164 6233
35120.4483036 6234
35032.0378231 6235
34961.8675536 6236
34909.4751889 6237
34873.5014834 6238
34850.3739382 6239
34836.1916116 6240
34827.0153643 6241
34819.0712872 6242
34809.2093557 6243
34794.4752012 6244
34771.8942978 6245
34738.554967 6246
34692.0194236 6247
34630.1068494 6248
34550.6146033 6249
34451.9831725 6250
34343.6107894 6251
34244.3257386 6252
34173.3155688 6253
34149.3166015 6254
34168.849915 6255
34196.1829413 6256
34193.0238749 6257
34121.0279552 6258
33964.2586461 6259
33762.4015233 6260
33563.7303873 6261
33416.5911111 6262
33356.7186374 6263
33363.2510362 6264
33399.513903 6265
33428.7551282 6266
33418.4641916 6267
33371.4090592 6268
33307.6904156 6269
33247.5739592 6270
33209.7912964 6271
33186.540522 6272
33147.912998 6273
33063.2456493 6274
32902.549967 6275
32669.2456178 6276
32413.298176 6277
32188.2141321 6278
32047.5163051 6279
32018.3281499 6280
32064.9946195 6281
32142.6993593 6282
32206.5099109 6283
32219.9983137 6284
32182.7118215 6285
32103.7017758 6286
31992.0138526 6287
31856.767093 6288
31707.2438566 6289
31552.8493005 6290
31403.0078132 6291
31266.9439523 6292
31150.9770959 6293
31059.0859525 6294
30995.215638 6295
30963.1144007 6296
30958.622162 6297
30967.3238409 6298
30974.0776732 6299
30963.7552751 6300
30928.9468389 6301
30879.2121685 6302
30826.3711687 6303
30782.2651957 6304
30754.347939 6305
30733.1787254 6306
30705.2506745 6307
30657.0268421 6308
30577.9050594 6309
30477.7201138 6310
30374.9416983 6311
30288.1022506 6312
30234.3242215 6313
30211.2832645 6314
30202.8258744 6315
30192.4430464 6316
30163.9209931 6317
30110.5417374 6318
30036.7452017 6319
29947.6150023 6320
29848.2738502 6321
29747.1079291 6322
29658.8404082 6323
29598.9776399 6324
29583.0494068 6325
29616.3002931 6326
29669.3012893 6327
29705.2666535 6328
29687.3538988 6329
29586.9276373 6330
29424.8723811 6331
29240.415568 6332
29072.8873167 6333
28959.0217373 6334
28905.7379541 6335
28901.3072079 6336
28933.6974078 6337
28990.5790033 6338
29052.9544795 6339
29094.9850292 6340
29090.4606728 6341
29013.4688893 6342
28864.0752849 6343
28686.1701493 6344
28527.9489611 6345
28437.6736691 6346
28441.030546 6347
28499.2032502 6348
28561.8660856 6349
28578.580414 6350
28510.8014227 6351
28379.5311288 6352
28224.3393063 6353
28084.8597802 6354
27996.2922741 6355
27953.0349732 6356
27927.8778437 6357
27893.3676666 6358
27823.4634831 6359
27718.6964777 6360
27602.6834531 6361
27499.8543612 6362
27434.3299721 6363
27413.2549597 6364
27419.8017981 6365
27435.2962272 6366
27441.0349084 6367
27424.227591 6368
27385.9095958 6369
27329.092292 6370
27256.7949069 6371
27172.8557701 6372
27084.4058233 6373
26999.3963153 6374
26925.8013838 6375
26869.7573852 6376
26824.3824275 6377
26777.186611 6378
26715.617722 6379
26628.7473498 6380
26527.0461622 6381
26436.2210474 6382
26382.3388695 6383
26390.5010697 6384
26455.6106188 6385
26537.9352483 6386
26595.7642206 6387
26587.5977425 6388
26500.9873748 6389
26377.7276564 6390
26265.5951365 6391
26212.4657888 6392
26244.0161392 6393
26316.4524564 6394
26372.3790406 6395
26354.2997853 6396
26218.6639185 6397
25997.6044752 6398
25748.7422898 6399
25529.8019489 6400
25393.172994 6401
25338.8418582 6402
25337.5175131 6403
25359.5505565 6404
25376.2023036 6405
25377.2330402 6406
25369.1118131 6407
25358.9253774 6408
25353.6531356 6409
25354.7235946 6410
25355.5411964 6411
25348.8710071 6412
25327.4668497 6413
25285.666715 6414
25221.5029678 6415
25133.5495271 6416
25020.377259 6417
24884.1157615 6418
24741.0369628 6419
24610.9804202 6420
24513.8121923 6421
24466.0608593 6422
24461.1464354 6423
24482.7615212 6424
24514.5192136 6425
24540.5604235 6426
24551.7432457 6427
24543.5590085 6428
24511.5753905 6429
24451.6134401 6430
24366.9202306 6431
24268.8031717 6432
24169.0118888 6433
24079.2644577 6434
24007.8183439 6435
23956.8770757 6436
23928.0263095 6437
23922.8595247 6438
23936.1213614 6439
23942.9951562 6440
23915.1635693 6441
23824.2475207 6442
23653.9175688 6443
23446.1233886 6444
23260.4216272 6445
23156.4839337 6446
23184.0452318 6447
23309.120126 6448
23455.9461918 6449
23548.3460747 6450
23515.2598242 6451
23368.5070637 6452
23186.0159494 6453
23047.6726756 6454
23031.5448924 6455
23145.0355287 6456
23306.8084368 6457
23429.7683172 6458
23427.0390198 6459
23263.189953 6460
23006.0490872 6461
22735.8818978 6462
22533.0941505 6463
22450.8159824 6464
22452.1518698 6465
22481.6605931 6466
22483.8012993 6467
22414.1227072 6468
22289.8914424 6469
22149.6661312 6470
22032.0767227 6471
21971.9365477 6472
21966.5561765 6473
21992.2490937 6474
22025.0592826 6475
22041.779502 6476
22033.8278926 6477
22005.5325692 6478
21961.6922217 6479
21907.1400534 6480
21849.059909 6481
21797.8476684 6482
21764.1567609 6483
21758.6045116 6484
21781.8204344 6485
21812.5013452 6486
21826.4072754 6487
21799.2538954 6488
21715.9838044 6489
21594.8686427 6490
21461.7306698 6491
21342.4275052 6492
21257.6340574 6493
21196.7305819 6494
21137.4250753 6495
21057.3624427 6496
20937.6469728 6497
20795.8200794 6498
20671.1512313 6499
20603.2757566 6500
20629.4400314 6501
20737.2894652 6502
20868.2906505 6503
20962.0439969 6504
20958.9394072 6505
20843.3016701 6506
20663.0567148 6507
20471.169016 6508
20320.615024 6509
20242.5405299 6510
20218.0408327 6511
20221.2141369 6512
20226.0953007 6513
20211.779162 6514
20176.1824029 6515
20121.6246335 6516
20050.4220168 6517
19966.1818263 6518
19880.4285781 6519
19807.7210217 6520
19762.6384713 6521
19757.8791257 6522
19785.7307442 6523
19826.1339692 6524
19858.814365 6525
19864.2196877 6526
19838.2674892 6527
19791.3872665 6528
19734.5821426 6529
19678.708513 6530
19625.9012831 6531
19565.7083762 6532
19486.6897127 6533
19377.4123648 6534
19236.3706524 6535
19084.4697431 6536
18945.745245 6537
18844.2671931 6538
18797.1809882 6539
18796.3492683 6540
18827.8568249 6541
18877.7641829 6542
18931.3445608 6543
18969.2501296 6544
18970.4225642 6545
18913.7507862 6546
18781.7168422 6547
18593.6296915 6548
18390.3630178 6549
18213.1123507 6550
18101.381061 6551
18060.7730147 6552
18066.4294003 6553
18092.3767547 6554
18112.8903575 6555
18115.4957945 6556
18105.9504162 6557
18091.3427419 6558
18078.7373132 6559
18070.9892468 6560
18061.9798191 6561
18044.4417188 6562
18011.0900992 6563
17957.4428855 6564
17888.534449 6565
17811.4040079 6566
17733.1133825 6567
17660.1997062 6568
17596.3235574 6569
17544.1699034 6570
17506.4295633 6571
17485.0149864 6572
17474.7602805 6573
17466.6911118 6574
17451.7780983 6575
17421.4064859 6576
17373.960283 6577
17313.5704465 6578
17244.5421793 6579
17171.2559819 6580
17100.5077289 6581
17042.085564 6582
17005.9805783 6583
17002.124085 6584
17032.0696943 6585
17081.4546888 6586
17134.1161796 6587
17173.8682984 6588
17188.1138098 6589
17174.9778598 6590
17134.5544443 6591
17066.9399042 6592
16974.8522709 6593
16873.4066012 6594
16781.4299041 6595
16717.7834312 6596
16697.0881877 6597
16700.9318592 6598
16695.4818922 6599
16646.7737564 6600
16524.1575567 6601
16342.1339163 6602
16147.4424348 6603
15987.5992324 6604
15908.5111733 6605
15912.1234489 6606
15953.1699532 6607
15983.9878397 6608
15957.2917001 6609
15856.735084 6610
15716.018961 6611
15573.4344049 6612
15467.3253324 6613
15423.974268 6614
15439.6414477 6615
15506.0223595 6616
15614.7906895 6617
15751.6878878 6618
15879.3572311 6619
15954.7350075 6620
15934.6830376 6621
15787.1161681 6622
15549.0504514 6623
15284.0998554 6624
15056.0496039 6625
14923.0804549 6626
14884.7398955 6627
14906.0556797 6628
14951.5513262 6629
14986.7582232 6630
14997.1962428 6631
14986.0142493 6632
14956.9654114 6633
14913.8748005 6634
14863.1472267 6635
14814.5724714 6636
14778.1954124 6637
14764.0073764 6638
14774.1003037 6639
14794.9080925 6640
14811.0042019 6641
14806.925189 6642
14772.000878 6643
14710.112032 6644
14627.8963172 6645
14532.0072806 6646
14429.9639875 6647
14333.3346347 6648
14254.9135258 6649
14207.5296886 6650
14201.0545094 6651
14222.8482864 6652
14249.9024314 6653
14259.1151217 6654
14229.3017978 6655
14164.1263751 6656
14084.4176114 6657
14011.3872922 6658
13965.4814008 6659
13948.1669005 6660
13941.4898559 6661
13926.5873117 6662
13884.8106198 6663
13811.0700834 6664
13720.8088804 6665
13631.1890924 6666
13559.3588523 6667
13513.5885003 6668
13482.0045168 6669
13449.950225 6670
13402.7459655 6671
13332.0664915 6672
13251.7482389 6673
13180.452874 6674
13136.8762113 6675
13134.8515312 6676
13161.7870309 6677
13196.1655084 6678
13216.4327314 6679
13203.0964681 6680
13154.7934073 6681
13079.4009073 6682
12984.8971871 6683
12879.5686169 6684
12776.0570034 6685
12690.2971434 6686
12638.3443677 6687
12635.6712073 6688
12681.0753774 6689
12754.9107602 6690
12836.5290551 6691
12905.3177782 6692
12944.8960032 6693
12945.814511 6694
12899.2239937 6695
12796.3081223 6696
12639.7150568 6697
12459.8582667 6698
12291.3270155 6699
12168.7757749 6700
12115.5817266 6701
12113.4267042 6702
12134.3767032 6703
12150.4206012 6704
12138.9996817 6705
12108.6588416 6706
12078.9307994 6707
12069.4041413 6708
12096.4380804 6709
12147.1726167 6710
12193.2774703 6711
12206.2440407 6712
12159.5512676 6713
12057.7113556 6714
11929.2586889 6715
11803.4241919 6716
11708.7581642 6717
11653.0174892 6718
11620.6243951 6719
11594.7128955 6720
11558.5604321 6721
11506.5497969 6722
11451.2029704 6723
11406.7309783 6724
11387.3522603 6725
11399.1321181 6726
11428.5190603 6727
11459.0492992 6728
11474.2180153 6729
11461.0023075 6730
11419.0342797 6731
11350.8250155 6732
11258.8820977 6733
11148.4741385 6734
11040.0562452 6735
10959.3408267 6736
10932.0987703 6737
10979.2221375 6738
11079.3358215 6739
11189.4576834 6740
11266.3467529 6741
11269.562074 6742
11199.4077968 6743
11086.3836803 6744
10961.77107 6745
10856.2035369 6746
10782.1949126 6747
10732.9640848 6748
10700.7904201 6749
10677.9569371 6750
10658.3222213 6751
10638.1628988 6752
10613.9436902 6753
10582.1381522 6754
10540.6311206 6755
10490.4782074 6756
10433.1643376 6757
10370.1724804 6758
10303.7086293 6759
10238.3575045 6760
10179.193807 6761
10131.3133807 6762
10098.7304484 6763
10080.0953144 6764
10072.3914557 6765
10072.5881478 6766
10077.2385406 6767
10079.698165 6768
10071.8462694 6769
10045.5456966 6770
9993.79143018 6771
9923.49687759 6772
9850.79633807 6773
9792.02980712 6774
9762.81453944 6775
9763.34531641 6776
9779.22976211 6777
9795.47073649 6778
9797.18682092 6779
9775.69541935 6780
9730.63700294 6781
9662.2389317 6782
9570.76918708 6783
9460.95531333 6784
9346.11321003 6785
9240.55458392 6786
9158.62326176 6787
9110.86999529 6788
9097.21464258 6789
9115.73276668 6790
9164.48683799 6791
9238.15536394 6792
9317.3704353 6793
9379.09983178 6794
9400.25453357 6795
9362.57583129 6796
9277.96941566 6797
9169.9207723 6798
9061.99025437 6799
8975.97927127 6800
8916.60082751 6801
8879.09869062 6802
8858.6140903 6803
8850.31521883 6804
8850.03552172 6805
8854.12292532 6806
8858.93099792 6807
8860.88852778 6808
8858.6334887 6809
8853.26249954 6810
8845.99139664 6811
8838.00333455 6812
8827.75411404 6813
8809.48173027 6814
8777.03812918 6815
8724.29487764 6816
8649.94009368 6817
8563.37984269 6818
8475.48010074 6819
8397.12716922 6820
8337.35932374 6821
8299.24911963 6822
8284.67269274 6823
8295.50824439 6824
8330.32689098 6825
8372.09589443 6826
8399.14143618 6827
8389.74918007 6828
8327.04230014 6829
8228.40803676 6830
8125.91787256 6831
8051.77273302 6832
8034.72939992 6833
8065.97020551 6834
8113.83048151 6835
8146.25383154 6836
8132.59417238 6837
8067.90815728 6838
7969.14149977 6839
7853.97303768 6840
7739.94080348 6841
7638.98899384 6842
7556.42376702 6843
7497.18746247 6844
7466.15650076 6845
7462.63307608 6846
7476.71031232 6847
7497.60050914 6848
7514.50135254 6849
7520.00643661 6850
7514.63783484 6851
7500.05401386 6852
7477.91314155 6853
7449.83442103 6854
7417.26950766 6855
7381.64518525 6856
7344.38465265 6857
7307.46356964 6858
7275.49936555 6859
7253.92418034 6860
7248.17716965 6861
7261.93005638 6862
7286.18402296 6863
7306.4206764 6864
7308.07720203 6865
7278.32285497 6866
7223.35739981 6867
7160.99629263 6868
7109.25005254 6869
7085.16730949 6870
7088.39186244 6871
7103.85005491 6872
7115.98168831 6873
7109.49212014 6874
7078.48989039 6875
7028.02343102 6876
6963.77208603 6877
6891.45906297 6878
6819.14654428 6879
6758.63591155 6880
6722.09375323 6881
6721.66290717 6882
6759.56801628 6883
6815.88152815 6884
6867.63145993 6885
6891.80264991 6886
6873.802663 6887
6825.76543266 6888
6765.11731353 6889
6709.32406791 6890
6672.28412111 6891
6651.60671465 6892
6640.2790228 6893
6631.27453719 6894
6618.22862547 6895
6599.20172856 6896
6574.02521898 6897
6542.53305721 6898
6504.9541375 6899
6465.24600778 6900
6429.46118122 6901
6403.68705422 6902
6393.52474193 6903
6397.16083559 6904
6407.08538649 6905
6415.6213257 6906
6415.28085903 6907
6403.69474038 6908
6383.85158599 6909
6358.99257688 6910
6332.320616 6911
6304.78765206 6912
6274.13248404 6913
6237.84902859 6914
6193.44319478 6915
6140.67838469 6916
6083.73458934 6917
6027.30897941 6918
5976.10724816 6919
5933.12301675 6920
5896.70525629 6921
5864.41473578 6922
5833.8147982 6923
5803.56319763 6924
5776.52168216 6925
5756.56122384 6926
5747.56005641 6927
5752.35008365 6928
5768.07670248 6929
5789.96267194 6930
5813.22238831 6931
5833.45095845 6932
5849.28823439 6933
5860.7990681 6934
5868.05365797 6935
5870.78592548 6936
5864.8353492 6937
5843.55135269 6938
5800.23231712 6939
5728.95872824 6940
5637.94301386 6941
5547.59274481 6942
5478.75801154 6943
5451.70910936 6944
5467.82098981 6945
5506.49683012 6946
5545.86665572 6947
5564.23896365 6948
5553.84276408 6949
5528.6418865 6950
5504.51979747 6951
5497.33463509 6952
5513.26171697 6953
5537.91717941 6954
5554.26288871 6955
5545.22903992 6956
5500.93003603 6957
5432.47244365 6958
5354.79594649 6959
5282.87300095 6960
5229.59309033 6961
5199.32704681 6962
5194.29573747 6963
5216.7214044 6964
5266.5656871 6965
5330.96017065 6966
5392.50316022 6967
5433.75092234 6968
5439.58463769 6969
5413.80114165 6970
5369.3148139 6971
5319.1296461 6972
5275.63927685 6973
5243.8589164 6974
5224.00342184 6975
5216.2132647 6976
5220.17637063 6977
5227.46654533 6978
5222.6311402 6979
5189.95189466 6980
5114.37121357 6981
5001.65112317 6982
4881.52398486 6983
4785.10507932 6984
4743.1596954 6985
4762.51537688 6986
4813.38757951 6987
4862.84626541 6988
4877.9987899 6989
4842.07691071 6990
4771.37578286 6991
4686.26833393 6992
4607.16448798 6993
4549.80535318 6994
4516.93542937 6995
4509.06551892 6996
4526.71171412 6997
4568.11932414 6998
4622.94714088 6999
4678.79374522 7000
4723.23287674 7001
4746.01570901 7002
4748.37020841 7003
4735.26943981 7004
4711.69761146 7005
4682.19377142 7006
4648.00823345 7007
4608.94354001 7008
4564.79182235 7009
4515.8438835 7010
4467.48111286 7011
4428.09151783 7012
4406.11688784 7013
4409.0076469 7014
4428.97887324 7015
4446.39864049 7016
4441.28079818 7017
4394.58564808 7018
4310.67124066 7019
4217.8053183 7020
4145.3927536 7021
4122.34290573 7022
4154.68818737 7023
4217.8569107 7024
4285.09320881 7025
4329.72310504 7026
4336.53270748 7027
4310.54908201 7028
4258.86777901 7029
4188.60310022 7030
4108.93001987 7031
4033.81014678 7032
3977.90883169 7033
3955.92109093 7034
3975.79816259 7035
4024.32448299 7036
4084.12588307 7037
4137.79588207 7038
4171.23018985 7039
4184.45386462 7040
4181.23913966 7041
4165.36176473 7042
4140.94200027 7043
4114.01152087 7044
4091.29529195 7045
4079.533418 7046
4084.1739838 7047
4100.40893591 7048
4118.55764668 7049
4128.89081672 7050
4122.21247389 7051
4095.4181882 7052
4049.19653194 7053
3984.29418455 7054
3902.02097938 7055
3812.70721549 7056
3734.01370485 7057
3683.84377652 7058
3679.25571095 7059
3715.17944855 7060
3763.32499818 7061
3794.25393305 7062
3779.00356969 7063
3711.58500431 7064
3617.16962653 7065
3523.1948212 7066
3457.01573304 7067
3434.24224735 7068
3449.79735381 7069
3496.49392785 7070
3567.11502829 7071
3650.15829922 7072
3724.28446763 7073
3766.73271957 7074
3754.70498329 7075
3677.95989441 7076
3564.45258454 7077
3449.40651288 7078
3368.11979108 7079
3346.01621201 7080
3368.3546705 7081
3410.20692291 7082
3446.58804016 7083
3456.91527782 7084
3444.49282129 7085
3420.65310475 7086
3396.75925074 7087
3382.49654492 7088
3375.28769669 7089
3367.14819949 7090
3350.05197035 7091
3317.49251731 7092
3278.14494128 7093
3249.38375684 7094
3248.72010078 7095
3291.76131655 7096
3367.05668124 7097
3443.26304512 7098
3488.50785392 7099
3472.47300013 7100
3397.94262413 7101
3298.82259677 7102
3210.28748997 7103
3166.78080555 7104
3176.52264355 7105
3216.36812813 7106
3261.28248654 7107
3286.43965275 7108
3282.00457965 7109
3261.08738814 7110
3238.75894413 7111
3230.06184032 7112
3242.35158974 7113
3267.93358473 7114
3297.35322048 7115
3321.13892575 7116
3332.52476987 7117
3331.58845151 7118
3319.47368364 7119
3297.32557195 7120
3267.41822947 7121
3235.71901633 7122
3208.96201556 7123
3193.90077965 7124
3194.09144149 7125
3199.29446514 7126
3195.53069624 7127
3168.78740882 7128
3109.21571039 7129
3030.63970688 7130
2955.22825384 7131
2905.21484223 7132
2899.10873412 7133
2927.27319387 7134
2967.30736971 7135
2996.69473141 7136
2994.93844254 7137
2962.3148197 7138
2911.12085521 7139
2853.82563898 7140
2802.48438527 7141
2763.02583018 7142
2736.89380927 7143
2725.43907675 7144
2729.84536127 7145
2747.98813639 7146
2774.69261826 7147
2804.65431525 7148
2832.64552152 7149
2856.08139468 7150
2875.43504882 7151
2891.35203436 7152
2904.44021581 7153
2913.49051919 7154
2914.64773051 7155
2903.84192816 7156
2877.02233777 7157
2833.40404146 7158
2778.16778663 7159
2717.14735923 7160
2656.19307223 7161
2602.41502109 7162
2565.8050733 7163
2556.78788788 7164
2585.80906438 7165
2654.49575992 7166
2738.34542056 7167
2807.98221882 7168
2833.94675006 7169
2796.58856719 7170
2713.68103413 7171
2611.91513577 7172
2518.06653021 7173
2454.07508862 7174
2418.00195545 7175
2400.62502794 7176
2392.68970832 7177
2386.27211525 7178
2381.95915965 7179
2383.64903207 7180
2395.26093749 7181
2419.72824606 7182
2451.82394732 7183
2482.31008765 7184
2501.88880145 7185
2501.96426906 7186
2481.86776035 7187
2445.80333017 7188
2398.05907208 7189
2343.2245538 7190
2290.08064061 7191
2250.62148731 7192
2236.96394024 7193
2260.42953167 7194
2315.04569848 7195
2378.5203494 7196
2427.85054803 7197
2440.50569117 7198
2411.1077673 7199
2354.26559588 7200
2285.76547864 7201
2221.33672414 7202
2171.06525516 7203
2136.89270356 7204
2120.14083741 7205
2122.11789906 7206
2142.65238953 7207
2178.92713382 7208
2227.84137162 7209
2286.26641343 7210
2348.01890906 7211
2400.15981779 7212
2428.79616365 7213
2419.98358859 7214
2368.10408661 7215
2290.67814188 7216
2209.26938415 7217
2145.53690166 7218
2114.84997047 7219
2110.46565651 7220
2120.80105516 7221
2134.21873871 7222
2140.41111347 7223
2135.07217361 7224
2115.53147752 7225
2079.10093277 7226
2025.10517167 7227
1964.06559303 7228
1910.41069648 7229
1878.64576666 7230
1880.84541942 7231
1911.58102977 7232
1957.87753424 7233
2006.66694831 7234
2045.6162865 7235
2069.55936185 7236
2077.12437671 7237
2066.96567924 7238
2038.56620005 7239
2001.14662659 7240
1970.28733528 7241
1961.75812139 7242
1990.0111386 7243
2047.66210892 7244
2109.97962333 7245
2151.61619968 7246
2148.33288293 7247
2102.68154543 7248
2043.08407259 7249
1999.1778215 7250
1999.92942628 7251
2048.34963263 7252
2117.06341892 7253
2176.81801392 7254
2198.59049205 7255
2172.8040477 7256
2117.47807407 7257
2052.82911219 7258
1999.08565962 7259
1966.80273062 7260
1949.82192381 7261
1940.29636725 7262
1930.34567448 7263
1915.10700685 7264
1896.08463292 7265
1875.58889194 7266
1855.94840788 7267
1839.28322661 7268
1827.15656818 7269
1821.05473781 7270
1822.47230224 7271
1830.75545983 7272
1838.45936313 7273
1836.75493176 7274
1816.74316395 7275
1774.09088847 7276
1722.3450839 7277
1679.48628605 7278
1663.63962432 7279
1687.49001207 7280
1737.15125825 7281
1790.66689686 7282
1825.89930603 7283
1825.12287002 7284
1797.65109759 7285
1762.82516013 7286
1740.16579135 7287
1746.63003046 7288
1779.28114834 7289
1826.23860954 7290
1875.47471273 7291
1915.41101182 7292
1939.46458896 7293
1943.73967177 7294
1924.32622034 7295
1878.2863384 7296
1814.39864124 7297
1749.10442812 7298
1699.1295313 7299
