0.0 1883.01102
0.0 1887.64923
53.511505 1892.28699
58.467854 1896.92459
132.999916 1901.56158
21.219887 1906.19812
-48.290831 1910.83435
13.739238 1915.47043
28.616062 1920.1059
-35.919086 1924.74091
-18.506956 1929.37561
-65.615838 1934.01001
48.467106 1938.6441
43.511659 1943.27759
48.475215 1947.91077
48.465079 1952.54349
-13.553005 1957.17575
28.652131 1961.80786
-75.563138 1966.43951
65.859455 1971.07071
38.566179 1975.70145
-8.591259 1980.33203
21.211739 1984.96216
-23.495011 1989.59167
-8.588725 1994.22089
1.337516 1998.84979
-117.752365 2003.47855
-75.610753 2008.10654
21.197371 2012.73422
11.257893 2017.3616
-45.83346 2021.98853
46.0418 2026.61514
-1.143118 2031.2413
-58.226384 2035.867
16.245773 2040.4924
11.264825 2045.11734
26.176456 2049.74197
-1.143166 2054.36615
-68.200199 2058.99002
-70.676177 2063.61343
-6.113281 2068.23654
46.03595 2072.85919
-3.62578 2077.48123
-88.113686 2082.10327
36.123448 2086.72485
-18.519399 2091.34583
-43.357064 2095.96649
-35.909937 2100.5867
98.138515 2105.20676
65.862221 2109.82635
-6.11354 2114.44534
36.09572 2119.06403
130.468727 2123.6824
-23.492885 2128.30048
-6.112877 2132.91779
90.690472 2137.53494
56.00187 2142.15179
113.064193 2146.76819
6.301213 2151.38412
43.587219 2155.9996
8.786866 2160.61493
-85.550766 2165.22949
-6.112236 2169.84406
13.749036 2174.45801
-1.143505 2179.07166
48.501702 2183.68484
8.787979 2188.29773
-43.338753 2192.91031
16.249374 2197.52228
-127.816833 2202.13379
-6.106551 2206.745
1.340172 2211.35574
53.466151 2215.96634
-73.142488 2220.57648
-60.786934 2225.186
-8.591757 2229.79553
-87.983244 2234.4043
-105.442496 2239.01276
-102.909114 2243.62076
46.0418 2248.22845
-8.591259 2252.83569
-53.321389 2257.44278
-8.603356 2262.0491
36.091282 2266.65512
-85.554243 2271.26114
13.750195 2275.86639
118.004932 2280.47119
13.754261 2285.07568
-25.967929 2289.67972
28.655769 2294.28345
-6.107446 2298.88687
78.298727 2303.48984
-43.335104 2308.09219
33.6054 2312.6944
-73.148671 2317.29614
-55.750326 2321.89758
38.572676 2326.49841
-1.143696 2331.09894
115.637896 2335.69901
16.243141 2340.29892
-122.719585 2344.89822
-43.346066 2349.49707
-1.143599 2354.09561
-48.296921 2358.69385
-18.509282 2363.29163
-45.829587 2367.88895
11.262597 2372.48581
38.592262 2377.08237
48.528393 2381.67847
65.862221 2386.27441
41.042011 2390.8696
68.376959 2395.46463
21.184019 2400.0592
-8.597458 2404.65332
11.277359 2409.24698
-102.987708 2413.84033
-50.769004 2418.43338
-11.07743 2423.02597
28.66185 2427.6181
33.61107 2432.20993
16.24176 2436.80115
31.159661 2441.39221
-78.131049 2445.98282
90.85286 2450.57297
-25.965739 2455.16266
-8.590897 2459.75189
33.613909 2464.34082
16.231458 2468.92944
13.758343 2473.51761
13.750774 2478.10516
58.438133 2482.69272
-6.108475 2487.27951
-1.143408 2491.866
90.775033 2496.45218
-18.52018 2501.0379
63.449098 2505.62317
-23.481111 2510.20813
73.383293 2514.79279
-55.807114 2519.37668
28.671761 2523.96057
-6.105647 2528.54385
-6.110286 2533.12683
43.498942 2537.7092
48.530448 2542.29126
-90.523504 2546.87302
-13.562314 2551.45432
-21.020008 2556.035
-6.112236 2560.61584
-130.259079 2565.19592
26.184253 2569.7757
16.23009 2574.35455
60.924463 2578.93372
-8.588725 2583.51196
75.80492 2588.0899
26.160949 2592.66754
-25.960273 2597.24487
152.925504 2601.8219
-13.555997 2606.39832
-6.114708 2610.97443
46.051721 2615.54993
13.758343 2620.12512
-55.717703 2624.69971
16.240936 2629.27429
-11.069947 2633.84827
-13.557005 2638.42194
-8.588362 2642.9953
48.52427 2647.56805
-53.253712 2652.1405
83.207806 2656.71234
-23.479 2661.28387
26.147629 2665.8551
-16.040919 2670.42572
1.339771 2674.99573
-78.12773 2679.56604
43.564777 2684.13574
-6.112877 2688.70483
6.303864 2693.27362
28.658203 2697.8418
16.221243 2702.40936
33.643921 2706.97693
11.272915 2711.54419
-45.831522 2716.11053
83.302619 2720.67688
41.071461 2725.24292
55.994709 2729.80835
-78.124417 2734.37347
41.052372 2738.93799
-28.440244 2743.5025
-13.549017 2748.0661
16.240383 2752.62939
-1.143456 2757.19238
-1.144508 2761.75507
-6.109127 2766.31714
28.665504 2770.87891
-16.060074 2775.44067
-43.327816 2780.00122
70.849401 2784.56177
68.441143 2789.12201
-97.907921 2793.68164
-30.953782 2798.24097
-23.498004 2802.79968
13.751355 2807.3584
-18.533531 2811.9162
-1.143358 2816.474
31.121355 2821.03149
-13.557005 2825.58838
-43.349863 2830.14465
26.156544 2834.70062
38.584088 2839.25629
18.732911 2843.81134
31.133175 2848.36639
-55.73639 2852.92053
-23.480122 2857.47467
6.308143 2862.0282
26.172985 2866.58142
53.463896 2871.13434
36.1003 2875.68634
-35.897788 2880.23804
-1.144023 2884.78973
55.980413 2889.34113
-6.112499 2893.8913
65.887207 2898.44208
-11.072279 2902.99164
-60.709588 2907.54089
-11.073681 2912.08984
46.077152 2916.63879
-55.755167 2921.18683
80.820568 2925.73456
6.307068 2930.28198
93.253285 2934.82849
21.203777 2939.37561
48.526327 2943.92151
38.61034 2948.46741
48.518104 2953.01239
-45.83346 2957.55737
3.818771 2962.10175
-53.312301 2966.64581
16.232825 2971.18958
105.613754 2975.73242
43.540931 2980.27557
-55.766806 2984.81812
-107.832611 2989.35974
21.206341 2993.90137
-117.921818 2998.44238
-28.480064 3002.9834
6.310295 3007.5235
-23.492023 3012.0636
-117.811657 3016.60278
-23.511032 3021.14197
11.274346 3025.68054
-53.29644 3030.21881
-73.17958 3034.75677
-43.347899 3039.29413
58.45544 3043.83118
6.303601 3048.36761
33.623874 3052.90375
-13.570854 3057.43958
11.274822 3061.9751
190.140095 3066.5097
-30.930314 3071.04431
26.142294 3075.578
8.784879 3080.11169
-83.112171 3084.64508
-68.174074 3089.17755
-45.819921 3093.71063
48.518104 3098.24219
-11.078843 3102.77374
-53.330643 3107.30499
36.094194 3111.83563
43.602043 3116.36597
-43.371795 3120.89569
26.169661 3125.42511
-120.414063 3129.95422
132.937817 3134.48273
33.606684 3139.01093
80.799993 3143.53882
-25.95809 3148.0658
-16.036179 3152.59308
-30.95523 3157.11975
23.679212 3161.64581
1.339279 3166.17126
63.413932 3170.69672
-6.109902 3175.22156
-50.814018 3179.74579
-23.496868 3184.27002
55.959072 3188.79333
65.889995 3193.31665
-33.441529 3197.83936
33.630882 3202.36176
23.690098 3206.88354
-40.895736 3211.40503
36.083549 3215.92651
80.796569 3220.44647
-8.58922 3224.96704
165.199456 3229.48639
-6.106551 3234.00604
26.157646 3238.52509
-40.864378 3243.04352
-6.107066 3247.56165
-122.776371 3252.07916
-43.349863 3256.59668
38.579191 3261.11328
16.227227 3265.62988
68.394481 3270.14557
-63.222258 3274.66156
95.634433 3279.17664
28.648491 3283.6911
46.012629 3288.20557
113.040329 3292.71942
36.076107 3297.23297
65.826364 3301.74561
73.342804 3306.25854
185.108585 3310.77026
-3.625169 3315.28229
73.352118 3319.7937
108.016835 3324.3045
28.642582 3328.815
60.934775 3333.32489
38.587353 3337.83478
115.559246 3342.34406
13.750774 3346.85303
-55.699103 3351.36078
-13.561027 3355.86914
-18.527233 3360.37659
-11.07743 3364.88342
-23.475189 3369.39026
-40.850603 3373.89648
-3.629783 3378.4024
-16.038208 3382.90771
43.526127 3387.41272
36.076107 3391.91681
70.76632 3396.4212
63.395186 3400.92468
212.206986 3405.42816
147.643582 3409.93103
207.262444 3414.43329
184.929359 3418.93555
132.80357 3423.43689
162.603707 3427.93793
83.186939 3432.43866
115.466797 3436.93878
169.887649 3441.4389
125.338692 3445.93842
132.726198 3450.43732
236.946038 3454.93591
254.1856 3459.43359
276.778976 3463.93158
115.389597 3468.42896
241.865943 3472.92542
88.165863 3477.42218
288.819313 3481.91803
150.014458 3486.41357
164.87581 3490.90881
296.017182 3495.40314
340.661858 3499.89777
397.39618 3504.39148
596.875126 3508.88489
709.94498 3513.37799
538.079201 3517.87048
434.555641 3522.36267
377.823738 3526.85425
493.553162 3531.34552
589.402325 3535.83649
598.625515 3540.32684
751.088624 3544.81659
774.211937 3549.30634
741.654839 3553.79517
749.544563 3558.2843
601.746064 3562.77222
702.274581 3567.26013
690.026978 3571.74774
643.38617 3576.23444
693.27607 3580.72113
554.784763 3585.20721
635.739381 3589.69299
613.894959 3594.17786
665.339235 3598.66302
657.842897 3603.14697
719.964405 3607.63123
766.366398 3612.11456
658.256668 3616.5976
764.483887 3621.08032
765.652004 3625.56244
714.715252 3630.04456
746.678742 3634.52576
893.6474 3639.00696
1225.525547 3643.48663
1657.460229 3647.96722
1899.519145 3652.4469
1800.374878 3656.92596
1558.928764 3661.40472
1554.638984 3665.88287
1338.013153 3670.36102
1183.213379 3674.83826
1251.334473 3679.31549
1187.153061 3683.79181
1094.83155 3688.26843
998.467317 3692.74384
979.511631 3697.21924
913.33664 3701.69403
933.276478 3706.16821
968.95104 3710.6427
980.799057 3715.11566
948.80967 3719.58923
898.786361 3724.06158
888.579391 3728.53424
1002.136071 3733.00568
903.683761 3737.47711
960.311196 3741.94794
862.212414 3746.41846
773.907433 3750.88898
807.340624 3755.35828
766.037609 3759.82758
829.544841 3764.29596
697.283107 3768.76465
555.183067 3773.23242
295.95663 3777.69989
-38.347272 3782.16675
-21.0084 3786.6333
63.397859 3791.09985
1.3381 3795.56519
85.740993 3800.03052
115.491028 3804.49524
157.734555 3808.95996
150.227005 3813.42377
207.219093 3817.88727
214.540039 3822.35046
306.339195 3826.81274
335.749531 3831.27533
397.591026 3835.73669
407.232059 3840.19836
357.715896 3844.65912
409.7323 3849.11957
343.005661 3853.57971
406.903474 3858.03925
333.101837 3862.49847
556.15213 3866.95679
355.19034 3871.41541
412.232727 3875.87311
495.917115 3880.33051
491.267891 3884.78729
542.873711 3889.24408
429.049523 3893.69995
454.176628 3898.15552
481.330555 3902.61078
545.379627 3907.06543
456.366028 3911.52008
473.687897 3915.97351
582.372414 3920.42725
616.966515 3924.87976
609.390205 3929.33289
450.862358 3933.78479
535.016696 3938.23639
717.536873 3942.68768
625.521557 3947.13837
682.714445 3951.58905
854.495892 3956.03851
795.955109 3960.48798
859.962784 3964.93683
808.756485 3969.38568
805.513809 3973.83392
813.153343 3978.28156
687.41031 3982.72888
771.666214 3987.1756
758.47404 3991.62201
929.065224 3996.06781
949.972882 4000.51361
778.117325 4004.95819
758.8283 4009.40308
721.881359 4013.84705
790.220328 4018.29102
967.243962 4022.73438
976.76663 4027.17682
1028.333531 4031.61926
1187.95948 4036.0611
1400.540139 4040.50293
1480.870692 4044.94385
1699.714187 4049.38446
1640.912111 4053.82477
1566.038086 4058.26447
1425.365044 4062.70386
1244.646475 4067.14233
1229.387574 4071.58081
1199.978965 4076.01868
1145.550389 4080.45624
1176.647859 4084.89319
1267.971733 4089.33014
1315.292214 4093.76617
1366.408916 4098.2019
1809.541481 4102.63702
1901.735741 4107.07184
1933.057913 4111.50635
1952.404792 4115.94025
1712.306957 4120.37384
1943.320033 4124.80682
2046.651063 4129.23981
2066.362392 4133.67126
1814.306533 4138.10333
1678.545063 4142.53479
1536.589265 4146.96533
1491.886452 4151.39587
1512.814629 4155.82581
1719.458283 4160.25543
2041.110565 4164.68414
2181.190456 4169.11285
2071.255283 4173.54065
1997.598457 4177.96875
1978.422203 4182.39594
2052.746556 4186.82281
2205.555549 4191.24908
2073.737255 4195.67505
2147.134956 4200.10071
2111.346077 4204.52545
2062.749905 4208.9502
2618.877815 4213.37372
2794.028759 4217.79785
2923.741619 4222.22107
3087.415947 4226.64368
2802.569771 4231.06628
2466.715886 4235.48798
2218.942719 4239.90967
2006.695355 4244.33044
1953.793186 4248.75092
2173.713226 4253.17078
2118.872574 4257.59064
1926.753174 4262.00989
1913.065132 4266.42853
1764.091249 4270.84686
1767.44682 4275.26459
1724.117619 4279.68201
1776.248393 4284.09912
1745.972934 4288.51563
1688.823168 4292.93121
1837.084507 4297.34711
1902.331943 4301.76239
1907.830048 4306.17706
1833.768375 4310.59113
1822.386262 4315.00488
1814.687185 4319.41833
1619.913762 4323.83087
1811.489304 4328.24341
1745.414307 4332.65533
1552.66346 4337.06726
1729.545437 4341.47827
2170.092797 4345.88867
2695.121898 4350.29877
4149.084863 4354.70825
4864.295502 4359.11804
4415.626893 4363.52661
3219.042106 4367.93518
2736.257967 4372.34283
2601.747852 4376.75049
2245.32185 4381.15723
2239.501091 4385.56396
2237.093132 4389.9704
2354.845719 4394.37561
2471.948189 4398.78113
2377.049935 4403.18573
2314.479687 4407.59033
2217.36101 4411.99341
2382.971382 4416.39709
2371.515847 4420.79956
2445.35196 4425.20264
2574.779312 4429.6051
2479.050239 4434.00604
2543.253128 4438.40759
2428.213963 4442.80762
2610.042814 4447.20825
2604.751579 4451.60767
2618.269623 4456.00739
2642.412426 4460.40558
2544.641023 4464.80438
2494.440517 4469.20258
2278.950848 4473.59955
2228.489574 4477.99713
2267.23029 4482.39319
2314.635864 4486.78955
2358.378128 4491.185
2332.884163 4495.58014
2262.681778 4499.97498
2475.904419 4504.36951
2534.058731 4508.76343
2519.684433 4513.15674
2582.821999 4517.54974
2497.254029 4521.94183
2760.272096 4526.33392
2871.777108 4530.7251
2916.857273 4535.11688
2997.400902 4539.50684
2740.79969 4543.8974
2750.195385 4548.28735
2819.405609 4552.67639
2723.949756 4557.06543
2731.117616 4561.45325
2827.687134 4565.84137
2760.451328 4570.22858
2794.464485 4574.61578
2812.885866 4579.00208
2965.965347 4583.38867
2857.575386 4587.77405
2902.299088 4592.15912
2895.221069 4596.54388
2615.872894 4600.92773
2672.331144 4605.31189
2889.213799 4609.69513
3096.462982 4614.07806
3032.596299 4618.46008
2839.001152 4622.84241
2725.931045 4627.22351
2870.088555 4631.60461
3063.839493 4635.98541
2989.367237 4640.3653
3011.631798 4644.74518
2970.17332 4649.12384
3034.044223 4653.50281
3026.836929 4657.88086
3031.823416 4662.25891
3277.865284 4666.63605
3213.86863 4671.01318
3370.009667 4675.39001
3629.868115 4679.76563
3944.799202 4684.14124
4000.273025 4688.51593
3944.211337 4692.89063
4173.655605 4697.2644
4249.799942 4701.63849
4320.319344 4706.01135
4234.254059 4710.38422
4400.246143 4714.75677
4564.748253 4719.12811
4163.531891 4723.50006
3941.026293 4727.87048
3728.632793 4732.24121
3542.848797 4736.61072
3591.824685 4740.98053
3476.359051 4745.34943
3526.665104 4749.71802
3710.354404 4754.0863
3530.978924 4758.45367
3535.319221 4762.82104
3237.485969 4767.1875
3250.342163 4771.55426
3349.654492 4775.91949
3536.708588 4780.28503
3793.71315 4784.64966
3387.800033 4789.01428
3411.847526 4793.3786
3179.677636 4797.7417
3172.752777 4802.1051
3102.925873 4806.46698
3068.659863 4810.82947
3343.98111 4815.19073
3343.96398 4819.552
3319.981235 4823.91266
3520.723339 4828.27301
3507.884628 4832.63306
3758.793533 4836.99188
3548.772371 4841.35101
3442.24625 4845.70923
3319.981235 4850.06744
3420.930886 4854.42413
3467.071625 4858.78174
3668.586834 4863.13782
3667.136246 4867.4939
3852.038666 4871.84998
4113.147514 4876.20453
4447.866096 4880.55939
4343.00222 4884.91333
4309.814487 4889.26727
4307.835884 4893.6203
4076.881923 4897.97302
4116.08284 4902.32513
4134.027954 4906.67755
4245.776269 4911.02905
4342.301224 4915.37964
4607.659188 4919.73022
4644.615112 4924.0799
4815.155235 4928.42957
5085.045564 4932.77832
5913.265847 4937.12738
5938.292008 4941.47491
5457.658741 4945.82275
5293.288192 4950.17029
5290.67086 4954.5166
5259.110474 4958.86292
5788.141341 4963.20831
6094.876205 4967.55402
7258.753433 4971.8985
8757.992016 4976.24298
9867.744549 4980.58655
10492.185921 4984.93042
10250.934413 4989.27368
10059.948562 4993.61572
9283.106511 4997.95807
8306.535073 5002.29919
7414.531426 5006.64063
6781.518894 5010.98083
6481.976 5015.32104
6224.261264 5019.66064
6256.22303 5023.99994
6170.396858 5028.33893
5908.167332 5032.677
6489.523487 5037.01477
6811.676773 5041.35193
6655.69503 5045.68909
6009.295044 5050.02502
5531.617622 5054.36127
5229.593842 5058.69629
5276.061636 5063.03162
5437.789128 5067.36603
5362.818245 5071.69983
5677.309524 5076.03363
5348.475994 5080.36621
5266.118702 5084.6994
5187.069947 5089.03107
4941.248658 5093.36304
4985.322631 5097.69379
4899.208023 5102.02484
4905.547901 5106.35529
5004.561897 5110.68481
4971.548266 5115.01434
5458.494233 5119.34265
5900.243742 5123.67126
6004.088044 5127.99927
5874.355103 5132.32605
5476.780983 5136.65344
5662.717602 5140.97961
6108.91098 5145.30579
6632.314575 5149.63135
7006.113211 5153.95691
7452.703703 5158.28064
7219.45594 5162.60498
6846.516514 5166.92871
6593.107758 5171.25183
6800.335483 5175.57373
7263.081394 5179.89624
7367.892312 5184.21753
7187.052956 5188.53943
6709.0135 5192.86072
6536.142266 5197.18018
6575.839111 5201.50024
6487.828217 5205.81909
6586.802334 5210.13855
6956.49601 5214.45679
7450.221314 5218.77502
7707.34182 5223.09204
7552.379762 5227.40906
7200.061333 5231.72546
6758.711124 5236.04187
6628.121695 5240.35767
6093.147999 5244.67224
5953.446495 5248.98682
6078.356469 5253.30078
5570.508072 5257.61475
5913.292099 5261.92749
6051.027062 5266.24023
6034.285309 5270.55237
5711.63557 5274.86389
5568.984131 5279.17542
5462.102066 5283.48572
5553.313526 5287.79663
5627.456879 5292.10571
6123.489632 5296.41541
6767.492768 5300.72388
7031.981874 5305.03235
6776.552688 5309.34082
7084.255599 5313.64746
7623.630249 5317.95532
7889.917898 5322.26135
9259.983413 5326.56738
10674.276978 5330.8728
14100.480103 5335.17822
21198.046684 5339.48242
27463.115624 5343.78662
26689.679497 5348.09082
23052.310477 5352.39319
25185.279705 5356.69617
32687.970833 5360.99792
39098.074539 5365.29968
42027.645535 5369.60083
43550.673713 5373.90137
43741.158237 5378.2019
44049.232812 5382.50183
41647.373437 5386.80115
38407.084191 5391.09985
34689.410309 5395.39795
31850.902702 5399.69543
27448.970304 5403.99292
22428.547588 5408.28979
17653.157292 5412.58606
14416.581208 5416.88171
12113.63583 5421.17737
10803.248871 5425.47302
9628.118912 5429.76685
8449.670034 5434.06128
8085.792854 5438.35388
8135.5719 5442.64771
8173.625373 5446.9397
9509.299755 5451.2323
15855.368115 5455.52307
21582.500409 5459.81506
23122.893661 5464.10583
16844.609447 5468.39539
12086.273503 5472.68555
10214.919883 5476.97449
8824.828629 5481.26282
8156.147781 5485.55054
7370.755813 5489.83887
7163.332516 5494.12598
6957.377548 5498.41309
6863.567495 5502.69958
6886.425026 5506.98486
6762.352661 5511.27075
6677.187187 5515.55481
6641.557739 5519.83948
6894.230911 5524.12292
7013.263015 5528.40698
7287.280105 5532.6886
7272.855394 5536.97205
7488.826767 5541.25366
7552.566737 5545.53467
7683.07 5549.81628
7395.178824 5554.09607
7869.752685 5558.37646
7672.946312 5562.65564
7683.494228 5566.93481
7446.084717 5571.21338
7345.846531 5575.49133
7197.701112 5579.76929
7550.879324 5584.04602
8102.094578 5588.32275
8435.09726 5592.59888
8441.935151 5596.87439
8160.299894 5601.14929
8202.399994 5605.42419
7777.383816 5609.69788
7979.363403 5613.97156
8320.519546 5618.24524
8393.910524 5622.5177
8579.457642 5626.79016
8566.195747 5631.0614
8956.710971 5635.33264
9280.757012 5639.60327
9393.123253 5643.87329
9892.103325 5648.14331
10491.244508 5652.41272
11174.681294 5656.68213
12533.91346 5660.94971
14174.947769 5665.2179
15812.985161 5669.48425
17619.111268 5673.75183
19579.69247 5678.01819
24336.638623 5682.28394
30448.028898 5686.54846
35074.980622 5690.81421
34404.45153 5695.07874
30712.609009 5699.34265
25555.626831 5703.60596
20994.752396 5707.86865
17645.707962 5712.13074
15225.508942 5716.39282
13519.391975 5720.6543
12268.636784 5724.91516
11641.206161 5729.17603
11021.037857 5733.43567
10677.456909 5737.69531
10651.261322 5741.95435
10416.834419 5746.21277
10188.683659 5750.47119
10401.423481 5754.72839
10657.422699 5758.9856
11200.403858 5763.24158
11685.359749 5767.49817
11912.972832 5771.75293
11638.145448 5776.0083
11812.971706 5780.26306
12055.995491 5784.51721
12598.448632 5788.77136
12151.920059 5793.02429
12294.914867 5797.27661
12294.928451 5801.52832
12482.549614 5805.78064
12643.289269 5810.03113
13137.542724 5814.28223
13492.617341 5818.53271
14021.441472 5822.78198
15036.079135 5827.03125
15764.45105 5831.2793
16532.420776 5835.52795
18028.88601 5839.77539
18926.361481 5844.02283
20464.974349 5848.26965
22440.712426 5852.51587
24743.708813 5856.76208
27510.014603 5861.00647
28764.000409 5865.25208
27995.646804 5869.49524
25519.555096 5873.73962
20029.224007 5877.98218
13801.721802 5882.22534
8629.125222 5886.46729
5261.297191 5890.70984
3323.707364 5894.95117
2802.935596 5899.19128
3130.93982 5903.43201
3814.449062 5907.67151
4840.14373 5911.91101
5523.059171 5916.1499
6518.18445 5920.38818
7756.968212 5924.62524
9073.672284 5928.86292
10211.82089 5933.10059
11553.361953 5937.33582
13004.522401 5941.57227
14380.181275 5945.8075
15574.338003 5950.04272
16721.237915 5954.27673
18288.123455 5958.51074
19030.055575 5962.74353
20100.812622 5966.97632
20808.918099 5971.20911
21372.803622 5975.44067
22153.880599 5979.67224
22891.029655 5983.9032
23346.369815 5988.13354
24033.060701 5992.36328
24436.290619 5996.59241
24682.415617 6000.82153
25133.114228 6005.05005
25024.308197 6009.27795
25400.919136 6013.50525
24772.41394 6017.73254
24913.347671 6021.95862
24608.613487 6026.18408
24936.313438 6030.40955
24814.519165 6034.6344
25176.067605 6038.85925
24455.818512 6043.0835
24793.985855 6047.30652
24515.259224 6051.52893
24677.537963 6055.75195
24547.003784 6059.97375
24853.132058 6064.19495
23918.907471 6068.41553
23612.660286 6072.63672
23126.281135 6076.85608
23276.035041 6081.07605
23004.230591 6085.2948
22689.278091 6089.51294
22860.435108 6093.73108
22190.839302 6097.948
21919.988091 6102.16553
22252.749527 6106.38123
21518.115268 6110.59753
22183.871216 6114.81262
21755.081016 6119.02832
21676.190797 6123.24219
21423.548982 6127.45605
21257.307031 6131.66931
21091.472053 6135.88196
20365.413872 6140.0946
20627.980346 6144.30664
20438.290261 6148.51807
21065.174759 6152.72827
22269.753151 6156.93909
23649.198656 6161.14929
22913.980591 6165.35889
21669.318513 6169.56787
20072.229599 6173.77563
19291.159023 6177.9834
18707.18789 6182.19055
18241.624809 6186.39832
17468.009888 6190.60364
17461.154106 6194.81018
17171.60315 6199.01611
16604.164383 6203.22083
16573.007622 6207.42493
15936.735199 6211.62842
15939.366551 6215.83191
15843.830635 6220.03418
15195.924633 6224.23706
14785.982265 6228.43872
14667.145424 6232.64038
14672.164003 6236.84143
14584.386566 6241.04126
14343.086003 6245.2417
13827.096043 6249.44031
14476.572113 6253.64014
14659.91101 6257.83752
14165.528473 6262.03552
13897.194603 6266.2323
13747.936157 6270.42969
13144.700806 6274.62585
13023.503716 6278.82141
12788.281426 6283.01697
12766.96914 6287.2113
12329.29905 6291.40625
12394.122505 6295.59998
12624.055298 6299.79309
12683.781022 6303.9856
12076.858002 6308.1781
12157.42255 6312.37
11843.349697 6316.56067
11770.60569 6320.75195
11564.619678 6324.94202
11530.960708 6329.13208
11216.549073 6333.32092
11095.786743 6337.50977
10933.795502 6341.69739
10707.361908 6345.88562
11186.216377 6350.07263
11068.124828 6354.25964
10920.720643 6358.44543
10789.388481 6362.63123
10890.139046 6366.81641
10706.47316 6371.00037
10944.632742 6375.18494
10967.306602 6379.36829
10653.470116 6383.55164
10679.781135 6387.73438
10561.936589 6391.9165
10329.136177 6396.09863
10052.624432 6400.27893
9835.476334 6404.45984
9909.281426 6408.63953
9324.021706 6412.81921
9386.332237 6416.99829
9468.876244 6421.17676
9439.776474 6425.35461
9232.813891 6429.53247
9388.227348 6433.70972
9465.164848 6437.88635
9273.522999 6442.06177
8888.10001 6446.23718
8804.064793 6450.4126
8998.572388 6454.58618
9080.571117 6458.76099
9163.430604 6462.93396
9234.438599 6467.10693
9024.820346 6471.27991
8872.668003 6475.45166
8728.594118 6479.62341
8288.609286 6483.79333
8432.986504 6487.96448
8411.797474 6492.13379
8221.465927 6496.3031
7866.678623 6500.4718
7968.845459 6504.63989
7543.91661 6508.80859
7414.03479 6512.97546
7295.920638 6517.14233
7277.709923 6521.30859
7238.370531 6525.47485
7296.753642 6529.63928
7310.726822 6533.80432
7524.741715 6537.96814
7637.215424 6542.13196
7928.848373 6546.29578
8394.671909 6550.45837
8592.31155 6554.62036
8761.526871 6558.78174
8134.886343 6562.94312
7992.782039 6567.10327
7893.599563 6571.26404
8099.01155 6575.42358
7959.312724 6579.58252
7704.088753 6583.74084
7379.575806 6587.89917
7163.425904 6592.05688
7141.44669 6596.21338
7629.033105 6600.37048
8168.575073 6604.52637
7987.940796 6608.68164
7060.869053 6612.83691
6740.074329 6616.99158
6704.343374 6621.14502
7188.050308 6625.29846
7120.957626 6629.45129
6927.583236 6633.60413
6220.465454 6637.75635
6290.341909 6641.90674
6268.148323 6646.05835
6118.406372 6650.20813
6012.988639 6654.35791
6056.318535 6658.50769
6207.401627 6662.65625
6085.831977 6666.8042
6456.669678 6670.95215
6270.631382 6675.09949
6405.044303 6679.24622
6342.458339 6683.39233
6676.612923 6687.53784
6641.655121 6691.68335
7051.950203 6695.82825
6918.00101 6699.97192
7028.108002 6704.1156
7083.178622 6708.25867
7185.774849 6712.40173
6925.101025 6716.54358
7063.42321 6720.68481
6690.935955 6724.82605
6804.251907 6728.96667
6426.516937 6733.10669
6453.411012 6737.24609
6513.957138 6741.38489
6172.908543 6745.52307
6277.088959 6749.66064
5972.999885 6753.79822
5818.092438 6757.93579
6000.659927 6762.07153
6039.163802 6766.20789
5837.305298 6770.34241
5606.91101 6774.47754
5394.543732 6778.61206
5372.246842 6782.74597
5334.633316 6786.87866
4912.173385 6791.01135
5024.885482 6795.14404
4939.460937 6799.27551
4610.758262 6803.40698
4556.508255 6807.53723
4309.906022 6811.66748
4190.810657 6815.79712
4022.556483 6819.92615
4191.771729 6824.05457
4302.087816 6828.18298
4333.003022 6832.31018
4264.01337 6836.43738
3881.407072 6840.56335
3724.007096 6844.68994
3519.215774 6848.81531
3510.151157 6852.93945
3474.090088 6857.06482
3270.309425 6861.18774
3001.865185 6865.31128
3143.552342 6869.43481
2867.859987 6873.55713
2925.633506 6877.67883
2852.238129 6881.79932
2704.794862 6885.92041
2738.294862 6890.04089
2912.078953 6894.16016
2766.769379 6898.27881
2884.714371 6902.39868
2683.588264 6906.51611
2587.959804 6910.63354
2539.386036 6914.75098
2578.883146 6918.86719
2529.872932 6922.9834
2549.493782 6927.099
2573.485481 6931.2146
2774.858512 6935.32837
2564.328491 6939.44214
2636.835053 6943.55652
2645.723128 6947.66846
2646.418793 6951.78101
2515.810806 6955.89294
2503.053901 6960.00366
2334.734726 6964.11438
2253.870246 6968.2251
2064.591961 6972.33459
2148.292079 6976.44409
2188.617897 6980.55298
2140.866967 6984.66064
1954.578613 6988.76831
2025.368129 6992.87537
2050.903637 6996.98181
1987.664494 7001.08826
1947.069985 7005.19348
2018.69043 7009.2981
2030.682915 7013.40271
1976.007774 7017.50732
1944.609337 7021.61011
2024.783829 7025.7135
1975.682918 7029.81567
1966.416698 7033.91724
1826.709642 7038.0188
1951.378269 7042.11914
2000.431694 7046.21948
1953.384245 7050.31921
1711.215907 7054.41895
1756.957047 7058.51746
1764.589062 7062.61536
1711.946751 7066.71265
1795.532959 7070.81055
1776.9382 7074.90662
1742.252564 7079.0033
1763.233116 7083.09814
1790.819115 7087.19299
1820.065132 7091.28784
1785.784378 7095.38147
1612.58054 7099.4751
1612.638737 7103.5675
1689.903687 7107.66052
1790.243049 7111.75171
1668.039238 7115.8429
1624.005824 7119.93347
1753.360993 7124.02405
1743.489567 7128.11401
1607.904281 7132.20276
1460.96575 7136.2915
1681.359626 7140.37964
1703.408743 7144.46777
1707.529991 7148.55408
1501.694058 7152.64099
1629.495697 7156.72668
1612.638737 7160.81177
1530.139958 7164.89746
1519.438457 7168.98132
1405.456087 7173.06519
1505.695022 7177.14844
1442.904609 7181.23108
1413.522038 7185.31372
1483.945774 7189.39514
1532.345379 7193.47595
1518.332115 7197.55676
1428.423546 7201.63696
1448.928701 7205.71716
1496.745949 7209.79614
1423.09053 7213.87451
1445.760383 7217.95227
1279.916229 7222.02942
1292.771973 7226.10718
1428.633965 7230.18311
1320.585677 7234.25903
1382.264477 7238.33374
1270.076447 7242.40906
1197.478546 7246.48376
1354.846977 7250.55725
1384.800056 7254.63013
1399.655159 7258.703
1336.521874 7262.77466
1292.143883 7266.84631
1213.703778 7270.91797
1226.165268 7274.98779
1233.109428 7279.05823
1149.057026 7283.12805
1314.013886 7287.19666
1294.387069 7291.26526
1164.024536 7295.33264
1262.720565 7299.40063
1220.652378 7303.4668
1298.3931 7307.53357
1208.198588 7311.59851
1259.908867 7315.66406
1155.136353 7319.729
1247.358156 7323.79272
1133.734546 7327.85645
1241.207497 7331.91895
1157.185792 7335.98206
1193.755495 7340.04333
1304.564797 7344.10522
1201.425224 7348.16528
1199.526573 7352.22656
1186.531284 7356.28662
1214.112641 7360.34546
1310.270028 7364.4043
1252.740677 7368.46252
1299.547535 7372.52014
1242.80966 7376.57715
1295.16011 7380.63354
1311.481354 7384.68933
1216.459748 7388.74512
1228.786583 7392.80029
1182.319611 7396.85486
1169.116324 7400.90881
1143.717559 7404.96216
1296.341797 7409.0155
1277.337509 7413.06702
1186.664307 7417.11914
1263.050667 7421.17004
1187.242378 7425.22095
1115.223579 7429.27124
1243.18021 7433.32031
1122.075508 7437.37
1208.557967 7441.41785
1083.503849 7445.46631
1309.387261 7449.51355
1239.821596 7453.56079
1282.879722 7457.6062
1177.352695 7461.65283
1232.788783 7465.69824
944.394945 7469.74243
1113.069764 7473.78723
1157.01292 7477.8302
1088.34325 7481.87378
1115.676424 7485.91614
1179.482231 7489.9585
1049.730136 7493.99963
1106.415603 7498.04077
1106.415603 7502.0813
1068.542782 7506.12122
1061.899064 7510.16052
1165.816002 7514.19922
1136.823486 7518.23792
1060.098484 7522.27478
1036.020679 7526.31226
1056.856957 7530.34851
1020.806816 7534.38477
1021.391243 7538.42102
1047.843171 7542.45544
1116.05352 7546.48987
1184.580784 7550.52368
1306.757042 7554.5575
1351.131737 7558.59009
1362.596955 7562.62268
1199.256535 7566.65405
1074.146029 7570.68542
1079.516766 7574.7168
967.429718 7578.74634
1039.062988 7582.77588
1020.227197 7586.8042
1121.40036 7590.83374
1025.811294 7594.86084
1040.989067 7598.88916
1071.825893 7602.91504
962.536225 7606.94214
1056.261917 7610.96802
996.783051 7614.99268
981.060839 7619.01733
1014.562821 7623.04199
1052.769505 7627.06543
1028.686878 7631.08826
896.545643 7635.11108
893.235673 7639.13208
918.550976 7643.15369
788.565681 7647.17529
969.578934 7651.19568
1081.306753 7655.21545
1806.160199 7659.23462
2280.970093 7663.25317
2338.649681 7667.27112
1756.709496 7671.28845
1387.335549 7675.30518
1091.027856 7679.32251
1071.463431 7683.33862
1040.315519 7687.35413
1286.650724 7691.36841
1740.141878 7695.38269
1948.743508 7699.39636
1559.09761 7703.41003
1226.073552 7707.42249
1093.960938 7711.43433
1038.584206 7715.44617
935.796746 7719.4574
906.906441 7723.46802
780.932312 7727.47803
806.429764 7731.48682
845.685562 7735.49622
731.725082 7739.50439
697.666416 7743.51196
899.379517 7747.51892
757.028526 7751.52588
714.547286 7755.53162
583.95232 7759.53735
692.563896 7763.54309
658.465058 7767.54639
673.103244 7771.5509
648.479405 7775.5542
685.738716 7779.5575
623.998688 7783.55896
589.56662 7787.56104
569.792271 7791.56189
584.506424 7795.56274
722.27768 7799.56299
705.53595 7803.56201
639.131607 7807.56165
756.641327 7811.56006
665.837799 7815.55786
616.231288 7819.55505
742.29647 7823.55225
621.219833 7827.54761
690.790833 7831.54358
480.789846 7835.53894
678.07016 7839.53369
545.335838 7843.52783
544.835892 7847.52075
574.279715 7851.51367
604.518349 7855.50598
569.160744 7859.49768
508.028446 7863.48877
468.236531 7867.47986
572.298252 7871.47034
480.295395 7875.45959
594.273796 7879.44885
673.103244 7883.4375
537.712586 7887.42493
515.454085 7891.41235
599.573601 7895.39917
542.895519 7899.38538
584.739757 7903.37158
604.931435 7907.35718
527.887829 7911.34094
629.242271 7915.32532
506.115623 7919.30847
602.251343 7923.29224
515.639988 7927.27417
587.106415 7931.2561
505.728253 7935.23682
478.365733 7939.21753
511.14753 7943.19824
554.983414 7947.17773
518.310676 7951.15723
530.797203 7955.1355
535.702842 7959.11377
493.493412 7963.09082
589.826179 7967.06787
636.824959 7971.0437
555.116486 7975.01953
530.476852 7978.99536
495.639346 7982.96936
473.346788 7986.94397
501.146042 7990.91736
419.00903 7994.89014
461.072228 7998.8623
476.036816 8002.83447
552.721611 8006.80542
382.064969 8010.77637
443.654385 8014.7467
483.697388 8018.71643
572.942917 8022.68555
473.687897 8026.65405
517.874546 8030.62256
617.016236 8034.58923
575.21978 8038.55652
468.835545 8042.52258
488.487866 8046.48804
392.349743 8050.4541
572.366707 8054.41833
397.138789 8058.38257
592.287056 8062.34619
538.16613 8066.30859
389.412075 8070.271
481.486625 8074.23279
518.164718 8078.19458
518.227051 8082.15515
473.422395 8086.11572
572.184063 8090.07507
579.402661 8094.03381
675.613251 8097.99194
583.929397 8101.95068
681.340408 8105.90759
577.104107 8109.8645
569.883027 8113.8208
520.481354 8117.77649
468.273526 8121.73157
545.161286 8125.68665
641.514457 8129.6405
614.040924 8133.59375
597.304885 8137.54639
769.882126 8141.49841
848.271987 8145.45105
859.69516 8149.40186
891.439804 8153.35266
913.406865 8157.30347
1170.786087 8161.25244
1644.159489 8165.20203
2245.955414 8169.14978
3415.216903 8173.09753
5074.192505 8177.04468
6686.083057 8180.99182
7469.473518 8184.93774
7720.124089 8188.88367
7865.202583 8192.82898
7642.386181 8196.77307
7806.189858 8200.71716
7873.486206 8204.66003
7294.454326 8208.60291
6266.353393 8212.54517
5279.996704 8216.48743
4769.707619 8220.42786
3769.008317 8224.3689
3270.844362 8228.30872
2968.735962 8232.24792
2548.135102 8236.18774
2189.750298 8240.12512
2160.901222 8244.06311
1954.54583 8247.99988
1680.33345 8251.93665
1724.117619 8255.8728
1456.796387 8259.80835
1354.747437 8263.74329
1305.024197 8267.67761
1273.802505 8271.61194
1209.463066 8275.54443
1125.773161 8279.47754
986.060049 8283.40942
991.248386 8287.34131
1015.572237 8291.27136
974.54514 8295.20264
841.953151 8299.13208
793.347294 8303.06152
744.370697 8306.99097
810.987052 8310.91797
734.43729 8314.84619
706.935609 8318.77319
672.943909 8322.7002
795.799626 8326.62537
702.911331 8330.55054
635.764201 8334.4751
633.78281 8338.39966
616.037316 8342.32361
538.014351 8346.24634
641.081025 8350.16907
547.491516 8354.09058
631.904427 8358.01208
433.76949 8361.93298
480.847214 8365.85327
493.315369 8369.77295
503.651176 8373.69202
434.046616 8377.61047
451.85807 8381.52832
503.630775 8385.44617
437.093864 8389.36218
389.740565 8393.27942
392.445236 8397.19421
389.677842 8401.11023
449.483368 8405.0238
382.37257 8408.9386
522.797153 8412.85217
419.701698 8416.76453
466.7303 8420.67749
397.542366 8424.58862
419.56525 8428.49976
395.073982 8432.41028
394.896671 8436.32019
332.97986 8440.22949
422.1688 8444.13879
387.588909 8448.04749
380.106521 8451.95496
335.639225 8455.86182
290.827706 8459.76807
308.481052 8463.67432
375.200996 8467.57996
365.476326 8471.48499
437.004677 8475.38879
253.955043 8479.2926
350.411972 8483.19641
306.23758 8487.09839
258.823904 8491.00098
357.919929 8494.90234
335.475376 8498.8031
320.507168 8502.70325
288.523134 8506.60339
275.992489 8510.50171
377.730915 8514.40125
253.934389 8518.29895
362.769135 8522.19604
281.113039 8526.09314
303.777352 8529.98901
164.916652 8533.8855
370.552887 8537.78015
301.093201 8541.6748
206.89377 8545.56885
333.169865 8549.46228
268.981308 8553.35571
306.060669 8557.24731
318.155366 8561.13953
251.51451 8565.03052
214.275455 8568.92151
199.418896 8572.81067
315.737866 8576.70105
321.137856 8580.5896
293.703415 8584.47754
261.660301 8588.36609
236.798614 8592.25281
258.993435 8596.13892
276.582222 8600.02502
246.672093 8603.91052
229.28244 8607.79541
254.164272 8611.67969
308.582527 8615.56335
224.512734 8619.44702
229.329437 8623.32947
261.379948 8627.21069
219.416794 8631.09253
298.794472 8634.97314
263.86192 8638.85376
249.196518 8642.73315
254.143387 8646.61255
157.322617 8650.49072
315.763611 8654.3689
187.296772 8658.24707
159.946216 8662.1228
206.859775 8665.99915
244.088223 8669.87488
164.848528 8673.75061
226.846493 8677.62451
189.780243 8681.49841
256.669777 8685.3717
73.238489 8689.24438
202.15715 8693.11707
221.771724 8696.98853
199.574429 8700.85938
239.153838 8704.72961
222.158181 8708.59985
115.308621 8712.46887
214.50449 8716.33789
244.22905 8720.20569
199.624039 8724.07349
249.258492 8727.94067
137.475502 8731.80725
122.628501 8735.67322
157.497333 8739.53796
251.847977 8743.40332
152.439293 8747.26624
125.296991 8751.13037
226.7719 8754.99329
202.23275 8758.85559
155.125084 8762.71729
115.428314 8766.57898
224.410145 8770.44006
298.931176 8774.29932
28.586479 8778.15918
177.379078 8782.01782
140.224839 8785.87585
202.089897 8789.73389
259.337655 8793.5907
192.336098 8797.44751
120.283741 8801.3031
224.550025 8805.1593
164.855307 8809.01367
132.770607 8812.86804
90.599315 8816.7218
117.876667 8820.57434
288.914993 8824.42749
160.032425 8828.27942
222.102401 8832.13013
194.820603 8835.98145
137.741791 8839.83154
115.423223 8843.68042
167.664543 8847.53052
202.241188 8851.37817
11.251343 8855.22644
239.18321 8859.07349
147.594669 8862.92053
212.003796 8866.76636
199.698433 8870.61157
234.257111 8874.4574
152.590653 8878.30078
127.789372 8882.14539
177.342125 8885.98816
135.264488 8889.83093
169.979432 8893.67249
286.513146 8897.51465
219.580444 8901.35498
169.958058 8905.19531
135.230698 8909.03503
162.501965 8912.87415
88.067021 8916.71326
182.337986 8920.55054
147.655869 8924.38843
184.77533 8928.2251
261.78006 8932.06116
152.641404 8935.89661
172.291586 8939.73206
174.954056 8943.56628
179.982399 8947.3999
189.717262 8951.23352
150.151691 8955.06592
209.774186 8958.89832
179.809965 8962.72949
204.768623 8966.56067
227.03498 8970.39063
115.437817 8974.22058
43.493499 8978.04993
73.253581 8981.87866
135.247437 8985.70618
135.298394 8989.53369
197.165649 8993.36121
80.661457 8997.18689
172.441425 9001.01257
237.065155 9004.83704
132.776139 9008.66211
209.747933 9012.48596
45.960751 9016.3092
160.125992 9020.13184
214.791283 9023.95386
237.025268 9027.77588
48.46306 9031.59668
189.891144 9035.41687
145.245796 9039.23645
127.731405 9043.05603
172.470299 9046.875
152.7052 9050.69275
261.68206 9054.5105
189.725128 9058.32642
122.891972 9062.14294
95.594391 9065.95825
182.528686 9069.77417
179.877166 9073.58826
152.686112 9077.40234
160.019257 9081.21582
31.090138 9085.02869
162.569832 9088.84033
192.319756 9092.65198
80.644635 9096.46301
68.351131 9100.27344
117.866594 9104.08325
155.131569 9107.89246
241.997276 9111.70105
192.376069 9115.50903
182.490158 9119.31641
197.247707 9123.12317
209.529614 9126.92932
274.028434 9130.73547
107.998764 9134.53979
276.455879 9138.34473
194.820603 9142.14783
182.337986 9145.95154
155.17704 9149.75464
167.551819 9153.55652
157.648453 9157.3584
147.600643 9161.15845
169.986511 9164.95972
184.836609 9168.75854
132.85936 9172.55859
105.551506 9176.3562
212.30487 9180.15503
98.007458 9183.95203
179.854862 9187.74902
217.159409 9191.5448
251.732567 9195.34058
259.218529 9199.13574
192.231999 9202.92969
216.853548 9206.72363
103.003343 9210.51636
140.183991 9214.30969
194.902267 9218.10181
177.617051 9221.89331
172.506325 9225.6842
108.034951 9229.47388
115.505596 9233.26416
107.9716 9237.05261
88.151122 9240.84106
73.20802 9244.62891
60.822781 9248.41675
108.012314 9252.20337
147.619019 9255.98938
296.321679 9259.77478
293.836754 9263.55957
-6.102073 9267.34436
23.666148 9271.12732
197.404533 9274.91089
100.61425 9278.69324
95.711035 9282.47559
68.319575 9286.25671
70.843559 9290.03723
83.166141 9293.81775
174.954056 9297.59705
155.183426 9301.37634
117.891251 9305.15381
78.259044 9308.9325
88.228896 9312.70935
36.065534 9316.4856
-45.793015 9320.26123
41.021397 9324.03687
160.025784 9327.8125
150.189075 9331.5863
70.813763 9335.36011
150.264931 9339.13208
157.674781 9342.90527
160.179947 9346.67664
217.277946 9350.448
122.856062 9354.21814
185.092896 9357.98889
73.333509 9361.75842
170.086166 9365.52673
68.379986 9369.29504
78.275623 9373.06274
8.784274 9376.83044
16.232825 9380.5957
70.798797 9384.36218
83.284948 9388.12744
31.112207 9391.89148
90.72109 9395.65613
-35.881173 9399.41956
-63.208892 9403.18237
120.423965 9406.94458
36.098774 9410.70557
-55.81202 9414.46655
100.690871 9418.22693
-23.461449 9421.98669
113.092928 9425.74646
110.527779 9429.50562
103.211935 9433.26294
28.653341 9437.02026
21.199161 9440.77698
70.849401 9444.53369
26.141203 9448.28918
88.195583 9452.04468
50.963627 9455.79834
-3.623646 9459.55261
26.139022 9463.30627
65.926338 9467.05811
60.906474 9470.81055
41.066242 9474.56177
50.989241 9478.31238
18.711484 9482.06238
26.165367 9485.81238
-16.038208 9489.56116
-45.823783 9493.30933
21.189346 9497.05811
58.440466 9500.80505
204.889137 9504.55139
46.010826 9508.29773
70.894604 9512.04346
90.728774 9515.78735
-88.083637 9519.53186
50.952817 9523.27515
60.883587 9527.01843
70.775157 9530.76172
88.169686 9534.50195
140.283359 9538.24341
6.301213 9541.98486
18.704553 9545.72449
85.788207 9549.4635
58.45544 9553.20251
1.340225 9556.94092
-30.936847 9560.67871
70.855526 9564.41589
33.619599 9568.15125
75.843268 9571.88721
-30.916015 9575.62256
177.542168 9579.3573
18.714636 9583.09021
-105.429096 9586.82373
73.342804 9590.55664
63.363216 9594.28955
110.583839 9598.02063
46.014566 9601.7511
-48.30085 9605.48157
75.843268 9609.21143
38.584088 9612.94128
26.139976 9616.66809
3.823445 9620.39612
127.842907 9624.12415
-43.340579 9627.85095
43.511659 9631.57715
63.413932 9635.30151
-40.843872 9639.02649
120.413746 9642.75146
122.943524 9646.47522
135.38367 9650.19714
33.599745 9653.92029
-20.996874 9657.6416
50.980772 9661.36292
46.005028 9665.08423
85.640359 9668.80371
46.014566 9672.52319
75.735062 9676.24207
83.214775 9679.96094
95.703053 9683.67737
83.327446 9687.39441
189.883186 9691.11084
26.15531 9694.82666
36.088108 9698.54248
162.672036 9702.25586
55.954345 9705.96985
1.3383 9709.68323
6.304931 9713.39661
112.997543 9717.10754
46.033996 9720.81909
-8.593075 9724.53064
95.67054 9728.24097
100.61425 9731.94946
150.283936 9735.65918
50.989241 9739.36768
41.057564 9743.07556
55.944903 9746.78284
73.349018 9750.48828
63.379173 9754.19495
68.328027 9757.90039
63.371185 9761.60522
63.419302 9765.30884
55.970913 9769.01245
-65.65148 9772.71606
85.704914 9776.41846
-16.036179 9780.12024
45.991529 9783.82019
130.380516 9787.52136
-16.04895 9791.22131
43.529921 9794.92065
-1.142542 9798.61877
-11.063457 9802.31689
53.450401 9806.0144
103.059391 9809.71191
98.175818 9813.4082
98.167509 9817.10266
58.42827 9820.79773
78.295421 9824.4928
-13.553709 9828.18604
140.21288 9831.87866
53.450401 9835.57129
-11.067623 9839.26331
46.006822 9842.95471
90.648598 9846.64612
65.901143 9850.33569
31.142414 9854.02527
85.730011 9857.71362
-30.908253 9861.40259
28.641241 9865.08911
95.646496 9868.77625
85.740993 9872.46277
23.675224 9876.14929
58.445544 9879.83459
31.139766 9883.51807
28.668087 9887.20215
90.728774 9890.88623
93.127533 9894.56909
90.709591 9898.25012
-18.511611 9901.93115
103.133159 9905.61279
43.551842 9909.29321
3.818748 9912.97302
36.111012 9916.651
-3.626698 9920.3302
-23.476039 9924.00818
38.595539 9927.68494
-100.412316 9931.36047
-65.726366 9935.03723
125.364987 9938.71277
-40.883556 9942.3877
-20.990706 9946.0614
152.814872 9949.7345
-45.802597 9953.40759
-6.10887 9957.08008
23.678214 9960.75195
28.646071 9964.422
16.225319 9968.09265
33.61662 9971.7627
-55.771664 9975.43152
-25.976719 9979.10095
155.261989 9982.76733
-3.625015 9986.43494
36.104883 9990.10193
33.638172 9993.76831
41.064505 9997.43286
95.719298 10001.09802
8.78859 10004.76257
103.124305 10008.42651
85.799151 10012.08923
43.531622 10015.75134
53.475315 10019.41284
-48.31321 10023.07434
93.253285 10026.73523
11.266246 10030.39429
-23.49103 10034.05334
-21.009288 10037.71179
-11.081669 10041.37024
41.067845 10045.02808
93.225546 10048.68408
103.163749 10052.34009
-53.273894 10055.99609
-3.626086 10059.65149
8.788353 10063.30444
55.956709 10066.95862
58.433067 10070.61218
80.820568 10074.26453
-70.670186 10077.91626
127.950226 10081.56677
70.816601 10085.21729
41.023111 10088.8678
46.069259 10092.51709
-18.52658 10096.16577
-21.0084 10099.81384
-48.350006 10103.4613
-58.260967 10107.10754
-18.517056 10110.75439
28.635218 10114.39941
-6.113281 10118.04443
-25.970257 10121.68884
23.692245 10125.33325
83.284948 10128.97522
-53.276276 10132.6178
13.749617 10136.26038
-33.411899 10139.90112
90.724931 10143.54187
-28.454636 10147.1814
13.747879 10150.82153
105.511625 10154.46045
88.251297 10158.09937
-1.143358 10161.73523
-13.560013 10165.3717
26.15531 10169.00879
21.20544 10172.64404
33.626591 10176.27991
53.488759 10179.91333
93.237561 10183.54675
43.58163 10187.18018
88.262519 10190.81299
1.339676 10194.44397
70.870381 10198.07495
23.688224 10201.70593
68.38854 10205.33691
48.511945 10208.96606
-85.641629 10212.5946
28.643657 10216.22253
140.455387 10219.85046
-70.62252 10223.47778
-16.043636 10227.10327
-68.208755 10230.72876
38.563072 10234.35364
-16.02944 10237.97852
-1.143986 10241.60278
-88.012825 10245.22461
55.956709 10248.84766
-50.796807 10252.46948
23.692245 10256.09131
-33.417405 10259.71069
-25.97892 10263.3313
-48.309132 10266.94946
80.782904 10270.56885
26.147629 10274.18823
41.062636 10277.80396
60.939945 10281.4209
41.048914 10285.03784
43.529921 10288.65479
48.507847 10292.26807
110.560356 10295.88135
53.466151 10299.49707
43.564777 10303.10913
-30.934232 10306.72241
1.339203 10310.33325
-58.278293 10313.94531
-11.084038 10317.55493
6.303068 10321.16577
-6.107837 10324.77417
55.940192 10328.38257
-3.626869 10331.99097
28.656982 10335.59937
100.682325 10339.20654
-8.599663 10342.81128
-55.73639 10346.41724
-68.153954 10350.02197
-100.446171 10353.62671
80.83088 10357.229
-33.416129 10360.83252
-18.521095 10364.43481
125.480862 10368.03711
-16.040919 10371.6394
-20.988068 10375.23804
16.229273 10378.83789
88.277523 10382.43774
-16.038208 10386.03638
38.616936 10389.63257
-60.740361 10393.2312
11.270048 10396.82861
