0.0 2730.0
0.0 2735.0
0.0 2740.0
0.0 2745.0
0.0 2750.0
0.0 2755.0
0.0 2760.0
0.0 2765.0
0.0 2770.0
0.0 2775.0
0.0 2780.0
0.0 2785.0
0.0 2790.0
0.0 2795.0
0.0 2800.0
0.0 2805.0
0.0 2810.0
0.0 2815.0
0.0 2820.0
0.0 2825.0
0.0 2830.0
0.0 2835.0
0.0 2840.0
0.0 2845.0
0.0 2850.0
0.0 2855.0
0.0 2860.0
0.0 2865.0
0.0 2870.0
0.0 2875.0
0.0 2880.0
0.0 2885.0
0.0 2890.0
0.0 2895.0
0.0 2900.0
0.0 2905.0
0.0 2910.0
0.0 2915.0
0.0 2920.0
0.0 2925.0
0.0 2930.0
0.0 2935.0
0.0 2940.0
0.0 2945.0
0.0 2950.0
0.0 2955.0
0.0 2960.0
0.0 2965.0
0.0 2970.0
0.0 2975.0
0.0 2980.0
0.0 2985.0
0.0 2990.0
0.0 2995.0
0.00011163 3000.0
0.00029138 3005.0
0.00027713 3010.0
0.00022436 3015.0
0.00019126 3020.0
0.00021112 3025.0
0.00019428 3030.0
0.00024037 3035.0
0.00030266 3040.0
0.00026483 3045.0
0.00023308 3050.0
0.0001998 3055.0
0.00014844 3060.0
0.00017489 3065.0
0.00020833 3070.0
0.00024847 3075.0
0.00028735 3080.0
0.0003016 3085.0
0.00028319 3090.0
0.00027302 3095.0
0.00027394 3100.0
0.00028681 3105.0
0.00030274 3110.0
0.00022844 3115.0
0.0001428 3120.0
0.00010061 3125.0
0.00010464 3130.0
0.00014628 3135.0
0.00016914 3140.0
0.00016727 3145.0
0.00015223 3150.0
9.7983e-05 3155.0
9.3332e-05 3160.0
0.00010655 3165.0
0.00013038 3170.0
0.00021137 3175.0
0.00026113 3180.0
0.0002572 3185.0
0.00029764 3190.0
0.00029401 3195.0
0.00033222 3200.0
0.00040281 3205.0
0.00037825 3210.0
0.00038953 3215.0
0.00028048 3220.0
0.0002029 3225.0
0.0001903 3230.0
0.00017166 3235.0
0.00026224 3240.0
0.00034761 3245.0
0.0003753 3250.0
0.00038476 3255.0
0.0003122 3260.0
0.0002405 3265.0
0.00021849 3270.0
0.00024324 3275.0
0.00031176 3280.0
0.00037481 3285.0
0.00039314 3290.0
0.00037595 3295.0
0.0003112 3300.0
0.00029815 3305.0
0.00032859 3310.0
0.00035092 3315.0
0.00039725 3320.0
0.00040411 3325.0
0.00036468 3330.0
0.00035579 3335.0
0.00034584 3340.0
0.00035465 3345.0
0.00037034 3350.0
0.00037183 3355.0
0.000334 3360.0
0.0002661 3365.0
0.00023301 3370.0
0.00026127 3375.0
0.00031178 3380.0
0.00033233 3385.0
0.00034823 3390.0
0.00033376 3395.0
0.00036314 3400.0
0.00040547 3405.0
0.00040542 3410.0
0.00036428 3415.0
0.00033417 3420.0
0.00034793 3425.0
0.0003801 3430.0
0.00042346 3435.0
0.00037694 3440.0
0.00036015 3445.0
0.00034387 3450.0
0.00035322 3455.0
0.00040418 3460.0
0.0003937 3465.0
0.00040579 3470.0
0.00039118 3475.0
0.00039554 3480.0
0.00041547 3485.0
0.00041826 3490.0
0.00039837 3495.0
0.00033805 3500.0
0.00023578 3505.0
0.00017717 3510.0
0.00018765 3515.0
0.00024301 3520.0
0.00033419 3525.0
0.00041118 3530.0
0.0004704 3535.0
0.00048163 3540.0
0.00043028 3545.0
0.00035008 3550.0
0.00030823 3555.0
0.00033561 3560.0
0.00033258 3565.0
0.00039531 3570.0
0.00042062 3575.0
0.0004274 3580.0
0.00049837 3585.0
0.00047299 3590.0
0.00042969 3595.0
0.00042775 3600.0
0.0004147 3605.0
0.00042045 3610.0
0.00043148 3615.0
0.00039934 3620.0
0.00039444 3625.0
0.00044313 3630.0
0.00054333 3635.0
0.00062657 3640.0
0.00063019 3645.0
0.00058718 3650.0
0.00052151 3655.0
0.00048725 3660.0
0.0004814 3665.0
0.00047225 3670.0
0.00045134 3675.0
0.0004603 3680.0
0.00049899 3685.0
0.00056145 3690.0
0.00059007 3695.0
0.00058051 3700.0
0.00059293 3705.0
0.00058338 3710.0
0.00059254 3715.0
0.00059964 3720.0
0.00054655 3725.0
0.00051704 3730.0
0.00051335 3735.0
0.00053963 3740.0
0.0005821 3745.0
0.00061131 3750.0
0.00061647 3755.0
0.00062198 3760.0
0.00058445 3765.0
0.00059654 3770.0
0.00056596 3775.0
0.00057453 3780.0
0.00059833 3785.0
0.00062208 3790.0
0.00064877 3795.0
0.00068134 3800.0
0.00069496 3805.0
0.00068031 3810.0
0.0006946 3815.0
0.00069712 3820.0
0.00072756 3825.0
0.00073657 3830.0
0.00070461 3835.0
0.00070675 3840.0
0.00072566 3845.0
0.00074124 3850.0
0.00074768 3855.0
0.00076557 3860.0
0.0007934 3865.0
0.00083654 3870.0
0.00088567 3875.0
0.00086954 3880.0
0.00087848 3885.0
0.00088634 3890.0
0.00089854 3895.0
0.00094985 3900.0
0.0010262 3905.0
0.0010826 3910.0
0.0011419 3915.0
0.0011704 3920.0
0.0011407 3925.0
0.0011633 3930.0
0.0011655 3935.0
0.0011545 3940.0
0.0011845 3945.0
0.0011958 3950.0
0.0012306 3955.0
0.0012576 3960.0
0.001272 3965.0
0.0012766 3970.0
0.0013154 3975.0
0.001373 3980.0
0.0014759 3985.0
0.0016279 3990.0
0.0017792 3995.0
0.0018743 4000.0
0.0019224 4005.0
0.0019837 4010.0
0.0020838 4015.0
0.002199 4020.0
0.0023205 4025.0
0.0023876 4030.0
0.0024938 4035.0
0.0026502 4040.0
0.0028153 4045.0
0.0030423 4050.0
0.0032938 4055.0
0.0035433 4060.0
0.0038152 4065.0
0.0041143 4070.0
0.0044292 4075.0
0.0047599 4080.0
0.0051008 4085.0
0.0054499 4090.0
0.0058812 4095.0
0.0064055 4100.0
0.006955 4105.0
0.007534 4110.0
0.0081305 4115.0
0.0087686 4120.0
0.0094359 4125.0
0.010178 4130.0
0.010967 4135.0
0.011845 4140.0
0.012712 4145.0
0.013704 4150.0
0.01485 4155.0
0.016219 4160.0
0.017695 4165.0
0.019122 4170.0
0.020574 4175.0
0.022108 4180.0
0.023851 4185.0
0.025684 4190.0
0.027652 4195.0
0.029792 4200.0
0.032021 4205.0
0.03438 4210.0
0.036802 4215.0
0.03944 4220.0
0.042304 4225.0
0.045323 4230.0
0.048308 4235.0
0.051388 4240.0
0.054488 4245.0
0.057739 4250.0
0.061045 4255.0
0.064583 4260.0
0.068121 4265.0
0.071854 4270.0
0.075791 4275.0
0.079832 4280.0
0.083791 4285.0
0.087736 4290.0
0.091852 4295.0
0.096125 4300.0
0.10048 4305.0
0.10455 4310.0
0.10843 4315.0
0.11269 4320.0
0.11737 4325.0
0.1221 4330.0
0.1266 4335.0
0.13095 4340.0
0.13542 4345.0
0.14034 4350.0
0.14534 4355.0
0.15036 4360.0
0.15539 4365.0
0.16069 4370.0
0.16592 4375.0
0.17083 4380.0
0.17492 4385.0
0.17882 4390.0
0.18301 4395.0
0.18709 4400.0
0.19116 4405.0
0.1942 4410.0
0.19664 4415.0
0.19876 4420.0
0.20004 4425.0
0.20113 4430.0
0.20152 4435.0
0.20146 4440.0
0.20105 4445.0
0.20004 4450.0
0.19832 4455.0
0.196 4460.0
0.1927 4465.0
0.18882 4470.0
0.18468 4475.0
0.18 4480.0
0.17491 4485.0
0.16931 4490.0
0.16341 4495.0
0.15759 4500.0
0.15166 4505.0
0.14579 4510.0
0.13974 4515.0
0.1337 4520.0
0.12779 4525.0
0.12189 4530.0
0.11627 4535.0
0.11085 4540.0
0.10578 4545.0
0.10107 4550.0
0.096451 4555.0
0.092013 4560.0
0.087932 4565.0
0.084232 4570.0
0.080755 4575.0
0.077374 4580.0
0.074031 4585.0
0.070917 4590.0
0.068027 4595.0
0.065353 4600.0
0.06293 4605.0
0.0607 4610.0
0.05849 4615.0
0.056415 4620.0
0.054394 4625.0
0.052523 4630.0
0.050704 4635.0
0.048921 4640.0
0.047234 4645.0
0.045634 4650.0
0.044217 4655.0
0.04274 4660.0
0.041276 4665.0
0.03984 4670.0
0.038561 4675.0
0.037318 4680.0
0.036154 4685.0
0.034786 4690.0
0.033501 4695.0
0.032422 4700.0
0.031503 4705.0
0.030795 4710.0
0.029952 4715.0
0.029008 4720.0
0.028168 4725.0
0.027466 4730.0
0.026933 4735.0
0.026425 4740.0
0.025831 4745.0
0.025242 4750.0
0.024745 4755.0
0.024298 4760.0
0.023878 4765.0
0.023422 4770.0
0.02303 4775.0
0.022689 4780.0
0.022448 4785.0
0.022216 4790.0
0.021978 4795.0
0.021755 4800.0
0.021511 4805.0
0.021309 4810.0
0.021072 4815.0
0.020928 4820.0
0.020792 4825.0
0.02065 4830.0
0.020569 4835.0
0.020522 4840.0
0.020545 4845.0
0.020603 4850.0
0.020634 4855.0
0.020683 4860.0
0.020755 4865.0
0.020909 4870.0
0.021107 4875.0
0.021327 4880.0
0.021529 4885.0
0.021793 4890.0
0.022097 4895.0
0.022505 4900.0
0.022929 4905.0
0.023395 4910.0
0.023842 4915.0
0.024333 4920.0
0.024835 4925.0
0.025512 4930.0
0.026207 4935.0
0.02691 4940.0
0.027561 4945.0
0.028229 4950.0
0.02899 4955.0
0.02975 4960.0
0.030572 4965.0
0.031379 4970.0
0.032276 4975.0
0.033214 4980.0
0.034144 4985.0
0.035033 4990.0
0.035943 4995.0
0.036911 5000.0
0.03795 5005.0
0.039024 5010.0
0.040103 5015.0
0.041186 5020.0
0.042314 5025.0
0.043468 5030.0
0.044622 5035.0
0.045871 5040.0
0.047145 5045.0
0.048401 5050.0
0.049641 5055.0
0.050814 5060.0
0.051986 5065.0
0.053217 5070.0
0.054494 5075.0
0.055793 5080.0
0.056961 5085.0
0.058139 5090.0
0.059353 5095.0
0.060688 5100.0
0.062008 5105.0
0.063236 5110.0
0.064396 5115.0
0.065573 5120.0
0.066801 5125.0
0.068068 5130.0
0.069373 5135.0
0.070673 5140.0
0.071903 5145.0
0.073006 5150.0
0.07412 5155.0
0.075272 5160.0
0.076442 5165.0
0.077651 5170.0
0.078759 5175.0
0.079823 5180.0
0.080888 5185.0
0.081866 5190.0
0.082802 5195.0
0.083722 5200.0
0.084698 5205.0
0.085747 5210.0
0.086825 5215.0
0.08777 5220.0
0.088641 5225.0
0.089488 5230.0
0.090402 5235.0
0.091318 5240.0
0.092141 5245.0
0.092872 5250.0
0.09358 5255.0
0.094393 5260.0
0.095309 5265.0
0.096178 5270.0
0.096892 5275.0
0.097544 5280.0
0.09818 5285.0
0.09884 5290.0
0.099369 5295.0
0.099888 5300.0
0.10046 5305.0
0.10115 5310.0
0.1017 5315.0
0.10223 5320.0
0.10272 5325.0
0.10324 5330.0
0.10385 5335.0
0.10431 5340.0
0.10487 5345.0
0.10536 5350.0
0.10585 5355.0
0.1063 5360.0
0.10669 5365.0
0.10695 5370.0
0.10725 5375.0
0.10757 5380.0
0.10802 5385.0
0.10845 5390.0
0.10873 5395.0
0.10904 5400.0
0.10933 5405.0
0.10953 5410.0
0.10981 5415.0
0.11003 5420.0
0.11036 5425.0
0.11064 5430.0
0.1108 5435.0
0.11109 5440.0
0.11142 5445.0
0.11177 5450.0
0.11203 5455.0
0.11215 5460.0
0.11236 5465.0
0.11255 5470.0
0.11274 5475.0
0.11286 5480.0
0.11295 5485.0
0.11313 5490.0
0.11328 5495.0
0.11352 5500.0
0.11377 5505.0
0.11399 5510.0
0.11411 5515.0
0.11416 5520.0
0.11427 5525.0
0.11439 5530.0
0.11456 5535.0
0.11467 5540.0
0.11481 5545.0
0.11487 5550.0
0.11495 5555.0
0.11507 5560.0
0.11519 5565.0
0.11527 5570.0
0.11529 5575.0
0.11526 5580.0
0.1153 5585.0
0.11532 5590.0
0.11536 5595.0
0.11539 5600.0
0.11537 5605.0
0.11536 5610.0
0.11531 5615.0
0.11526 5620.0
0.11522 5625.0
0.11506 5630.0
0.11489 5635.0
0.11465 5640.0
0.11452 5645.0
0.11436 5650.0
0.11418 5655.0
0.11399 5660.0
0.11393 5665.0
0.11391 5670.0
0.11393 5675.0
0.11392 5680.0
0.11381 5685.0
0.11369 5690.0
0.11346 5695.0
0.11311 5700.0
0.11272 5705.0
0.11239 5710.0
0.11217 5715.0
0.11207 5720.0
0.11193 5725.0
0.11165 5730.0
0.11134 5735.0
0.11116 5740.0
0.11096 5745.0
0.11084 5750.0
0.11056 5755.0
0.11031 5760.0
0.11005 5765.0
0.10979 5770.0
0.10962 5775.0
0.10935 5780.0
0.10894 5785.0
0.10853 5790.0
0.10815 5795.0
0.10787 5800.0
0.10755 5805.0
0.10727 5810.0
0.10703 5815.0
0.10674 5820.0
0.10634 5825.0
0.10593 5830.0
0.10558 5835.0
0.10524 5840.0
0.10475 5845.0
0.10412 5850.0
0.10361 5855.0
0.10337 5860.0
0.10311 5865.0
0.10273 5870.0
0.10206 5875.0
0.10146 5880.0
0.101 5885.0
0.10065 5890.0
0.10027 5895.0
0.09978 5900.0
0.099213 5905.0
0.098758 5910.0
0.09844 5915.0
0.098072 5920.0
0.097648 5925.0
0.097183 5930.0
0.096635 5935.0
0.096141 5940.0
0.095559 5945.0
0.094958 5950.0
0.094282 5955.0
0.093614 5960.0
0.093116 5965.0
0.092717 5970.0
0.092273 5975.0
0.091759 5980.0
0.091179 5985.0
0.09068 5990.0
0.090215 5995.0
0.089698 6000.0
0.089071 6005.0
0.08841 6010.0
0.08782 6015.0
0.087244 6020.0
0.086704 6025.0
0.086069 6030.0
0.085383 6035.0
0.084762 6040.0
0.084131 6045.0
0.083542 6050.0
0.082947 6055.0
0.082326 6060.0
0.081844 6065.0
0.081209 6070.0
0.080594 6075.0
0.079921 6080.0
0.079349 6085.0
0.078864 6090.0
0.078445 6095.0
0.077931 6100.0
0.077355 6105.0
0.076635 6110.0
0.075894 6115.0
0.075109 6120.0
0.074359 6125.0
0.073711 6130.0
0.073149 6135.0
0.072546 6140.0
0.072068 6145.0
0.07159 6150.0
0.071126 6155.0
0.070519 6160.0
0.069739 6165.0
0.069029 6170.0
0.068299 6175.0
0.067597 6180.0
0.067051 6185.0
0.066546 6190.0
0.06597 6195.0
0.065262 6200.0
0.064533 6205.0
0.064075 6210.0
0.063603 6215.0
0.0631 6220.0
0.062534 6225.0
0.061873 6230.0
0.061313 6235.0
0.060733 6240.0
0.060193 6245.0
0.05969 6250.0
0.059157 6255.0
0.0585 6260.0
0.057781 6265.0
0.057094 6270.0
0.056525 6275.0
0.056022 6280.0
0.055573 6285.0
0.055162 6290.0
0.054656 6295.0
0.054153 6300.0
0.053733 6305.0
0.05324 6310.0
0.052674 6315.0
0.051928 6320.0
0.05129 6325.0
0.050737 6330.0
0.050286 6335.0
0.049962 6340.0
0.049582 6345.0
0.049117 6350.0
0.048445 6355.0
0.047729 6360.0
0.047124 6365.0
0.046709 6370.0
0.04632 6375.0
0.045962 6380.0
0.04545 6385.0
0.044949 6390.0
0.044448 6395.0
0.044004 6400.0
0.043523 6405.0
0.043037 6410.0
0.042613 6415.0
0.042177 6420.0
0.041582 6425.0
0.040973 6430.0
0.040528 6435.0
0.040242 6440.0
0.039823 6445.0
0.039359 6450.0
0.038812 6455.0
0.038394 6460.0
0.037915 6465.0
0.037515 6470.0
0.037156 6475.0
0.036747 6480.0
0.036348 6485.0
0.035917 6490.0
0.035563 6495.0
0.035154 6500.0
0.034717 6505.0
0.034327 6510.0
0.033931 6515.0
0.033523 6520.0
0.033074 6525.0
0.032692 6530.0
0.032324 6535.0
0.031998 6540.0
0.031639 6545.0
0.031321 6550.0
0.030938 6555.0
0.030507 6560.0
0.029999 6565.0
0.029542 6570.0
0.029184 6575.0
0.028907 6580.0
0.028625 6585.0
0.028294 6590.0
0.028015 6595.0
0.027681 6600.0
0.027353 6605.0
0.026923 6610.0
0.026555 6615.0
0.026175 6620.0
0.025819 6625.0
0.025517 6630.0
0.025228 6635.0
0.024911 6640.0
0.024541 6645.0
0.024153 6650.0
0.02384 6655.0
0.023595 6660.0
0.023397 6665.0
0.023127 6670.0
0.022831 6675.0
0.022458 6680.0
0.022156 6685.0
0.021852 6690.0
0.021552 6695.0
0.021318 6700.0
0.021054 6705.0
0.02084 6710.0
0.020478 6715.0
0.020114 6720.0
0.019877 6725.0
0.019714 6730.0
0.01957 6735.0
0.019349 6740.0
0.019067 6745.0
0.018775 6750.0
0.018542 6755.0
0.018326 6760.0
0.018083 6765.0
0.017894 6770.0
0.017745 6775.0
0.017504 6780.0
0.017279 6785.0
0.017103 6790.0
0.01691 6795.0
0.016632 6800.0
0.01631 6805.0
0.016175 6810.0
0.015986 6815.0
0.015781 6820.0
0.015541 6825.0
0.015318 6830.0
0.015119 6835.0
0.014921 6840.0
0.01476 6845.0
0.01463 6850.0
0.014469 6855.0
0.014315 6860.0
0.014112 6865.0
0.013855 6870.0
0.013646 6875.0
0.013494 6880.0
0.013335 6885.0
0.013107 6890.0
0.012898 6895.0
0.012775 6900.0
0.012588 6905.0
0.012453 6910.0
0.012294 6915.0
0.01216 6920.0
0.011957 6925.0
0.011856 6930.0
0.011774 6935.0
0.011706 6940.0
0.011536 6945.0
0.011385 6950.0
0.01127 6955.0
0.011189 6960.0
0.011047 6965.0
0.010864 6970.0
0.010635 6975.0
0.01042 6980.0
0.01024 6985.0
0.010123 6990.0
0.0099762 6995.0
0.0097982 7000.0
0.0096632 7005.0
0.0095936 7010.0
0.0094898 7015.0
0.009279 7020.0
0.0090883 7025.0
0.0090068 7030.0
0.0089558 7035.0
0.0089102 7040.0
0.0088293 7045.0
0.0087633 7050.0
0.0086325 7055.0
0.0084835 7060.0
0.0083147 7065.0
0.0082297 7070.0
0.0081463 7075.0
0.0080392 7080.0
0.0079808 7085.0
0.0079713 7090.0
0.0079422 7095.0
0.007761 7100.0
0.0075421 7105.0
0.0074136 7110.0
0.0072996 7115.0
0.0072337 7120.0
0.0072529 7125.0
0.0072093 7130.0
0.0070366 7135.0
0.0067962 7140.0
0.0066556 7145.0
0.0065973 7150.0
0.0066202 7155.0
0.0065908 7160.0
0.0065724 7165.0
0.0064644 7170.0
0.0064463 7175.0
0.006292 7180.0
0.0061814 7185.0
0.0060216 7190.0
0.0059405 7195.0
0.005882 7200.0
0.005881 7205.0
0.005849 7210.0
0.0056849 7215.0
0.0055712 7220.0
0.0054597 7225.0
0.0053972 7230.0
0.005283 7235.0
0.0052587 7240.0
0.0052191 7245.0
0.0051688 7250.0
0.0051331 7255.0
0.0050784 7260.0
0.005032 7265.0
0.0049722 7270.0
0.0049387 7275.0
0.0048649 7280.0
0.0047685 7285.0
0.0047106 7290.0
0.0046564 7295.0
0.0046264 7300.0
0.0045437 7305.0
0.0044452 7310.0
0.0043433 7315.0
0.0042407 7320.0
0.0042312 7325.0
0.004163 7330.0
0.0041096 7335.0
0.0040426 7340.0
0.0040361 7345.0
0.0040383 7350.0
0.0040183 7355.0
0.0039855 7360.0
0.0039737 7365.0
0.0039566 7370.0
0.0038041 7375.0
0.0036614 7380.0
0.0035995 7385.0
0.0035919 7390.0
0.0035673 7395.0
0.0036031 7400.0
0.0036564 7405.0
0.0037526 7410.0
0.0036974 7415.0
0.0036127 7420.0
0.0035008 7425.0
0.003419 7430.0
0.0033108 7435.0
0.0031747 7440.0
0.003049 7445.0
0.0030048 7450.0
0.0030795 7455.0
0.0031176 7460.0
0.0030616 7465.0
0.0029713 7470.0
0.0028722 7475.0
0.0028368 7480.0
0.0027954 7485.0
0.0028462 7490.0
0.0028734 7495.0
0.0029053 7500.0
0.0028916 7505.0
0.0028714 7510.0
0.0026353 7515.0
0.0024737 7520.0
0.0023858 7525.0
0.0024215 7530.0
0.0023826 7535.0
0.0025365 7540.0
0.0026129 7545.0
0.0025326 7550.0
0.002407 7555.0
0.0023754 7560.0
0.0023101 7565.0
0.0021881 7570.0
0.0022123 7575.0
0.0022499 7580.0
0.0022746 7585.0
0.0023476 7590.0
0.0024371 7595.0
0.0024223 7600.0
0.0022058 7605.0
0.00213 7610.0
0.0020772 7615.0
0.0020232 7620.0
0.0019435 7625.0
0.0019275 7630.0
0.0019171 7635.0
0.0019255 7640.0
0.0019099 7645.0
0.001864 7650.0
0.0018306 7655.0
0.0018929 7660.0
0.0017715 7665.0
0.0016735 7670.0
0.0016487 7675.0
0.0018548 7680.0
0.0019454 7685.0
0.0019663 7690.0
0.0019073 7695.0
0.0018091 7700.0
0.0017562 7705.0
0.0017062 7710.0
0.0016887 7715.0
0.0017871 7720.0
0.0017126 7725.0
0.0015543 7730.0
0.0014604 7735.0
0.0015294 7740.0
0.0015446 7745.0
0.0015169 7750.0
0.0014727 7755.0
0.001476 7760.0
0.0014536 7765.0
0.0014787 7770.0
0.001494 7775.0
0.0013979 7780.0
0.0013572 7785.0
0.0014038 7790.0
0.0016039 7795.0
0.0015535 7800.0
0.0014249 7805.0
0.0013883 7810.0
0.0014784 7815.0
0.0015995 7820.0
0.0014486 7825.0
0.0012221 7830.0
0.001158 7835.0
0.0012223 7840.0
0.0012082 7845.0
0.0012406 7850.0
0.0012932 7855.0
0.0012264 7860.0
0.0010931 7865.0
0.0011293 7870.0
0.0010192 7875.0
0.00096169 7880.0
0.00094469 7885.0
0.001021 7890.0
0.0011895 7895.0
0.0012445 7900.0
0.0011441 7905.0
0.0011027 7910.0
0.0010196 7915.0
0.0010016 7920.0
0.0010613 7925.0
0.0011497 7930.0
0.0013133 7935.0
0.0012397 7940.0
0.0012861 7945.0
0.0011818 7950.0
0.0010404 7955.0
0.00083696 7960.0
0.0010916 7965.0
0.0013571 7970.0
0.0014608 7975.0
0.0013961 7980.0
0.0013306 7985.0
0.0011933 7990.0
0.0010156 7995.0
0.0008915 8000.0
0.00095429 8005.0
0.0010533 8010.0
0.001124 8015.0
0.0011501 8020.0
0.0010578 8025.0
0.00074633 8030.0
0.00040065 8035.0
0.00028496 8040.0
0.00041514 8045.0
0.00086061 8050.0
0.0011126 8055.0
0.0010775 8060.0
0.00084452 8065.0
0.00051669 8070.0
0.00051382 8075.0
0.00067468 8080.0
0.00077658 8085.0
0.00069147 8090.0
0.00071844 8095.0
0.00093703 8100.0
0.0010462 8105.0
0.00092444 8110.0
0.00058148 8115.0
0.00033821 8120.0
0.00040067 8125.0
0.00063677 8130.0
0.0007671 8135.0
0.00059809 8140.0
0.00060259 8145.0
0.00093019 8150.0
0.00085754 8155.0
0.00056785 8160.0
0.00045596 8165.0
0.00060117 8170.0
0.00066355 8175.0
0.00066523 8180.0
0.00049055 8185.0
0.00058449 8190.0
0.00077627 8195.0
0.00087243 8200.0
0.0011234 8205.0
0.0014049 8210.0
0.0009458 8215.0
0.00018689 8220.0
0.0 8225.0
4.2151e-05 8230.0
0.00052728 8235.0
0.00066266 8240.0
0.00069498 8245.0
0.0008757 8250.0
0.00069407 8255.0
0.00031179 8260.0
0.00038828 8265.0
0.00060435 8270.0
0.00057054 8275.0
0.00058736 8280.0
0.00068662 8285.0
0.00086635 8290.0
0.0008346 8295.0
0.00082708 8300.0
0.0006447 8305.0
0.00090488 8310.0
0.00083506 8315.0
0.00077014 8320.0
0.00059064 8325.0
0.00058495 8330.0
0.00043153 8335.0
0.00052982 8340.0
0.00061306 8345.0
0.00077041 8350.0
0.00052707 8355.0
0.00030867 8360.0
0.00052278 8365.0
0.00081508 8370.0
0.00082747 8375.0
0.0005591 8380.0
0.00065632 8385.0
0.00050403 8390.0
0.00033299 8395.0
0.0007269 8400.0
0.0010903 8405.0
0.001327 8410.0
0.001353 8415.0
0.0017382 8420.0
0.0017034 8425.0
0.0017094 8430.0
0.0014319 8435.0
0.001121 8440.0
0.0010366 8445.0
0.0010096 8450.0
0.00081817 8455.0
0.00034474 8460.0
0.00050078 8465.0
0.0009586 8470.0
0.0011936 8475.0
0.0014123 8480.0
0.0017746 8485.0
0.0019439 8490.0
0.0019143 8495.0
0.0017143 8500.0
0.0017818 8505.0
0.0017788 8510.0
0.0014129 8515.0
0.0010103 8520.0
0.00060639 8525.0
0.00084708 8530.0
0.0011654 8535.0
0.0012529 8540.0
0.00097927 8545.0
0.0010025 8550.0
0.0011675 8555.0
0.0013535 8560.0
0.0019945 8565.0
0.0021289 8570.0
0.0015174 8575.0
0.0011306 8580.0
0.0014204 8585.0
0.0016167 8590.0
0.0018538 8595.0
0.0018615 8600.0
0.0023529 8605.0
0.0028802 8610.0
0.0026112 8615.0
0.0016487 8620.0
0.0017397 8625.0
0.0020715 8630.0
0.0018809 8635.0
0.0019491 8640.0
0.0023939 8645.0
0.0024383 8650.0
0.0022708 8655.0
0.0023297 8660.0
0.002668 8665.0
0.0023117 8670.0
0.0022371 8675.0
0.0021934 8680.0
0.002462 8685.0
0.002681 8690.0
0.0028496 8695.0
0.0022972 8700.0
0.0021588 8705.0
0.0026101 8710.0
0.0032496 8715.0
0.0035831 8720.0
0.0035593 8725.0
0.0029753 8730.0
0.0026366 8735.0
0.0025003 8740.0
0.0026199 8745.0
0.0034546 8750.0
0.0046203 8755.0
0.0051282 8760.0
0.0039315 8765.0
0.0031262 8770.0
0.0035039 8775.0
0.0033848 8780.0
0.003249 8785.0
0.004411 8790.0
0.0044221 8795.0
0.0034002 8800.0
0.0031463 8805.0
0.0039907 8810.0
0.0045656 8815.0
0.0044224 8820.0
0.0042295 8825.0
0.0042732 8830.0
0.0047692 8835.0
0.0048385 8840.0
0.0049035 8845.0
0.0048729 8850.0
0.0049894 8855.0
0.0050362 8860.0
0.0049612 8865.0
0.0046415 8870.0
0.0045374 8875.0
0.0041018 8880.0
0.0040769 8885.0
0.0048709 8890.0
0.0048584 8895.0
0.003866 8900.0
0.0033915 8905.0
0.0035446 8910.0
0.0040225 8915.0
0.0051631 8920.0
0.0049133 8925.0
0.004883 8930.0
0.0052664 8935.0
0.0046165 8940.0
0.0029994 8945.0
0.0031691 8950.0
0.004358 8955.0
0.0040276 8960.0
0.0033296 8965.0
0.0036079 8970.0
0.0037585 8975.0
0.0040995 8980.0
0.0041054 8985.0
0.0043415 8990.0
8.124e-05 8995.0
0.0 9045.0
0.0 9095.03703704
0.0 9145.07407407
0.0 9195.11111111
0.0 9245.14814815
0.0 9295.18518519
0.0 9345.22222222
0.0 9395.25925926
0.0 9445.2962963
0.0 9495.33333333
0.0 9545.37037037
0.0 9595.40740741
0.0 9645.44444444
0.0 9695.48148148
0.0 9745.51851852
0.0 9795.55555556
0.0 9845.59259259
0.0 9895.62962963
0.0 9945.66666667
0.0 9995.7037037
0.0 10045.7407407
0.0 10095.7777778
0.0 10145.8148148
0.0 10195.8518519
0.0 10245.8888889
0.0 10295.9259259
0.0 10345.962963
0.0 10396.0
