0.0 1883.01102
0.0 1887.64923
26.074281 1892.28699
-3.724024 1896.92459
53.322094 1901.56158
-21.102359 1906.19812
-78.227187 1910.83435
-40.964999 1915.47043
-43.441195 1920.1059
-1.240551 1924.74091
-142.603901 1929.37561
-43.417596 1934.01001
115.399922 1938.6441
28.525779 1943.27759
-107.909878 1947.91077
-60.790777 1952.54349
40.936025 1957.17575
50.853761 1961.80786
60.809542 1966.43951
-50.882858 1971.07071
73.175254 1975.70145
43.456404 1980.33203
-18.611612 1984.96216
26.052438 1989.59167
55.838478 1994.22089
-73.244925 1998.84979
35.989216 2003.47855
43.46194 2008.10654
28.55943 2012.73422
8.685927 2017.3616
-8.692898 2021.98853
-50.904493 2026.61514
-50.89373 2031.2413
-26.062153 2035.867
-3.726532 2040.4924
-95.633496 2045.11734
11.177418 2049.74197
-93.107989 2054.36615
18.632743 2058.99002
-31.045958 2063.61343
-31.042006 2068.23654
110.501654 2072.85919
26.063262 2077.48123
70.81879 2082.10327
-23.588495 2086.72485
-83.183493 2091.34583
-16.14267 2095.96649
-48.447052 2100.5867
16.131694 2105.20676
36.007468 2109.82635
26.083282 2114.44534
78.208561 2119.06403
50.902872 2123.6824
-1.241352 2128.30048
16.13973 2132.91779
23.61766 2137.53494
-3.722457 2142.15179
-43.481911 2146.76819
-1.241405 2151.38412
65.781874 2155.9996
-1.241772 2160.61493
18.626542 2165.22949
1.242584 2169.84406
23.596462 2174.45801
55.883341 2179.07166
-1.241985 2183.68484
40.979215 2188.29773
108.011698 2192.91031
31.017381 2197.52228
40.961859 2202.13379
-80.702075 2206.745
23.593453 2211.35574
-23.585368 2215.96634
-95.508501 2220.57648
-21.096131 2225.186
-28.531554 2229.79553
-18.614744 2234.4043
75.714495 2239.01276
-167.687199 2243.62076
-11.175221 2248.22845
-38.468453 2252.83569
170.2364 2257.44278
28.555796 2262.0491
8.696243 2266.65512
3.721193 2271.26114
-13.651961 2275.86639
-8.689211 2280.47119
6.20805 2285.07568
-63.289356 2289.67972
-23.588495 2294.28345
-93.123762 2298.88687
-3.722749 2303.48984
16.152237 2308.09219
16.142601 2312.6944
-16.139933 2317.29614
68.288942 2321.89758
-3.726555 2326.49841
16.154999 2331.09894
-38.525681 2335.69901
-33.520422 2340.29892
35.998324 2344.89822
-21.090948 2349.49707
28.550964 2354.09561
-11.171905 2358.69385
-33.528809 2363.29163
38.512909 2367.88895
6.206213 2372.48581
-23.5865 2377.08237
-73.177189 2381.67847
50.834529 2386.27441
-60.798435 2390.8696
-50.902337 2395.46463
-60.865496 2400.0592
23.576513 2404.65332
-105.484608 2409.24698
-75.694306 2413.84033
-70.817818 2418.43338
18.630363 2423.02597
-28.556946 2427.6181
-73.248019 2432.20993
-105.582818 2436.80115
85.757576 2441.39221
60.843101 2445.98282
-16.117462 2450.57297
48.410675 2455.16266
185.021668 2459.75189
23.591587 2464.34082
38.4558 2468.92944
-16.14267 2473.51761
58.368334 2478.10516
-38.481566 2482.69272
53.373719 2487.27951
-31.059185 2491.866
50.913805 2496.45218
83.209564 2501.0379
3.724016 2505.62317
-16.144036 2510.20813
-43.466953 2514.79279
-115.422195 2519.37668
-48.414149 2523.96057
80.713648 2528.54385
13.662121 2533.12683
-95.703011 2537.7092
8.68936 2542.29126
58.311527 2546.87302
-48.428503 2551.45432
-6.208329 2556.035
-33.508959 2560.61584
-3.726234 2565.19592
8.691937 2569.7757
-48.389669 2574.35455
11.177895 2578.93372
3.725594 2583.51196
11.175522 2588.0899
6.211219 2592.66754
43.454565 2597.24487
-45.963535 2601.8219
3.724016 2606.39832
13.65415 2610.97443
-28.583595 2615.54993
-110.617737 2620.12512
-55.877813 2624.69971
-45.934255 2629.27429
-26.068618 2633.84827
-3.723554 2638.42194
23.605655 2642.9953
78.201945 2647.56805
142.708076 2652.1405
8.693642 2656.71234
80.686171 2661.28387
-1.241646 2665.8551
-45.936197 2670.42572
-8.687978 2674.99573
-1.240706 2679.56604
-73.248019 2684.13574
-98.190819 2688.70483
1.241924 2693.27362
8.696243 2697.8418
68.294599 2702.40936
-6.209122 2706.97693
1.242218 2711.54419
3.724327 2716.11053
90.740681 2720.67688
50.902872 2725.24292
53.373719 2729.80835
68.29763 2734.37347
-45.926624 2738.93799
-11.167671 2743.5025
35.998324 2748.0661
-28.551975 2752.62939
53.373719 2757.19238
100.513798 2761.75507
-70.811634 2766.31714
-36.016285 2770.87891
18.624173 2775.44067
28.581352 2780.00122
-80.746681 2784.56177
-53.372862 2789.12201
103.023891 2793.68164
98.146267 2798.24097
100.556208 2802.79968
93.077969 2807.3584
-13.653688 2811.9162
18.618656 2816.474
65.801344 2821.03149
16.151413 2825.58838
-8.687379 2830.14465
-38.474936 2834.70062
-8.689443 2839.25629
38.49815 2843.81134
58.343604 2848.36639
-43.454048 2852.92053
-85.646561 2857.47467
13.662121 2862.0282
36.004415 2866.58142
68.29763 2871.13434
48.445606 2875.68634
11.181236 2880.23804
-93.147489 2884.78973
-11.185227 2889.34113
50.924496 2893.8913
13.660378 2898.44208
40.960132 2902.99164
118.008914 2907.54089
1.241322 2912.08984
-70.77249 2916.63879
-93.05307 2921.18683
-70.763507 2925.73456
-53.434169 2930.28198
-68.247421 2934.82849
-117.981825 2939.37561
-50.859488 2943.92151
33.516332 2948.46741
-78.187641 2953.01239
-63.353749 2957.55737
63.300954 2962.10175
53.348871 2966.64581
70.827881 2971.18958
55.85495 2975.73242
-75.739061 2980.27557
-21.090948 2984.81812
-73.20787 2989.35974
28.570362 2993.90137
98.12116 2998.44238
1.241478 3002.9834
-3.727829 3007.5235
-80.722619 3012.0636
-50.928151 3016.60278
-40.966733 3021.14197
-6.208588 3025.68054
-40.978888 3030.21881
-21.097019 3034.75677
60.784006 3039.29413
11.166562 3043.83118
-43.466953 3048.36761
16.136457 3052.90375
50.890099 3057.43958
55.843176 3061.9751
-48.434677 3066.5097
6.206867 3071.04431
-75.707054 3075.578
80.676083 3080.11169
-45.926624 3084.64508
43.454565 3089.17755
16.148101 3093.71063
-63.321574 3098.24219
11.178855 3102.77374
-95.601025 3107.30499
-65.806063 3111.83563
-31.023653 3116.36597
-75.745486 3120.89569
11.166562 3125.42511
-1.241593 3129.95422
-65.848084 3134.48273
-88.123669 3139.01093
-48.385607 3143.53882
43.473023 3148.0658
88.139883 3152.59308
-40.954628 3157.11975
60.843101 3161.64581
-95.564675 3166.17126
-68.28212 3170.69672
-98.024082 3175.22156
13.648971 3179.74579
8.684832 3184.27002
48.398289 3188.79333
3.721974 3193.31665
58.336213 3197.83936
48.429125 3202.36176
-63.297358 3206.88354
36.01511 3211.40503
6.206741 3215.92651
-63.313534 3220.44647
88.113842 3224.96704
-13.658312 3229.48639
38.476966 3234.00604
6.205692 3238.52509
-70.805592 3243.04352
-26.070957 3247.56165
-31.047284 3252.07916
-90.673162 3256.59668
-48.426453 3261.11328
100.586047 3265.62988
23.571697 3270.14557
-45.911011 3274.66156
13.662121 3279.17664
132.814056 3283.6911
-152.613647 3288.20557
21.099727 3292.71942
-130.310044 3297.23297
11.171267 3301.74561
-23.593493 3306.25854
-68.276339 3310.77026
48.422964 3315.28229
-16.134476 3319.7937
-13.654264 3324.3045
58.353343 3328.815
53.40299 3333.32489
26.055585 3337.83478
16.136457 3342.34406
26.071106 3346.85303
53.366826 3351.36078
-38.512501 3355.86914
26.045761 3360.37659
122.904713 3364.88342
-140.285729 3369.39026
-98.040577 3373.89648
-3.722123 3378.4024
83.188372 3382.90771
100.568982 3387.41272
35.996805 3391.91681
75.71144 3396.4212
-48.379519 3400.92468
-48.428503 3405.42816
53.39632 3409.93103
-45.940226 3414.43329
38.488356 3418.93555
-18.631302 3423.43689
6.201004 3427.93793
-23.581521 3432.43866
60.766213 3436.93878
-21.102359 3441.4389
58.355817 3445.93842
73.193636 3450.43732
40.972258 3454.93591
-21.106064 3459.43359
63.308976 3463.93158
-21.097907 3468.42896
-38.487944 3472.92542
110.385593 3477.42218
16.117531 3481.91803
95.550045 3486.41357
65.773689 3490.90881
115.394936 3495.40314
110.367151 3499.89777
298.578221 3504.39148
372.444084 3508.88489
727.188282 3513.37799
972.390644 3517.87048
1045.597774 3522.36267
1158.458199 3526.85425
866.828201 3531.34552
719.878743 3535.83649
622.351273 3540.32684
389.950245 3544.81659
330.743553 3549.30634
261.46931 3553.79517
172.013748 3558.2843
229.160134 3562.77222
261.38307 3567.26013
140.030336 3571.74774
249.102962 3576.23444
179.700188 3580.72113
261.307901 3585.20721
249.072201 3589.69299
177.2325 3594.17786
256.822548 3598.66302
293.598305 3603.14697
239.467621 3607.63123
246.783142 3612.11456
338.058552 3616.5976
303.496746 3621.08032
187.171156 3625.56244
206.841787 3630.04456
192.049872 3634.52576
350.092867 3639.00696
636.661553 3643.48663
886.389961 3647.96722
983.907953 3652.4469
970.431007 3656.92596
591.352955 3661.40472
478.390982 3665.88287
280.724003 3670.36102
318.050086 3674.83826
390.173844 3679.31549
268.82159 3683.79181
333.118702 3688.26843
256.459697 3692.74384
350.549804 3697.21924
293.695221 3701.69403
226.874852 3706.16821
343.068043 3710.6427
387.688431 3715.11566
377.701599 3719.58923
402.552742 3724.06158
295.659633 3728.53424
359.989662 3733.00568
461.85894 3737.47711
365.116039 3741.94794
424.683785 3746.41846
513.419151 3750.88898
497.87293 3755.35828
722.362996 3759.82758
888.223913 3764.29596
1294.213753 3768.76465
1551.519878 3773.23242
1818.892888 3777.69989
1927.156368 3782.16675
1724.574574 3786.6333
1351.298241 3791.09985
1160.153816 3795.56519
919.648121 3800.03052
734.901787 3804.49524
658.745376 3808.95996
609.742905 3813.42377
374.714527 3817.88727
271.315933 3822.35046
357.901387 3826.81274
350.348812 3831.27533
330.553967 3835.73669
442.190895 3840.19836
365.384788 3844.65912
268.645333 3849.11957
352.904232 3853.57971
258.921398 3858.03925
330.702885 3862.49847
340.472499 3866.95679
288.595623 3871.41541
295.767612 3875.87311
380.030751 3880.33051
283.305866 3884.78729
352.61699 3889.24408
278.629183 3893.69995
392.418293 3898.15552
412.615227 3902.61078
370.142437 3907.06543
459.166679 3911.52008
330.405809 3915.97351
293.417901 3920.42725
432.192688 3924.87976
377.639607 3929.33289
397.240627 3933.78479
350.463322 3938.23639
409.624767 3942.68768
382.405378 3947.13837
357.436254 3951.58905
441.41907 3956.03851
414.575245 3960.48798
500.975788 3964.93683
439.434623 3969.38568
471.41964 3973.83392
426.907948 3978.28156
516.050629 3982.72888
518.242485 3987.1756
424.66629 3991.62201
355.286495 3996.06781
505.578228 4000.51361
488.972023 4004.95819
466.243818 4009.40308
567.198133 4013.84705
508.081246 4018.29102
557.422554 4022.73438
446.25794 4027.17682
453.684485 4031.61926
591.65667 4036.0611
793.108315 4040.50293
1040.63036 4044.94385
869.412715 4049.38446
808.227986 4053.82477
686.090461 4058.26447
609.351341 4062.70386
535.11961 4067.14233
438.656521 4071.58081
557.64608 4076.01868
579.452919 4080.45624
591.516191 4084.89319
841.739601 4089.33014
1551.688183 4093.76617
2685.03883 4098.2019
3511.28454 4102.63702
3660.959015 4107.07184
3349.632049 4111.50635
2809.963322 4115.94025
2514.15465 4120.37384
1975.818226 4124.80682
1724.973106 4129.23981
1391.86858 4133.67126
1086.721291 4138.10333
792.677919 4142.53479
638.334528 4146.96533
571.778539 4151.39587
493.364544 4155.82581
414.107418 4160.25543
471.210109 4164.68414
476.176681 4169.11285
436.736923 4173.54065
414.30701 4177.96875
461.204033 4182.39594
461.802185 4186.82281
520.726951 4191.24908
413.777656 4195.67505
517.930398 4200.10071
488.713745 4204.52545
517.971754 4208.9502
454.160454 4213.37372
518.158986 4217.79785
434.324028 4222.22107
506.046997 4226.64368
614.51751 4231.06628
416.940443 4235.48798
419.355547 4239.90967
438.972403 4244.33044
525.526821 4248.75092
584.76889 4253.17078
490.704276 4257.59064
537.882237 4262.00989
473.712356 4266.42853
523.148365 4270.84686
520.226047 4275.26459
480.604611 4279.68201
552.588799 4284.09912
470.851116 4288.51563
553.191177 4292.93121
604.84372 4297.34711
559.527442 4301.76239
525.169272 4306.17706
468.99234 4310.59113
513.150066 4315.00488
550.193455 4319.41833
579.545284 4323.83087
520.664112 4328.24341
569.38704 4332.65533
564.850536 4337.06726
705.5625 4341.47827
774.005157 4345.88867
1166.860563 4350.29877
2251.277041 4354.70825
2297.130424 4359.11804
1807.427433 4363.52661
1485.67276 4367.93518
1216.381581 4372.34283
1164.596308 4376.75049
971.019796 4381.15723
834.71397 4385.56396
903.635914 4389.9704
886.389961 4394.37561
849.512585 4398.78113
851.86375 4403.18573
950.072952 4407.59033
827.619583 4411.99341
861.928299 4416.39709
910.247411 4420.79956
950.475799 4425.20264
851.078907 4429.6051
907.489037 4434.00604
906.189625 4438.40759
888.291846 4442.80762
999.185719 4447.20825
925.671009 4451.60767
963.049004 4456.00739
932.620211 4460.40558
916.553505 4464.80438
872.40667 4469.20258
863.844865 4473.59955
841.739601 4477.99713
934.923728 4482.39319
865.499707 4486.78955
1265.504905 4491.185
1583.229687 4495.58014
2458.040741 4499.97498
4927.553896 4504.36951
8134.400314 4508.76343
10744.868217 4513.15674
10610.910958 4517.54974
9560.333614 4521.94183
8112.215508 4526.33392
7405.387767 4530.7251
6633.150341 4535.11688
5690.328324 4539.50684
4407.013844 4543.8974
3437.199665 4548.28735
2652.641441 4552.67639
1980.710628 4557.06543
1595.703381 4561.45325
1440.876129 4565.84137
971.572116 4570.22858
908.427803 4574.61578
726.392444 4579.00208
712.035027 4583.38867
690.457939 4587.77405
631.21241 4592.15912
638.536266 4596.54388
660.914631 4600.92773
658.797844 4605.31189
651.185821 4609.69513
549.995067 4614.07806
616.534657 4618.46008
473.294681 4622.84241
468.500944 4627.22351
535.527618 4631.60461
419.153142 4635.98541
547.621594 4640.3653
503.15635 4644.74518
562.031339 4649.12384
559.861385 4653.50281
675.127768 4657.88086
696.654591 4662.25891
937.801277 4666.63605
950.219234 4671.01318
928.047134 4675.39001
829.20583 4679.76563
817.68672 4684.14124
750.857853 4688.51593
822.749157 4692.89063
776.398308 4697.2644
726.448681 4701.63849
650.593377 4706.01135
720.593895 4710.38422
613.831768 4714.75677
596.64525 4719.12811
568.983387 4723.50006
665.777699 4727.87048
596.740123 4732.24121
559.218319 4736.61072
579.131594 4740.98053
697.278864 4745.34943
692.206397 4749.71802
778.425732 4754.0863
726.959606 4758.45367
722.362996 4762.82104
652.870397 4767.1875
641.325096 4771.55426
674.706014 4775.91949
643.681401 4780.28503
729.787498 4784.64966
694.933031 4789.01428
630.615543 4793.3786
695.261769 4797.7417
584.002323 4802.1051
727.016548 4806.46698
549.688697 4810.82947
697.552986 4815.19073
726.959606 4819.552
714.713741 4823.91266
786.336662 4828.27301
837.554134 4832.63306
716.664064 4836.99188
818.069355 4841.35101
788.173815 4845.70923
714.18275 4850.06744
729.586113 4854.42413
857.461662 4858.78174
892.0849 4863.13782
849.644295 4867.4939
825.554901 4871.84998
899.577865 4876.20453
827.780873 4880.55939
805.74384 4884.91333
769.096649 4889.26727
780.363101 4893.6203
891.391346 4897.97302
933.194233 4902.32513
912.973383 4906.67755
859.079949 4911.02905
922.655795 4915.37964
984.02055 4919.73022
920.45598 4924.0799
910.841121 4928.42957
990.165794 4932.77832
883.940803 4937.12738
839.161197 4941.47491
830.038521 4945.82275
864.244581 4950.17029
942.226169 4954.5166
1089.493031 4958.86292
1182.508015 4963.20831
1226.841347 4967.55402
1947.848037 4971.8985
2792.486446 4976.24298
3616.584057 4980.58655
3758.63044 4984.93042
3141.713253 4989.27368
2695.7206 4993.61572
2323.12154 4997.95807
2018.693188 5002.29919
1859.685314 5006.64063
1588.770466 5010.98083
1337.198097 5015.32104
1202.750038 5019.66064
1059.857522 5023.99994
1072.394886 5028.33893
942.550976 5032.677
923.151748 5037.01477
1124.102935 5041.35193
814.63689 5045.68909
822.429598 5050.02502
1027.109955 5054.36127
856.104637 5058.69629
916.553505 5063.03162
1004.656243 5067.36603
933.919159 5071.69983
1065.594086 5076.03363
979.055657 5080.36621
1004.038143 5084.6994
1024.306519 5089.03107
1065.553367 5093.36304
1021.1148 5097.69379
1005.984347 5102.02484
1067.346798 5106.35529
1042.677654 5110.68481
1101.661633 5115.01434
1024.761129 5119.34265
1065.431305 5123.67126
1061.645951 5127.99927
1098.928811 5132.32605
964.531167 5136.65344
1006.022808 5140.97961
1381.831795 5145.30579
1669.046112 5149.63135
1625.892398 5153.95691
1496.452702 5158.28064
1504.78994 5162.60498
1270.046562 5166.92871
1136.832436 5171.25183
1346.48761 5175.57373
1228.800984 5179.89624
1270.378807 5184.21753
1178.919289 5188.53943
1256.369927 5192.86072
1227.610753 5197.18018
1208.299772 5201.50024
1302.003349 5205.81909
1281.941356 5210.13855
1303.375571 5214.45679
1303.809095 5218.77502
1345.53582 5223.09204
1281.561274 5227.40906
1360.591583 5231.72546
1215.926983 5236.04187
1272.482842 5240.35767
1122.245716 5244.67224
1233.538448 5248.98682
1147.997696 5253.30078
1133.355362 5257.61475
1133.099099 5261.92749
1177.806427 5266.24023
1118.120456 5270.55237
1090.865972 5274.86389
1260.159561 5279.17542
1261.520313 5283.48572
1280.509781 5287.79663
1245.446407 5292.10571
1254.959337 5296.41541
1341.415909 5300.72388
1387.859249 5305.03235
1515.278393 5309.34082
1615.867637 5313.64746
1736.216568 5317.95532
1946.004488 5322.26135
2285.407077 5326.56738
2801.235468 5330.8728
3752.721474 5335.17822
7627.648388 5339.48242
18561.814325 5343.78662
32131.459431 5348.09082
40512.452822 5352.39319
40192.004051 5356.69617
35316.619968 5360.99792
30179.182098 5365.29968
27304.691174 5369.60083
24940.277416 5373.90137
23108.538935 5378.2019
20566.929752 5382.50183
16792.597832 5386.80115
13576.318468 5391.09985
11087.334093 5395.39795
8987.585625 5399.69543
7323.398205 5403.99292
6042.840606 5408.28979
4920.138153 5412.58606
3723.622452 5416.88171
3084.285145 5421.17737
2474.851776 5425.47302
2084.103279 5429.76685
1761.056053 5434.06128
1501.475884 5438.35388
1541.239525 5442.64771
1384.009743 5446.9397
1937.70285 5451.2323
5887.930317 5455.52307
7772.253743 5459.81506
7031.801128 5464.10583
5205.577324 5468.39539
3741.898903 5472.68555
3381.985096 5476.97449
2927.112492 5481.26282
2621.964458 5485.55054
2225.568901 5489.83887
1714.835731 5494.12598
1469.779255 5498.41309
1259.690971 5502.69958
1136.355034 5506.98486
1172.616139 5511.27075
1103.478854 5515.55481
1210.162338 5519.83948
1321.438313 5524.12292
1415.982189 5528.40698
1345.287105 5532.6886
1171.955742 5536.97205
1241.083306 5541.25366
1167.604359 5545.53467
1167.736378 5549.81628
1192.131398 5554.09607
1074.633617 5558.37646
1057.816463 5562.65564
980.719845 5566.93481
1014.874359 5571.21338
1034.917394 5575.49133
1064.020269 5579.76929
1017.626592 5584.04602
1035.979573 5588.32275
976.684917 5592.59888
996.244732 5596.87439
1052.88903 5601.14929
1097.82402 5605.42419
944.997692 5609.69788
1105.712072 5613.97156
1062.906059 5618.24524
981.425835 5622.5177
1074.756119 5626.79016
1055.574211 5631.0614
1096.611889 5635.33264
1008.390251 5639.60327
1187.790947 5643.87329
1142.516452 5648.14331
1108.40145 5652.41272
1367.28627 5656.68213
1488.946766 5660.94971
1839.951928 5665.2179
2268.950623 5669.48425
2894.804726 5673.75183
5600.109972 5678.01819
10465.816174 5682.28394
13944.85426 5686.54846
13102.496468 5690.81421
10413.287556 5695.07874
7990.143131 5699.34265
6669.436554 5703.60596
6009.929115 5707.86865
4858.624653 5712.13074
4314.030487 5716.39282
3456.860649 5720.6543
2589.870031 5724.91516
1938.287675 5729.17603
1721.932247 5733.43567
1455.249836 5737.69531
1315.83568 5741.95435
1317.752099 5746.21277
1331.425834 5750.47119
1176.394106 5754.72839
1530.3446 5758.9856
2042.889051 5763.24158
2491.826957 5767.49817
2521.397156 5771.75293
2131.437461 5776.0083
1960.559307 5780.26306
2628.494903 5784.51721
2941.848478 5788.77136
2725.658584 5793.02429
2406.290478 5797.27661
2085.260467 5801.52832
1916.956474 5805.78064
1717.860645 5810.03113
1788.460527 5814.28223
1804.63137 5818.53271
1780.171818 5822.78198
1650.179638 5827.03125
1682.084445 5831.2793
1842.823353 5835.52795
1827.665386 5839.77539
2066.936718 5844.02283
2176.532047 5848.26965
2504.47398 5852.51587
2810.238457 5856.76208
3487.756157 5861.00647
4201.662773 5865.25208
5545.816059 5869.49524
8464.688801 5873.73962
14711.672836 5877.98218
19746.146627 5882.22534
20429.825575 5886.46729
19335.08088 5890.70984
22392.285481 5894.95117
28464.144127 5899.19128
31733.186333 5903.43201
32558.447115 5907.67151
30767.576244 5911.91101
28643.041191 5916.1499
26255.794117 5920.38818
24108.679954 5924.62524
22104.611096 5928.86292
20598.759377 5933.10059
18678.256889 5937.33582
16608.518544 5941.57227
14734.541691 5945.8075
13402.818398 5950.04272
12089.913139 5954.27673
11179.031708 5958.51074
10065.226412 5962.74353
9287.332356 5966.97632
8874.201797 5971.20911
8109.33461 5975.44067
7602.609266 5979.67224
6936.42836 5983.9032
6625.796574 5988.13354
6193.994283 5992.36328
6055.067344 5996.59241
5722.175859 6000.82153
5585.670708 6005.05005
5168.290794 6009.27795
5004.332628 6013.50525
4625.044563 6017.73254
4440.660503 6021.95862
4306.406109 6026.18408
4137.443977 6030.40955
3892.83996 6034.6344
3773.468935 6038.85925
3660.309415 6043.0835
3435.434803 6047.30652
3423.398798 6051.52893
3254.641655 6055.75195
3126.316027 6059.97375
2923.685253 6064.19495
2957.794953 6068.41553
2873.641785 6072.63672
2897.686153 6076.85608
2669.59504 6081.07605
2484.540069 6085.2948
2475.185028 6089.51294
2707.515885 6093.73108
2987.967638 6097.948
2970.975067 6102.16553
3024.443496 6106.38123
2818.338822 6110.59753
2489.911675 6114.81262
2402.700462 6119.02832
2307.592882 6123.24219
2213.249893 6127.45605
2221.13374 6131.66931
2016.841118 6135.88196
1968.513832 6140.0946
1962.496183 6144.30664
2483.872921 6148.51807
3029.701832 6152.72827
4099.134605 6156.93909
3874.350151 6161.14929
3345.158541 6165.35889
2650.686806 6169.56787
2560.746754 6173.77563
2365.445263 6177.9834
2268.716751 6182.19055
2235.078399 6186.39832
1873.270346 6190.60364
1814.31179 6194.81018
1723.984981 6199.01611
1519.255199 6203.22083
1506.224568 6207.42493
1469.349006 6211.62842
1348.11945 6215.83191
1309.018242 6220.03418
1458.649277 6224.23706
1362.874077 6228.43872
1222.874589 6232.64038
1234.047943 6236.84143
1221.166031 6241.04126
1167.956932 6245.2417
1220.076421 6249.44031
1204.010006 6253.64014
1301.374525 6257.83752
1157.714241 6262.03552
1084.361341 6266.2323
1214.308372 6270.42969
1113.827408 6274.62585
1054.692588 6278.82141
1057.374743 6283.01697
1098.680352 6287.2113
1050.086159 6291.40625
1124.274117 6295.59998
1048.885887 6299.79309
858.552391 6303.9856
902.80347 6308.1781
1015.64489 6312.37
1027.979037 6316.56067
997.82037 6320.75195
940.176159 6324.94202
863.645877 6329.13208
901.013378 6333.32092
1026.396965 6337.50977
947.480543 6341.69739
878.60184 6345.88562
846.377743 6350.07263
886.767784 6354.25964
887.044082 6358.44543
913.854515 6362.63123
921.596824 6366.81641
783.269457 6371.00037
775.61106 6375.18494
768.915638 6379.36829
856.928539 6383.55164
945.87294 6387.73438
768.975849 6391.9165
882.073555 6396.09863
909.55893 6400.27893
678.06432 6404.45984
729.328286 6408.63953
734.380562 6412.81921
655.4288 6416.99829
844.579567 6421.17676
673.203327 6425.35461
797.919161 6429.53247
677.689913 6433.70972
749.252986 6437.88635
652.84479 6442.06177
760.900061 6446.23718
751.266108 6450.4126
795.591198 6454.58618
724.334627 6458.76099
835.265679 6462.93396
680.386795 6467.10693
578.881038 6471.27991
685.030022 6475.45166
556.716408 6479.62341
743.848838 6483.79333
613.444647 6487.96448
734.669426 6492.13379
747.388771 6496.3031
631.539154 6500.4718
628.159366 6504.63989
727.360443 6508.80859
683.167938 6512.97546
636.407005 6517.14233
611.325127 6521.30859
552.478267 6525.47485
547.185521 6529.63928
717.507835 6533.80432
688.055389 6537.96814
969.757134 6542.13196
1627.879913 6546.29578
1714.911213 6550.45837
1674.698686 6554.62036
1375.195099 6558.78174
1222.641259 6562.94312
1090.324158 6567.10327
1042.796581 6571.26404
944.780573 6575.42358
946.434975 6579.58252
913.606526 6583.74084
729.128745 6587.89917
744.343929 6592.05688
651.237907 6596.21338
500.373722 6600.37048
567.198133 6604.52637
483.783874 6608.68164
663.795647 6612.83691
680.602131 6616.99158
473.370339 6621.14502
404.120716 6625.29846
530.816078 6629.45129
507.918796 6633.60413
522.687228 6637.75635
480.873131 6641.90674
552.258294 6646.05835
488.222232 6650.20813
598.867102 6654.35791
478.257204 6658.50769
473.597939 6662.65625
539.956109 6666.8042
520.559407 6670.95215
577.757507 6675.09949
471.134377 6679.24622
485.915719 6683.39233
520.371386 6687.53784
609.424369 6691.68335
665.070377 6695.82825
1862.366139 6699.97192
3938.606759 6704.1156
4091.488091 6708.25867
3537.941628 6712.40173
2584.057518 6716.54358
2004.493416 6720.68481
1656.859188 6724.82605
1625.950756 6728.96667
1529.291105 6733.10669
1418.361587 6737.24609
1220.619561 6741.38489
1084.484749 6745.52307
764.610863 6749.66064
690.649788 6753.79822
614.41877 6757.93579
613.904736 6762.07153
552.699788 6766.20789
424.201348 6770.34241
473.445956 6774.47754
520.496437 6778.61206
416.822504 6782.74597
497.89275 6786.87866
444.026192 6791.01135
416.789054 6795.14404
436.124161 6799.27551
349.979637 6803.40698
372.534834 6807.53723
392.306453 6811.66748
481.534241 6815.79712
251.328249 6819.92615
370.172508 6824.05457
310.923268 6828.18298
364.9235 6832.31018
315.7873 6836.43738
308.249628 6840.56335
641.453155 6844.68994
527.651421 6848.81531
498.551841 6852.93945
513.026562 6857.06482
528.394615 6861.18774
392.338241 6865.31128
370.248341 6869.43481
276.090391 6873.55713
380.030751 6877.67883
380.046104 6881.79932
372.580208 6885.92041
276.067725 6890.04089
340.486275 6894.16016
380.170441 6898.27881
419.287958 6902.39868
476.407989 6906.51611
404.971817 6910.63354
389.823253 6914.75098
419.628044 6918.86719
375.170826 6922.9834
293.465893 6927.099
296.069923 6931.2146
355.548714 6935.32837
313.536385 6939.44214
382.765091 6943.55652
184.642298 6947.66846
224.260561 6951.78101
350.70884 6955.89294
328.205257 6960.00366
214.401455 6964.11438
358.063431 6968.2251
273.664362 6972.33459
253.892969 6976.44409
325.882461 6980.55298
204.394105 6984.66064
125.072262 6988.76831
291.33149 6992.87537
313.40717 6996.98181
231.757107 7001.08826
313.420079 7005.19348
276.466263 7009.2981
251.103825 7013.40271
343.365509 7017.50732
197.079357 7021.61011
172.35368 7025.7135
214.181084 7029.81567
236.607073 7033.91724
194.644886 7038.0188
338.294922 7042.11914
330.580822 7046.21948
187.101325 7050.31921
258.974919 7054.41895
110.311962 7058.51746
246.793572 7062.61536
221.860409 7066.71265
249.061905 7070.81055
390.125771 7074.90662
224.223459 7079.0033
172.118839 7083.09814
209.409542 7087.19299
241.562221 7091.28784
335.768036 7095.38147
241.49278 7099.4751
221.832988 7103.5675
231.804875 7107.66052
162.366449 7111.75171
199.438956 7115.8429
258.85779 7119.93347
189.520998 7124.02405
169.694706 7128.11401
323.344261 7132.20276
206.95263 7136.2915
202.087825 7140.37964
219.358867 7144.46777
378.232758 7148.55408
221.943504 7152.64099
251.576488 7156.72668
201.970619 7160.81177
246.588684 7164.89746
177.203315 7168.98132
100.313591 7173.06519
306.132332 7177.14844
206.875806 7181.23108
182.319107 7185.31372
189.677749 7189.39514
258.996456 7193.47595
263.768777 7197.55676
182.18265 7201.63696
231.85318 7205.71716
147.542092 7209.79614
331.100105 7213.87451
221.832988 7217.95227
100.408823 7222.02942
165.020866 7226.10718
115.317833 7230.18311
259.200752 7234.25903
159.851126 7238.33374
273.788162 7242.40906
147.560527 7246.48376
189.709316 7250.55725
241.842827 7254.63013
65.694029 7258.703
159.851126 7262.77466
189.725132 7266.84631
107.81303 7270.91797
60.778914 7274.98779
130.132741 7279.05823
204.554741 7283.12805
251.607609 7287.19666
130.025596 7291.26526
172.232347 7295.33264
145.119843 7299.40063
207.159439 7303.4668
214.41032 7307.53357
154.894371 7311.59851
276.362801 7315.66406
202.003884 7319.729
189.669868 7323.79272
172.41848 7327.85645
214.606881 7331.91895
187.233287 7335.98206
105.393554 7340.04333
239.227833 7344.10522
209.392128 7348.16528
266.592034 7352.22656
189.638393 7356.28662
162.474728 7360.34546
187.327218 7364.4043
172.425697 7368.46252
239.327202 7372.52014
112.798093 7376.57715
162.522361 7380.63354
150.006115 7384.68933
78.106945 7388.74512
184.811294 7392.80029
224.493515 7396.85486
182.077503 7400.90881
229.301949 7404.96216
207.021244 7409.0155
182.18265 7413.06702
164.97934 7417.11914
135.191353 7421.17004
110.325691 7425.22095
212.219414 7429.27124
134.934944 7433.32031
182.084857 7437.37
219.385998 7441.41785
231.911186 7445.46631
159.904223 7449.51355
63.232021 7453.56079
189.622683 7457.6062
130.148912 7461.65283
140.070929 7465.69824
137.773231 7469.74243
142.576641 7473.78723
217.101624 7477.8302
182.220411 7481.87378
266.603416 7485.91614
229.531647 7489.9585
92.957492 7493.99963
65.751446 7498.04077
261.719666 7502.0813
83.072998 7506.12122
169.962494 7510.16052
164.903591 7514.19922
137.577485 7518.23792
212.174896 7522.27478
197.251999 7526.31226
127.741581 7530.34851
132.75256 7534.38477
177.328418 7538.42102
263.909786 7542.45544
16.122768 7546.48987
159.944095 7550.52368
60.768752 7554.5575
276.420204 7558.59009
246.85553 7562.62268
276.512162 7566.65405
135.259552 7570.68542
83.128734 7574.7168
172.289226 7578.74634
102.963237 7582.77588
130.262951 7586.8042
117.756081 7590.83374
241.682064 7594.86084
150.201126 7598.88916
90.473087 7602.91504
137.686394 7606.94214
78.155884 7610.96802
117.746454 7614.99268
212.16584 7619.01733
115.399922 7623.04199
-48.395771 7627.06543
3.719948 7631.08826
147.665603 7635.11108
174.910377 7639.13208
174.903046 7643.15369
127.651323 7647.17529
169.856166 7651.19568
187.070609 7655.21545
491.538215 7659.23462
570.092255 7663.25317
500.975788 7667.27112
479.0485 7671.28845
316.126442 7675.30518
375.557351 7679.32251
239.089504 7683.33862
167.296496 7687.35413
216.795266 7691.36841
424.047954 7695.38269
364.90888 7699.39636
335.478951 7703.41003
298.615318 7707.42249
303.384777 7711.43433
231.651772 7715.44617
219.413433 7719.4574
164.876168 7723.46802
192.097506 7727.47803
107.893558 7731.48682
189.860275 7735.49622
26.03829 7739.50439
157.612724 7743.51196
135.12391 7747.51892
162.400139 7751.52588
199.529625 7755.53162
177.28413 7759.53735
115.458355 7763.54309
122.780767 7767.54639
68.214122 7771.5509
70.728778 7775.5542
73.144764 7779.5575
142.535215 7783.55896
63.255771 7787.56104
6.202165 7791.56189
65.751446 7795.56274
194.823944 7799.56299
100.446306 7803.56201
150.10017 7807.56165
103.071757 7811.56006
112.934791 7815.55786
132.697002 7819.55505
35.989216 7823.55225
130.18677 7827.54761
132.685932 7831.54358
117.948883 7835.53894
73.196709 7839.53369
16.116722 7843.52783
1.241322 7847.52075
85.644482 7851.51367
28.51271 7855.50598
-21.077602 7859.49768
140.105867 7863.48877
122.64323 7867.47986
83.097261 7871.47034
80.659092 7875.45959
127.795101 7879.44885
90.571075 7883.4375
55.824415 7887.42493
137.808166 7891.41235
90.540857 7895.39917
137.767418 7899.38538
50.887813 7903.37158
48.42091 7907.35718
115.341892 7911.34094
115.351535 7915.32532
152.610038 7919.30847
-11.163924 7923.29224
112.877887 7927.27417
98.025734 7931.2561
90.458118 7935.23682
26.072211 7939.21753
122.93598 7943.19824
120.333157 7947.17773
207.255188 7951.15723
107.997988 7955.1355
73.209003 7959.11377
31.021291 7963.09082
23.57949 7967.06787
142.719956 7971.0437
113.006473 7975.01953
35.980271 7978.99536
55.817401 7982.96936
21.088197 7986.94397
150.169571 7990.91736
125.300571 7994.89014
110.454979 7998.8623
127.693825 8002.83447
93.04277 8006.80542
127.848931 8010.77637
73.205925 8014.7467
145.180709 8018.71643
152.610038 8022.68555
167.520057 8026.65405
98.021618 8030.62256
-28.54354 8034.58923
-1.241646 8038.55652
155.029717 8042.52258
68.211271 8046.48804
278.939819 8050.4541
192.225182 8054.41833
-13.649663 8058.38257
28.542534 8062.34619
145.248085 8066.30859
85.526188 8070.271
55.831302 8074.23279
130.279354 8078.19458
58.284826 8082.15515
35.978625 8086.11572
-26.063251 8090.07507
83.16712 8094.03381
-8.686881 8097.99194
23.571697 8101.95068
117.834735 8105.90759
110.548617 8109.8645
155.016766 8113.8208
43.42721 8117.77649
73.19978 8121.73157
58.360902 8125.68665
95.586321 8129.6405
145.005281 8133.59375
214.625023 8137.54639
3.722287 8141.49841
103.032459 8145.45105
174.910377 8149.40186
73.246067 8153.35266
85.526188 8157.30347
194.677159 8161.25244
125.248177 8165.20203
187.194343 8169.14978
554.895094 8173.09753
1853.741288 8177.04468
2606.223506 8180.99182
2959.533436 8184.93774
4059.389766 8188.88367
4327.79422 8192.82898
3762.108082 8196.77307
3048.074158 8200.71716
2360.986019 8204.66003
2130.788055 8208.60291
1606.906949 8212.54517
1446.635047 8216.48743
1383.958971 8220.42786
1032.397167 8224.3689
912.973383 8228.30872
591.586203 8232.24792
422.06081 8236.18774
290.947655 8240.12512
177.050449 8244.06311
192.153274 8247.99988
219.422551 8251.93665
169.877384 8255.8728
95.501972 8259.80835
155.062146 8263.74329
115.250829 8267.67761
125.363717 8271.61194
160.145439 8275.54443
78.155884 8279.47754
80.655697 8283.40942
112.920521 8287.34131
204.72564 8291.27136
-38.491205 8295.20264
105.459679 8299.13208
132.719189 8303.06152
31.018683 8306.99097
43.447348 8310.91797
18.60912 8314.84619
107.916248 8318.77319
122.7859 8322.7002
73.202852 8326.62537
152.725868 8330.55054
26.063262 8334.4751
150.137832 8338.39966
33.506437 8342.32361
100.590183 8346.24634
68.254192 8350.16907
98.005161 8354.09058
68.309237 8358.01208
18.617735 8361.93298
26.065461 8365.85327
31.016078 8369.77295
70.710964 8373.69202
90.578823 8377.61047
11.174099 8381.52832
53.357975 8385.44617
-55.804977 8389.36218
209.848236 8393.27942
43.438041 8397.19421
23.558889 8401.11023
60.825074 8405.0238
16.130202 8408.9386
182.403183 8412.85217
135.174549 8416.76453
50.9268 8420.67749
78.245058 8424.58862
21.072376 8428.49976
31.010742 8432.41028
93.105474 8436.32019
16.138502 8440.22949
75.721025 8444.13879
78.172291 8448.04749
117.904037 8451.95496
63.255771 8455.86182
152.641998 8459.76807
98.067062 8463.67432
58.358421 8467.57996
-16.122972 8471.48499
-8.681557 8475.38879
38.473719 8479.2926
-40.963267 8483.19641
137.802342 8487.09839
-3.722457 8491.00098
58.313974 8494.90234
-23.580526 8498.8031
103.023891 8502.70325
-3.725422 8506.60339
50.88366 8510.50171
48.394351 8514.40125
130.301273 8518.29895
-18.620891 8522.19604
-28.549561 8526.09314
60.778914 8529.98901
-18.617881 8533.8855
122.894325 8537.78015
-35.990377 8541.6748
1.241133 8545.56885
162.535873 8549.46228
75.736911 8553.35571
50.88366 8557.24731
93.074189 8561.13953
-70.698048 8565.03052
50.915828 8568.92151
85.662449 8572.81067
117.86436 8576.70105
140.217292 8580.5896
-28.544878 8584.47754
55.850232 8588.36609
152.571515 8592.25281
-33.517583 8596.13892
78.182297 8600.02502
60.77637 8603.91052
73.221329 8607.79541
214.824204 8611.67969
98.116984 8615.56335
-18.602131 8619.44702
31.010742 8623.32947
21.095282 8627.21069
83.16712 8631.09253
60.791649 8634.97314
63.341205 8638.85376
26.060103 8642.73315
31.030439 8646.61255
80.669279 8650.49072
78.146063 8654.3689
58.370678 8658.24707
26.05012 8662.1228
55.871351 8665.99915
35.95309 8669.87488
-6.206749 8673.75061
-13.651387 8677.62451
21.097811 8681.49841
-53.377506 8685.3717
11.167501 8689.24438
-58.337849 8693.11707
127.876095 8696.98853
90.670831 8700.85938
83.149711 8704.72961
-1.241436 8708.59985
-31.024958 8712.46887
-18.60693 8716.33789
65.776465 8720.20569
13.65415 8724.07349
80.604909 8727.94067
100.577366 8731.80725
120.378532 8735.67322
53.384864 8739.53796
75.714495 8743.40332
-3.723218 8747.26624
102.958789 8751.13037
31.031752 8754.99329
80.727365 8758.85559
26.067798 8762.71729
23.575658 8766.57898
-21.091698 8770.44006
120.40392 8774.29932
43.432555 8778.15918
43.443538 8782.01782
16.141236 8785.87585
58.368334 8789.73389
43.443538 8793.5907
100.560324 8797.44751
-3.723867 8801.3031
23.571697 8805.1593
-3.722123 8809.01367
50.840885 8812.86804
-26.057765 8816.7218
58.309218 8820.57434
53.405259 8824.42749
-75.726239 8828.27942
65.821026 8832.13013
120.338058 8835.98145
70.722834 8839.83154
18.620092 8843.68042
85.57962 8847.53052
1.241322 8851.37817
26.037071 8855.22644
-18.607574 8859.07349
75.663601 8862.92053
113.049783 8866.76636
60.85848 8870.61157
-33.51475 8874.4574
6.205429 8878.30078
-43.450509 8882.14539
-1.241772 8885.98816
70.752626 8889.83093
26.064497 8893.67249
58.358421 8897.51465
53.37133 8901.35498
23.575658 8905.19531
75.69535 8909.03503
209.759484 8912.87415
112.996877 8916.71326
-48.430561 8920.55054
3.725273 8924.38843
88.162288 8928.2251
-18.620891 8932.06116
31.021291 8935.89661
90.670831 8939.73206
33.519308 8943.56628
-6.204657 8947.3999
90.575012 8951.23352
-43.448672 8955.06592
21.08115 8958.89832
-26.075241 8962.72949
-13.645653 8966.56067
45.901932 8970.39063
-1.241561 8974.22058
-6.205829 8978.04993
-21.102359 8981.87866
-105.488915 8985.70618
-33.511922 8989.53369
63.360103 8993.36121
78.261864 8997.18689
50.913805 9001.01257
48.388249 9004.83704
-16.137882 9008.66211
-53.386537 9012.48596
11.172683 9016.3092
26.053398 9020.13184
-53.397718 9023.95386
-45.940226 9027.77588
142.624321 9031.59668
65.751446 9035.41687
31.030439 9039.23645
11.169853 9043.05603
31.035688 9046.875
6.202165 9050.69275
1.241236 9054.5105
152.687072 9058.32642
-117.93182 9062.14294
-28.559227 9065.95825
100.577366 9069.77417
21.088197 9073.58826
-58.362539 9077.40234
-18.610697 9081.21582
-36.00254 9085.02869
-58.347707 9088.84033
18.613812 9092.65198
1.240923 9096.46301
-68.264807 9100.27344
21.105074 9104.08325
53.389389 9107.89246
63.354695 9111.70105
11.177418 9115.50903
-1.241247 9119.31641
3.724327 9123.12317
-23.591495 9126.92932
-1.241772 9130.73547
-31.013233 9134.53979
88.154805 9138.34473
55.883341 9142.14783
13.653574 9145.95154
140.329951 9149.75464
150.303296 9153.55652
55.869117 9157.3584
-8.695118 9161.15845
18.62561 9164.95972
70.779592 9168.75854
95.514095 9172.55859
-1.242016 9176.3562
-53.377506 9180.15503
26.076493 9183.95203
107.947933 9187.74902
13.654726 9191.5448
28.563069 9195.34058
40.944748 9199.13574
65.748827 9202.92969
21.096171 9206.72363
88.136152 9210.51636
50.89641 9214.30969
58.336213 9218.10181
98.042237 9221.89331
45.878912 9225.6842
-1.242829 9229.47388
35.992249 9233.26416
-85.657421 9237.05261
-6.206226 9240.84106
48.42091 9244.62891
16.13973 9248.41675
-78.220688 9252.20337
105.486287 9255.98938
21.120342 9259.77478
31.030439 9263.55957
50.900718 9267.34436
28.536534 9271.12732
40.981087 9274.91089
-55.885067 9278.69324
-83.22591 9282.47559
-73.226364 9286.25671
-8.686284 9290.03723
-53.379625 9293.81775
21.113003 9297.59705
1.241394 9301.37634
33.533531 9305.15381
31.042124 9308.9325
16.141781 9312.70935
-8.687379 9316.4856
3.724487 9320.26123
-100.575779 9324.03687
-48.410057 9327.8125
68.237118 9331.5863
83.163741 9335.36011
26.074281 9339.13208
125.347854 9342.90527
6.202819 9346.67664
-40.927147 9350.448
-3.720276 9354.21814
-11.181885 9357.98889
-33.508959 9361.75842
-75.780947 9365.52673
58.321329 9369.29504
93.208771 9373.06274
-48.389669 9376.83044
40.993301 9380.5957
-68.27909 9384.36218
-18.629578 9388.12744
43.465767 9391.89148
-8.688845 9395.65613
-16.135837 9399.41956
36.012055 9403.18237
60.773832 9406.94458
-58.337849 9410.70557
18.619308 9414.46655
31.025206 9418.22693
-65.806063 9421.98669
1.240608 9425.74646
-48.440861 9429.50562
-85.72677 9433.26294
-127.884621 9437.02026
70.725803 9440.77698
-43.485485 9444.53369
28.554726 9448.28918
21.102399 9452.04468
135.25386 9455.79834
3.724327 9459.55261
8.696747 9463.30627
-90.626988 9467.05811
28.522205 9470.81055
63.290283 9474.56177
45.936764 9478.31238
102.993504 9482.06238
31.037001 9485.81238
-55.861252 9489.56116
58.368334 9493.30933
-50.923952 9497.05811
-6.212563 9500.80505
65.790207 9504.55139
63.341205 9508.29773
18.614597 9512.04346
88.143605 9515.78735
63.338511 9519.53186
-23.579534 9523.27515
50.89426 9527.01843
60.80442 9530.76172
-125.26675 9534.50195
53.366826 9538.24341
70.746652 9541.98486
-13.65947 9545.72449
3.720882 9549.4635
13.65012 9553.20251
155.036197 9556.94092
-36.00254 9560.67871
28.537734 9564.41589
-6.203615 9568.15125
90.636036 9571.88721
-16.133117 9575.62256
-21.101468 9579.3573
23.569584 9583.09021
23.585599 9586.82373
-6.207277 9590.55664
45.944559 9594.28955
43.46194 9598.02063
-31.024958 9601.7511
23.593453 9605.48157
120.45506 9609.21143
-103.035175 9612.94128
135.431785 9616.66809
75.657403 9620.39612
83.227283 9624.12415
83.16712 9627.85095
45.975902 9631.57715
26.084251 9635.30151
192.330056 9639.02649
45.932875 9642.75146
33.529118 9646.47522
35.998324 9650.19714
48.418726 9653.92029
90.605521 9657.6416
-6.210434 9661.36292
70.80669 9665.08423
-6.210434 9668.80371
-28.556946 9672.52319
53.362329 9676.24207
-33.51475 9679.96094
36.002893 9683.67737
40.932734 9687.39441
-80.664593 9691.11084
-3.722301 9694.82666
11.179805 9698.54248
11.18171 9702.25586
-93.05307 9705.96985
-8.69142 9709.68323
-16.139933 9713.39661
53.407536 9717.10754
135.299469 9720.81909
-6.206749 9724.53064
23.58261 9728.24097
78.25839 9731.94946
88.069445 9735.65918
-127.825203 9739.36768
40.949776 9743.07556
68.329628 9746.78284
50.917997 9750.48828
-60.862766 9754.19495
-60.816357 9757.90039
53.382605 9761.60522
-13.66005 9765.30884
147.721657 9769.01245
65.871654 9772.71606
23.595593 9776.41846
38.473719 9780.12024
23.577641 9783.82019
13.660378 9787.52136
6.20805 9791.22131
-45.920677 9794.92065
-6.207538 9798.61877
3.724644 9802.31689
11.185539 9806.0144
80.652309 9809.71191
-115.505317 9813.4082
-26.080918 9817.10266
18.62561 9820.79773
-48.389669 9824.4928
-11.17963 9828.18604
35.981648 9831.87866
-3.725449 9835.57129
-6.207012 9839.26331
48.402504 9842.95471
6.205429 9846.64612
115.443573 9850.33569
-33.508959 9854.02527
1.24111 9857.71362
28.541334 9861.40259
43.441706 9865.08911
40.944748 9868.77625
-26.063251 9872.46277
23.592591 9876.14929
110.431874 9879.83459
-35.978411 9883.51807
11.178375 9887.20215
3.722131 9890.88623
18.607694 9894.56909
26.063262 9898.25012
1.241501 9901.93115
103.006508 9905.61279
-58.365021 9909.29321
38.516209 9912.97302
6.202819 9916.651
-38.468453 9920.3302
83.15322 9924.00818
-11.163924 9927.68494
-23.577549 9931.36047
-73.272879 9935.03723
75.733843 9938.71277
75.775696 9942.3877
-31.067154 9946.0614
18.619308 9949.7345
70.746652 9953.40759
3.725121 9957.08008
-38.476558 9960.75195
80.676083 9964.422
18.621668 9968.09265
-73.223278 9971.7627
-33.530375 9975.43152
48.408629 9979.10095
85.676975 9982.76733
-98.094465 9986.43494
-23.591495 9990.10193
13.666199 9993.76831
18.622455 9997.43286
13.661671 10001.09802
-11.167202 10004.76257
38.472099 10008.42651
-88.068013 10012.08923
-13.658312 10015.75134
83.227283 10019.41284
16.154175 10023.07434
-93.014113 10026.73523
21.099727 10030.39429
63.292948 10034.05334
53.39632 10037.71179
147.765453 10041.37024
58.336213 10045.02808
53.416637 10048.68408
135.265106 10052.34009
45.98378 10055.99609
8.693272 10059.65149
50.913805 10063.30444
-58.352645 10066.95862
8.68936 10070.61218
-23.582514 10074.26453
-117.9119 10077.91626
13.657616 10081.56677
53.40299 10085.21729
38.480211 10088.8678
140.187847 10092.51709
50.944198 10096.16577
-1.243736 10099.81384
8.690464 10103.4613
-36.021019 10107.10754
13.642543 10110.75439
93.093677 10114.39941
-33.541798 10118.04443
-31.023653 10121.68884
-150.217544 10125.33325
-3.724024 10128.97522
11.168911 10132.6178
-38.507572 10136.26038
-53.355013 10139.90112
-33.503319 10143.54187
73.242832 10147.1814
-3.723554 10150.82153
-63.329498 10154.46045
-85.701178 10158.09937
23.596462 10161.73523
38.47534 10165.3717
-18.614744 10169.00879
-45.932448 10172.64404
63.330438 10176.27991
95.594412 10179.91333
50.928963 10183.54675
23.59459 10187.18018
78.192181 10190.81299
1.242584 10194.44397
-1.242707 10198.07495
-33.51475 10201.70593
-13.663532 10205.33691
-18.628132 10208.96606
65.835034 10212.5946
40.963728 10216.22253
58.373167 10219.85046
31.052818 10223.47778
-55.814302 10227.10327
-23.570618 10230.72876
18.620092 10234.35364
18.626542 10237.97852
38.506207 10241.60278
83.198961 10245.22461
3.726093 10248.84766
-38.496109 10252.46948
-8.698829 10256.09131
-78.270481 10259.71069
-65.822828 10263.3313
13.647825 10266.94946
33.52214 10270.56885
-38.486316 10274.18823
-40.956354 10277.80396
-63.321574 10281.4209
145.334469 10285.03784
43.495323 10288.65479
31.017381 10292.26807
33.520586 10295.88135
-113.105881 10299.49707
50.860148 10303.10913
-23.589497 10306.72241
60.863652 10310.33325
26.082035 10313.94531
83.160229 10317.55493
65.779238 10321.16577
73.333561 10324.77417
-21.097907 10328.38257
-18.612395 10331.99097
-112.923439 10335.59937
31.027824 10339.20654
60.83523 10342.81128
1.240952 10346.41724
21.101507 10350.02197
-80.65102 10353.62671
-78.220688 10357.229
-43.470791 10360.83252
83.213106 10364.43481
16.146587 10368.03711
-182.407433 10371.6394
-28.541138 10375.23804
16.154175 10378.83789
8.688992 10382.43774
18.631153 10386.03638
-18.627202 10389.63257
-8.688845 10393.2312
-31.010637 10396.82861
