3800.0 0.00098053
3850.0 0.00061038
3900.0 0.0006044
3950.0 0.0006599
4000.0 0.0010564
4050.0 0.042244
4100.0 0.0028561
4150.0 0.0047804
4200.0 0.0076355
4250.0 0.0097661
4300.0 0.013251
4350.0 0.14379
4400.0 0.020439
4450.0 0.022037
4500.0 0.022733
4550.0 0.022765
4600.0 0.022165
4650.0 0.020413
4700.0 0.018514
4750.0 0.016766
4800.0 0.01699
4850.0 0.044574
4900.0 0.040984
4950.0 0.026272
5000.0 0.016619
5050.0 0.013318
5100.0 0.014977
5150.0 0.015868
5200.0 0.014075
5250.0 0.012063
5300.0 0.011033
5350.0 0.015985
5400.0 0.12177
5450.0 0.24701
5500.0 0.089524
5550.0 0.021308
5600.0 0.0088435
5650.0 0.005857
5700.0 0.0043921
5750.0 0.0064958
5800.0 0.040648
5850.0 0.048669
5900.0 0.030631
5950.0 0.029475
6000.0 0.039716
6050.0 0.018275
6100.0 0.2387
6150.0 0.14493
6200.0 0.03823
6250.0 0.050368
6300.0 0.062799
6350.0 0.010415
6400.0 0.0065015
6450.0 0.0069661
6500.0 0.019496
6550.0 0.0077507
6600.0 0.0050232
6650.0 0.0056249
6700.0 0.0044557
6750.0 0.0036716
6800.0 0.0043247
6850.0 0.0041092
6900.0 0.0040406
6950.0 0.0078595
7000.0 0.0016829
7050.0 0.010483
7100.0 0.022743
7150.0 0.0052134
7200.0 0.0010369
7250.0 0.00050191
7300.0 0.0014404
7350.0 0.0
7400.76666667 0.0
7451.53333333 0.0
7502.3 0.0
7553.06666667 0.0
7603.83333333 0.0
7654.6 0.0
7705.36666667 0.0
7756.13333333 0.0
7806.9 0.0
7857.66666667 0.0
7908.43333333 0.0
7959.2 0.0
8009.96666667 0.0
8060.73333333 0.0
8111.5 0.0
8162.26666667 0.0
8213.03333333 0.0
8263.8 0.0
8314.56666667 0.0
8365.33333333 0.0
8416.1 0.0
8466.86666667 0.0
8517.63333333 0.0
8568.4 0.0
8619.16666667 0.0
8669.93333333 0.0
8720.7 0.0
8771.46666667 0.0
8822.23333333 0.0
8873.0 0.0
8923.76666667 0.0
8974.53333333 0.0
9025.3 0.0
9076.06666667 0.0
9126.83333333 0.0
9177.6 0.0
9228.36666667 0.0
9279.13333333 0.0
9329.9 0.0
9380.66666667 0.0
9431.43333333 0.0
9482.2 0.0
9532.96666667 0.0
9583.73333333 0.0
9634.5 0.0
9685.26666667 0.0
9736.03333333 0.0
9786.8 0.0
9837.56666667 0.0
9888.33333333 0.0
9939.1 0.0
9989.86666667 0.0
10040.6333333 0.0
10091.4 0.0
10142.1666667 0.0
10192.9333333 0.0
10243.7 0.0
10294.4666667 0.0
10345.2333333 0.0
10396.0 0.0
