3800.0 0.00040371
3850.0 0.00036584
3900.0 0.0019337
3950.0 0.0
4000.0 0.0011753
4050.0 0.054224
4100.0 0.007465
4150.0 0.0046229
4200.0 0.013351
4250.0 0.015927
4300.0 0.019787
4350.0 0.19822
4400.0 0.027044
4450.0 0.028887
4500.0 0.029772
4550.0 0.032365
4600.0 0.030321
4650.0 0.027116
4700.0 0.024455
4750.0 0.021988
4800.0 0.023465
4850.0 0.044685
4900.0 0.041416
4950.0 0.028813
5000.0 0.018021
5050.0 0.015677
5100.0 0.016501
5150.0 0.01711
5200.0 0.015103
5250.0 0.013992
5300.0 0.012395
5350.0 0.016358
5400.0 0.11794
5450.0 0.27819
5500.0 0.084235
5550.0 0.020687
5600.0 0.0092603
5650.0 0.0067843
5700.0 0.0058345
5750.0 0.0094575
5800.0 0.042798
5850.0 0.047179
5900.0 0.029885
5950.0 0.02446
6000.0 0.031915
6050.0 0.014744
6100.0 0.21676
6150.0 0.1138
6200.0 0.037454
6250.0 0.046563
6300.0 0.048565
6350.0 0.010926
6400.0 0.0054918
6450.0 0.0077864
6500.0 0.017354
6550.0 0.007681
6600.0 0.0052318
6650.0 0.0065719
6700.0 0.0073485
6750.0 0.0
6800.0 0.0026212
6850.0 0.0042407
6900.0 0.0032406
6950.0 0.0055461
7000.0 0.0024249
7050.0 0.0084504
7100.0 0.02273
7150.0 0.0072653
7200.0 0.0
7250.0 0.0022684
7300.0 0.0067316
7350.0 0.0
7400.76666667 0.0
7451.53333333 0.0
7502.3 0.0
7553.06666667 0.0
7603.83333333 0.0
7654.6 0.0
7705.36666667 0.0
7756.13333333 0.0
7806.9 0.0
7857.66666667 0.0
7908.43333333 0.0
7959.2 0.0
8009.96666667 0.0
8060.73333333 0.0
8111.5 0.0
8162.26666667 0.0
8213.03333333 0.0
8263.8 0.0
8314.56666667 0.0
8365.33333333 0.0
8416.1 0.0
8466.86666667 0.0
8517.63333333 0.0
8568.4 0.0
8619.16666667 0.0
8669.93333333 0.0
8720.7 0.0
8771.46666667 0.0
8822.23333333 0.0
8873.0 0.0
8923.76666667 0.0
8974.53333333 0.0
9025.3 0.0
9076.06666667 0.0
9126.83333333 0.0
9177.6 0.0
9228.36666667 0.0
9279.13333333 0.0
9329.9 0.0
9380.66666667 0.0
9431.43333333 0.0
9482.2 0.0
9532.96666667 0.0
9583.73333333 0.0
9634.5 0.0
9685.26666667 0.0
9736.03333333 0.0
9786.8 0.0
9837.56666667 0.0
9888.33333333 0.0
9939.1 0.0
9989.86666667 0.0
10040.6333333 0.0
10091.4 0.0
10142.1666667 0.0
10192.9333333 0.0
10243.7 0.0
10294.4666667 0.0
10345.2333333 0.0
10396.0 0.0
