3800.0 0.00073217
3850.0 0.00037889
3900.0 0.00037887
3950.0 0.00033014
4000.0 0.0012659
4050.0 0.097532
4100.0 0.0023555
4150.0 0.0022038
4200.0 0.0027355
4250.0 0.0035497
4300.0 0.0047164
4350.0 0.16435
4400.0 0.0065078
4450.0 0.0056231
4500.0 0.0051068
4550.0 0.0048837
4600.0 0.0044311
4650.0 0.0040169
4700.0 0.003414
4750.0 0.0036097
4800.0 0.0054022
4850.0 0.029108
4900.0 0.027241
4950.0 0.016348
5000.0 0.0084587
5050.0 0.004116
5100.0 0.0034365
5150.0 0.0032266
5200.0 0.0030169
5250.0 0.0030204
5300.0 0.0037842
5350.0 0.010471
5400.0 0.10117
5450.0 0.26585
5500.0 0.07664
5550.0 0.018267
5600.0 0.0071699
5650.0 0.0052375
5700.0 0.0041994
5750.0 0.0076933
5800.0 0.055627
5850.0 0.046267
5900.0 0.032479
5950.0 0.035117
6000.0 0.048594
6050.0 0.023874
6100.0 0.29965
6150.0 0.18612
6200.0 0.04131
6250.0 0.053844
6300.0 0.079405
6350.0 0.013017
6400.0 0.0076099
6450.0 0.0079135
6500.0 0.02265
6550.0 0.0079618
6600.0 0.0053842
6650.0 0.0055318
6700.0 0.0042807
6750.0 0.0030162
6800.0 0.0033311
6850.0 0.0040354
6900.0 0.0047462
6950.0 0.0053996
7000.0 0.0014218
7050.0 0.011267
7100.0 0.027034
7150.0 0.0022366
7200.0 0.00056583
7250.0 8.2113e-05
7300.0 0.00044943
7350.0 0.0
7400.76666667 0.0
7451.53333333 0.0
7502.3 0.0
7553.06666667 0.0
7603.83333333 0.0
7654.6 0.0
7705.36666667 0.0
7756.13333333 0.0
7806.9 0.0
7857.66666667 0.0
7908.43333333 0.0
7959.2 0.0
8009.96666667 0.0
8060.73333333 0.0
8111.5 0.0
8162.26666667 0.0
8213.03333333 0.0
8263.8 0.0
8314.56666667 0.0
8365.33333333 0.0
8416.1 0.0
8466.86666667 0.0
8517.63333333 0.0
8568.4 0.0
8619.16666667 0.0
8669.93333333 0.0
8720.7 0.0
8771.46666667 0.0
8822.23333333 0.0
8873.0 0.0
8923.76666667 0.0
8974.53333333 0.0
9025.3 0.0
9076.06666667 0.0
9126.83333333 0.0
9177.6 0.0
9228.36666667 0.0
9279.13333333 0.0
9329.9 0.0
9380.66666667 0.0
9431.43333333 0.0
9482.2 0.0
9532.96666667 0.0
9583.73333333 0.0
9634.5 0.0
9685.26666667 0.0
9736.03333333 0.0
9786.8 0.0
9837.56666667 0.0
9888.33333333 0.0
9939.1 0.0
9989.86666667 0.0
10040.6333333 0.0
10091.4 0.0
10142.1666667 0.0
10192.9333333 0.0
10243.7 0.0
10294.4666667 0.0
10345.2333333 0.0
10396.0 0.0
