3800.0 0.0017192
3850.0 0.001151
3900.0 0.001166
3950.0 0.0011172
4000.0 0.0018966
4050.0 0.10234
4100.0 0.0029401
4150.0 0.0028052
4200.0 0.0031603
4250.0 0.0038309
4300.0 0.0048724
4350.0 0.19272
4400.0 0.0069683
4450.0 0.0049758
4500.0 0.0045118
4550.0 0.0040758
4600.0 0.0036565
4650.0 0.0037245
4700.0 0.0031448
4750.0 0.0036002
4800.0 0.0061012
4850.0 0.036967
4900.0 0.034714
4950.0 0.020726
5000.0 0.010536
5050.0 0.004922
5100.0 0.0043805
5150.0 0.004049
5200.0 0.0038182
5250.0 0.0038429
5300.0 0.0049859
5350.0 0.013485
5400.0 0.12009
5450.0 0.17165
5500.0 0.098157
5550.0 0.023816
5600.0 0.0093921
5650.0 0.0066319
5700.0 0.0053516
5750.0 0.0092677
5800.0 0.063817
5850.0 0.05863
5900.0 0.041396
5950.0 0.044719
6000.0 0.061191
6050.0 0.030482
6100.0 0.22029
6150.0 0.20929
6200.0 0.052035
6250.0 0.067694
6300.0 0.099463
6350.0 0.016775
6400.0 0.010088
6450.0 0.010259
6500.0 0.028394
6550.0 0.010546
6600.0 0.0071959
6650.0 0.0076385
6700.0 0.0057803
6750.0 0.0043839
6800.0 0.0052287
6850.0 0.0054652
6900.0 0.0068111
6950.0 0.0070809
7000.0 0.0022875
7050.0 0.014945
7100.0 0.034429
7150.0 0.0039039
7200.0 0.0013229
7250.0 0.00084898
7300.0 0.0014109
7350.0 0.0
7400.76666667 0.0
7451.53333333 0.0
7502.3 0.0
7553.06666667 0.0
7603.83333333 0.0
7654.6 0.0
7705.36666667 0.0
7756.13333333 0.0
7806.9 0.0
7857.66666667 0.0
7908.43333333 0.0
7959.2 0.0
8009.96666667 0.0
8060.73333333 0.0
8111.5 0.0
8162.26666667 0.0
8213.03333333 0.0
8263.8 0.0
8314.56666667 0.0
8365.33333333 0.0
8416.1 0.0
8466.86666667 0.0
8517.63333333 0.0
8568.4 0.0
8619.16666667 0.0
8669.93333333 0.0
8720.7 0.0
8771.46666667 0.0
8822.23333333 0.0
8873.0 0.0
8923.76666667 0.0
8974.53333333 0.0
9025.3 0.0
9076.06666667 0.0
9126.83333333 0.0
9177.6 0.0
9228.36666667 0.0
9279.13333333 0.0
9329.9 0.0
9380.66666667 0.0
9431.43333333 0.0
9482.2 0.0
9532.96666667 0.0
9583.73333333 0.0
9634.5 0.0
9685.26666667 0.0
9736.03333333 0.0
9786.8 0.0
9837.56666667 0.0
9888.33333333 0.0
9939.1 0.0
9989.86666667 0.0
10040.6333333 0.0
10091.4 0.0
10142.1666667 0.0
10192.9333333 0.0
10243.7 0.0
10294.4666667 0.0
10345.2333333 0.0
10396.0 0.0
