3800.0 0.00069093
3850.0 0.00078447
3900.0 0.0020439
3950.0 0.0034218
4000.0 0.0047217
4050.0 0.0056675
4100.0 0.0062937
4150.0 0.0072804
4200.0 0.0081627
4250.0 0.008799
4300.0 0.010007
4350.0 0.010279
4400.0 0.011242
4450.0 0.012281
4500.0 0.013059
4550.0 0.013896
4600.0 0.01472
4650.0 0.015558
4700.0 0.01701
4750.0 0.017962
4800.0 0.019134
4850.0 0.019942
4900.0 0.021251
4950.0 0.02233
5000.0 0.02417
5050.0 0.026029
5100.0 0.027551
5150.0 0.029387
5200.0 0.031468
5250.0 0.033682
5300.0 0.035543
5350.0 0.03789
5400.0 0.03996
5450.0 0.041834
5500.0 0.04421
5550.0 0.0461
5600.0 0.048428
5650.0 0.050015
5700.0 0.052362
5750.0 0.054034
5800.0 0.055438
5850.0 0.056821
5900.0 0.058377
5950.0 0.060017
6000.0 0.060904
6050.0 0.062361
6100.0 0.063587
6150.0 0.06466
6200.0 0.065469
6250.0 0.066077
6300.0 0.067309
6350.0 0.067792
6400.0 0.069008
6450.0 0.070221
6500.0 0.070707
6550.0 0.07106
6600.0 0.07188
6650.0 0.072347
6700.0 0.073311
6750.0 0.073629
6800.0 0.074609
6850.0 0.07497
6900.0 0.076772
6950.0 0.077852
7000.0 0.07855
7050.0 0.080414
7100.0 0.081423
7150.0 0.082808
7200.0 0.083849
7250.0 0.085773
7300.0 0.087095
7350.0 0.0
7400.76666667 0.0
7451.53333333 0.0
7502.3 0.0
7553.06666667 0.0
7603.83333333 0.0
7654.6 0.0
7705.36666667 0.0
7756.13333333 0.0
7806.9 0.0
7857.66666667 0.0
7908.43333333 0.0
7959.2 0.0
8009.96666667 0.0
8060.73333333 0.0
8111.5 0.0
8162.26666667 0.0
8213.03333333 0.0
8263.8 0.0
8314.56666667 0.0
8365.33333333 0.0
8416.1 0.0
8466.86666667 0.0
8517.63333333 0.0
8568.4 0.0
8619.16666667 0.0
8669.93333333 0.0
8720.7 0.0
8771.46666667 0.0
8822.23333333 0.0
8873.0 0.0
8923.76666667 0.0
8974.53333333 0.0
9025.3 0.0
9076.06666667 0.0
9126.83333333 0.0
9177.6 0.0
9228.36666667 0.0
9279.13333333 0.0
9329.9 0.0
9380.66666667 0.0
9431.43333333 0.0
9482.2 0.0
9532.96666667 0.0
9583.73333333 0.0
9634.5 0.0
9685.26666667 0.0
9736.03333333 0.0
9786.8 0.0
9837.56666667 0.0
9888.33333333 0.0
9939.1 0.0
9989.86666667 0.0
10040.6333333 0.0
10091.4 0.0
10142.1666667 0.0
10192.9333333 0.0
10243.7 0.0
10294.4666667 0.0
10345.2333333 0.0
10396.0 0.0
