3800.0 0.0031822
3850.0 0.0036799
3900.0 0.0041778
3950.0 0.0045567
4000.0 0.0051788
4050.0 0.0057206
4100.0 0.0063274
4150.0 0.006959
4200.0 0.0076489
4250.0 0.0083267
4300.0 0.0091089
4350.0 0.0099446
4400.0 0.010802
4450.0 0.011724
4500.0 0.01265
4550.0 0.013509
4600.0 0.014494
4650.0 0.015738
4700.0 0.016656
4750.0 0.017869
4800.0 0.019084
4850.0 0.020223
4900.0 0.021515
4950.0 0.022862
5000.0 0.024435
5050.0 0.026137
5100.0 0.027894
5150.0 0.029958
5200.0 0.031982
5250.0 0.034166
5300.0 0.036297
5350.0 0.038272
5400.0 0.040335
5450.0 0.04239
5500.0 0.044299
5550.0 0.046149
5600.0 0.048172
5650.0 0.049732
5700.0 0.051407
5750.0 0.053004
5800.0 0.05466
5850.0 0.056144
5900.0 0.057712
5950.0 0.05913
6000.0 0.060423
6050.0 0.061812
6100.0 0.063215
6150.0 0.064659
6200.0 0.06567
6250.0 0.067051
6300.0 0.06819
6350.0 0.069246
6400.0 0.070334
6450.0 0.071261
6500.0 0.072243
6550.0 0.073177
6600.0 0.0741
6650.0 0.074551
6700.0 0.075137
6750.0 0.075566
6800.0 0.07643
6850.0 0.07691
6900.0 0.077713
6950.0 0.078383
7000.0 0.0789
7050.0 0.080057
7100.0 0.080156
7150.0 0.080644
7200.0 0.08153
7250.0 0.081721
7300.0 0.082593
7350.0 0.0
7400.76666667 0.0
7451.53333333 0.0
7502.3 0.0
7553.06666667 0.0
7603.83333333 0.0
7654.6 0.0
7705.36666667 0.0
7756.13333333 0.0
7806.9 0.0
7857.66666667 0.0
7908.43333333 0.0
7959.2 0.0
8009.96666667 0.0
8060.73333333 0.0
8111.5 0.0
8162.26666667 0.0
8213.03333333 0.0
8263.8 0.0
8314.56666667 0.0
8365.33333333 0.0
8416.1 0.0
8466.86666667 0.0
8517.63333333 0.0
8568.4 0.0
8619.16666667 0.0
8669.93333333 0.0
8720.7 0.0
8771.46666667 0.0
8822.23333333 0.0
8873.0 0.0
8923.76666667 0.0
8974.53333333 0.0
9025.3 0.0
9076.06666667 0.0
9126.83333333 0.0
9177.6 0.0
9228.36666667 0.0
9279.13333333 0.0
9329.9 0.0
9380.66666667 0.0
9431.43333333 0.0
9482.2 0.0
9532.96666667 0.0
9583.73333333 0.0
9634.5 0.0
9685.26666667 0.0
9736.03333333 0.0
9786.8 0.0
9837.56666667 0.0
9888.33333333 0.0
9939.1 0.0
9989.86666667 0.0
10040.6333333 0.0
10091.4 0.0
10142.1666667 0.0
10192.9333333 0.0
10243.7 0.0
10294.4666667 0.0
10345.2333333 0.0
10396.0 0.0
