3800.0 0.0040763
3850.0 0.0045867
3900.0 0.0052318
3950.0 0.0059947
4000.0 0.00621
4050.0 0.0069195
4100.0 0.0076925
4150.0 0.008266
4200.0 0.0088566
4250.0 0.0097537
4300.0 0.010748
4350.0 0.011154
4400.0 0.011863
4450.0 0.013131
4500.0 0.014088
4550.0 0.014857
4600.0 0.015618
4650.0 0.016686
4700.0 0.017758
4750.0 0.019093
4800.0 0.019982
4850.0 0.021122
4900.0 0.022205
4950.0 0.023561
5000.0 0.024779
5050.0 0.026649
5100.0 0.028282
5150.0 0.03026
5200.0 0.032223
5250.0 0.034368
5300.0 0.03631
5350.0 0.03833
5400.0 0.040607
5450.0 0.042685
5500.0 0.044436
5550.0 0.046396
5600.0 0.048505
5650.0 0.050403
5700.0 0.051847
5750.0 0.053634
5800.0 0.054798
5850.0 0.056758
5900.0 0.057929
5950.0 0.059323
6000.0 0.060333
6050.0 0.061506
6100.0 0.062369
6150.0 0.063502
6200.0 0.064028
6250.0 0.065147
6300.0 0.065695
6350.0 0.066702
6400.0 0.067069
6450.0 0.068008
6500.0 0.068537
6550.0 0.069274
6600.0 0.06998
6650.0 0.070235
6700.0 0.070483
6750.0 0.070838
6800.0 0.071346
6850.0 0.072417
6900.0 0.07284
6950.0 0.073516
7000.0 0.073815
7050.0 0.075087
7100.0 0.075886
7150.0 0.077049
7200.0 0.077571
7250.0 0.078301
7300.0 0.079531
7350.0 0.0
7400.76666667 0.0
7451.53333333 0.0
7502.3 0.0
7553.06666667 0.0
7603.83333333 0.0
7654.6 0.0
7705.36666667 0.0
7756.13333333 0.0
7806.9 0.0
7857.66666667 0.0
7908.43333333 0.0
7959.2 0.0
8009.96666667 0.0
8060.73333333 0.0
8111.5 0.0
8162.26666667 0.0
8213.03333333 0.0
8263.8 0.0
8314.56666667 0.0
8365.33333333 0.0
8416.1 0.0
8466.86666667 0.0
8517.63333333 0.0
8568.4 0.0
8619.16666667 0.0
8669.93333333 0.0
8720.7 0.0
8771.46666667 0.0
8822.23333333 0.0
8873.0 0.0
8923.76666667 0.0
8974.53333333 0.0
9025.3 0.0
9076.06666667 0.0
9126.83333333 0.0
9177.6 0.0
9228.36666667 0.0
9279.13333333 0.0
9329.9 0.0
9380.66666667 0.0
9431.43333333 0.0
9482.2 0.0
9532.96666667 0.0
9583.73333333 0.0
9634.5 0.0
9685.26666667 0.0
9736.03333333 0.0
9786.8 0.0
9837.56666667 0.0
9888.33333333 0.0
9939.1 0.0
9989.86666667 0.0
10040.6333333 0.0
10091.4 0.0
10142.1666667 0.0
10192.9333333 0.0
10243.7 0.0
10294.4666667 0.0
10345.2333333 0.0
10396.0 0.0
