3800.0 0.0033555
3850.0 0.0039907
3900.0 0.0044817
3950.0 0.0049296
4000.0 0.0055626
4050.0 0.0060721
4100.0 0.0068148
4150.0 0.0074353
4200.0 0.0081982
4250.0 0.0089513
4300.0 0.0097842
4350.0 0.010682
4400.0 0.011521
4450.0 0.012444
4500.0 0.013441
4550.0 0.014288
4600.0 0.01543
4650.0 0.01659
4700.0 0.017685
4750.0 0.018789
4800.0 0.020237
4850.0 0.021216
4900.0 0.022644
4950.0 0.024029
5000.0 0.02556
5050.0 0.027374
5100.0 0.029103
5150.0 0.0311
5200.0 0.033221
5250.0 0.035196
5300.0 0.037141
5350.0 0.039026
5400.0 0.040762
5450.0 0.042546
5500.0 0.044198
5550.0 0.045904
5600.0 0.047617
5650.0 0.049148
5700.0 0.050632
5750.0 0.05215
5800.0 0.053738
5850.0 0.055199
5900.0 0.05673
5950.0 0.058187
6000.0 0.059466
6050.0 0.060886
6100.0 0.062363
6150.0 0.063914
6200.0 0.065169
6250.0 0.06661
6300.0 0.068047
6350.0 0.069278
6400.0 0.070675
6450.0 0.071832
6500.0 0.073017
6550.0 0.074363
6600.0 0.075692
6650.0 0.076783
6700.0 0.077876
6750.0 0.079131
6800.0 0.080383
6850.0 0.081524
6900.0 0.082904
6950.0 0.083846
7000.0 0.085121
7050.0 0.086494
7100.0 0.087141
7150.0 0.088419
7200.0 0.089362
7250.0 0.09026
7300.0 0.09131
7350.0 0.0
7400.76666667 0.0
7451.53333333 0.0
7502.3 0.0
7553.06666667 0.0
7603.83333333 0.0
7654.6 0.0
7705.36666667 0.0
7756.13333333 0.0
7806.9 0.0
7857.66666667 0.0
7908.43333333 0.0
7959.2 0.0
8009.96666667 0.0
8060.73333333 0.0
8111.5 0.0
8162.26666667 0.0
8213.03333333 0.0
8263.8 0.0
8314.56666667 0.0
8365.33333333 0.0
8416.1 0.0
8466.86666667 0.0
8517.63333333 0.0
8568.4 0.0
8619.16666667 0.0
8669.93333333 0.0
8720.7 0.0
8771.46666667 0.0
8822.23333333 0.0
8873.0 0.0
8923.76666667 0.0
8974.53333333 0.0
9025.3 0.0
9076.06666667 0.0
9126.83333333 0.0
9177.6 0.0
9228.36666667 0.0
9279.13333333 0.0
9329.9 0.0
9380.66666667 0.0
9431.43333333 0.0
9482.2 0.0
9532.96666667 0.0
9583.73333333 0.0
9634.5 0.0
9685.26666667 0.0
9736.03333333 0.0
9786.8 0.0
9837.56666667 0.0
9888.33333333 0.0
9939.1 0.0
9989.86666667 0.0
10040.6333333 0.0
10091.4 0.0
10142.1666667 0.0
10192.9333333 0.0
10243.7 0.0
10294.4666667 0.0
10345.2333333 0.0
10396.0 0.0
