3800.0 0.0042177
3850.0 0.0050396
3900.0 0.0054278
3950.0 0.0061002
4000.0 0.006266
4050.0 0.0071017
4100.0 0.0081228
4150.0 0.00877
4200.0 0.0089845
4250.0 0.010291
4300.0 0.010921
4350.0 0.011359
4400.0 0.012479
4450.0 0.013433
4500.0 0.014396
4550.0 0.015083
4600.0 0.01635
4650.0 0.01724
4700.0 0.018233
4750.0 0.019139
4800.0 0.020673
4850.0 0.021533
4900.0 0.022404
4950.0 0.023839
5000.0 0.025185
5050.0 0.026904
5100.0 0.028748
5150.0 0.030702
5200.0 0.032691
5250.0 0.034579
5300.0 0.036734
5350.0 0.03884
5400.0 0.040475
5450.0 0.042695
5500.0 0.044585
5550.0 0.046721
5600.0 0.048605
5650.0 0.050285
5700.0 0.051458
5750.0 0.053243
5800.0 0.05515
5850.0 0.056544
5900.0 0.057917
5950.0 0.059021
6000.0 0.060266
6050.0 0.061492
6100.0 0.061534
6150.0 0.063136
6200.0 0.063479
6250.0 0.064126
6300.0 0.064993
6350.0 0.066304
6400.0 0.06662
6450.0 0.067154
6500.0 0.067671
6550.0 0.068095
6600.0 0.068825
6650.0 0.068999
6700.0 0.069182
6750.0 0.069628
6800.0 0.070497
6850.0 0.070978
6900.0 0.070878
6950.0 0.071598
7000.0 0.072077
7050.0 0.073477
7100.0 0.074113
7150.0 0.074625
7200.0 0.074592
7250.0 0.075026
7300.0 0.07631
7350.0 0.0
7400.76666667 0.0
7451.53333333 0.0
7502.3 0.0
7553.06666667 0.0
7603.83333333 0.0
7654.6 0.0
7705.36666667 0.0
7756.13333333 0.0
7806.9 0.0
7857.66666667 0.0
7908.43333333 0.0
7959.2 0.0
8009.96666667 0.0
8060.73333333 0.0
8111.5 0.0
8162.26666667 0.0
8213.03333333 0.0
8263.8 0.0
8314.56666667 0.0
8365.33333333 0.0
8416.1 0.0
8466.86666667 0.0
8517.63333333 0.0
8568.4 0.0
8619.16666667 0.0
8669.93333333 0.0
8720.7 0.0
8771.46666667 0.0
8822.23333333 0.0
8873.0 0.0
8923.76666667 0.0
8974.53333333 0.0
9025.3 0.0
9076.06666667 0.0
9126.83333333 0.0
9177.6 0.0
9228.36666667 0.0
9279.13333333 0.0
9329.9 0.0
9380.66666667 0.0
9431.43333333 0.0
9482.2 0.0
9532.96666667 0.0
9583.73333333 0.0
9634.5 0.0
9685.26666667 0.0
9736.03333333 0.0
9786.8 0.0
9837.56666667 0.0
9888.33333333 0.0
9939.1 0.0
9989.86666667 0.0
10040.6333333 0.0
10091.4 0.0
10142.1666667 0.0
10192.9333333 0.0
10243.7 0.0
10294.4666667 0.0
10345.2333333 0.0
10396.0 0.0
