3800.0 0.0029409
3850.0 0.0033625
3900.0 0.0037228
3950.0 0.0042565
4000.0 0.0047273
4050.0 0.0051996
4100.0 0.0057014
4150.0 0.0063911
4200.0 0.0070828
4250.0 0.0078885
4300.0 0.0085518
4350.0 0.0091501
4400.0 0.0099107
4450.0 0.011106
4500.0 0.011671
4550.0 0.012681
4600.0 0.013749
4650.0 0.014731
4700.0 0.015679
4750.0 0.016803
4800.0 0.017916
4850.0 0.018905
4900.0 0.020076
4950.0 0.021426
5000.0 0.022948
5050.0 0.024557
5100.0 0.026347
5150.0 0.028317
5200.0 0.030509
5250.0 0.032615
5300.0 0.034672
5350.0 0.036998
5400.0 0.03902
5450.0 0.04145
5500.0 0.043656
5550.0 0.045712
5600.0 0.048095
5650.0 0.049964
5700.0 0.051996
5750.0 0.053723
5800.0 0.055568
5850.0 0.057432
5900.0 0.05908
5950.0 0.06057
6000.0 0.062403
6050.0 0.06358
6100.0 0.065102
6150.0 0.066239
6200.0 0.067444
6250.0 0.068676
6300.0 0.069751
6350.0 0.071372
6400.0 0.071827
6450.0 0.073234
6500.0 0.074047
6550.0 0.0748
6600.0 0.076223
6650.0 0.076604
6700.0 0.077483
6750.0 0.078078
6800.0 0.078809
6850.0 0.079635
6900.0 0.080755
6950.0 0.081916
7000.0 0.082658
7050.0 0.08367
7100.0 0.084384
7150.0 0.085604
7200.0 0.086365
7250.0 0.087044
7300.0 0.088385
7350.0 0.0
7400.76666667 0.0
7451.53333333 0.0
7502.3 0.0
7553.06666667 0.0
7603.83333333 0.0
7654.6 0.0
7705.36666667 0.0
7756.13333333 0.0
7806.9 0.0
7857.66666667 0.0
7908.43333333 0.0
7959.2 0.0
8009.96666667 0.0
8060.73333333 0.0
8111.5 0.0
8162.26666667 0.0
8213.03333333 0.0
8263.8 0.0
8314.56666667 0.0
8365.33333333 0.0
8416.1 0.0
8466.86666667 0.0
8517.63333333 0.0
8568.4 0.0
8619.16666667 0.0
8669.93333333 0.0
8720.7 0.0
8771.46666667 0.0
8822.23333333 0.0
8873.0 0.0
8923.76666667 0.0
8974.53333333 0.0
9025.3 0.0
9076.06666667 0.0
9126.83333333 0.0
9177.6 0.0
9228.36666667 0.0
9279.13333333 0.0
9329.9 0.0
9380.66666667 0.0
9431.43333333 0.0
9482.2 0.0
9532.96666667 0.0
9583.73333333 0.0
9634.5 0.0
9685.26666667 0.0
9736.03333333 0.0
9786.8 0.0
9837.56666667 0.0
9888.33333333 0.0
9939.1 0.0
9989.86666667 0.0
10040.6333333 0.0
10091.4 0.0
10142.1666667 0.0
10192.9333333 0.0
10243.7 0.0
10294.4666667 0.0
10345.2333333 0.0
10396.0 0.0
