3800.0 0.0034144
3850.0 0.0036058
3900.0 0.0039894
3950.0 0.0040196
4000.0 0.0047624
4050.0 0.005694
4100.0 0.0058374
4150.0 0.0063793
4200.0 0.0071783
4250.0 0.0078036
4300.0 0.0084527
4350.0 0.0089943
4400.0 0.0099596
4450.0 0.010655
4500.0 0.011682
4550.0 0.012433
4600.0 0.013776
4650.0 0.014898
4700.0 0.015678
4750.0 0.017036
4800.0 0.017862
4850.0 0.018598
4900.0 0.020144
4950.0 0.021292
5000.0 0.022711
5050.0 0.024405
5100.0 0.026373
5150.0 0.028214
5200.0 0.03027
5250.0 0.031986
5300.0 0.034836
5350.0 0.036751
5400.0 0.038989
5450.0 0.041395
5500.0 0.043398
5550.0 0.045517
5600.0 0.047806
5650.0 0.049712
5700.0 0.051537
5750.0 0.053745
5800.0 0.055691
5850.0 0.057464
5900.0 0.059091
5950.0 0.061295
6000.0 0.062508
6050.0 0.064043
6100.0 0.065377
6150.0 0.066658
6200.0 0.067927
6250.0 0.068951
6300.0 0.070619
6350.0 0.071022
6400.0 0.072887
6450.0 0.074068
6500.0 0.075011
6550.0 0.076207
6600.0 0.076836
6650.0 0.077932
6700.0 0.077734
6750.0 0.079898
6800.0 0.080595
6850.0 0.080277
6900.0 0.083242
6950.0 0.084213
7000.0 0.084463
7050.0 0.087364
7100.0 0.087835
7150.0 0.089177
7200.0 0.091099
7250.0 0.091433
7300.0 0.094443
7350.0 0.0
7400.76666667 0.0
7451.53333333 0.0
7502.3 0.0
7553.06666667 0.0
7603.83333333 0.0
7654.6 0.0
7705.36666667 0.0
7756.13333333 0.0
7806.9 0.0
7857.66666667 0.0
7908.43333333 0.0
7959.2 0.0
8009.96666667 0.0
8060.73333333 0.0
8111.5 0.0
8162.26666667 0.0
8213.03333333 0.0
8263.8 0.0
8314.56666667 0.0
8365.33333333 0.0
8416.1 0.0
8466.86666667 0.0
8517.63333333 0.0
8568.4 0.0
8619.16666667 0.0
8669.93333333 0.0
8720.7 0.0
8771.46666667 0.0
8822.23333333 0.0
8873.0 0.0
8923.76666667 0.0
8974.53333333 0.0
9025.3 0.0
9076.06666667 0.0
9126.83333333 0.0
9177.6 0.0
9228.36666667 0.0
9279.13333333 0.0
9329.9 0.0
9380.66666667 0.0
9431.43333333 0.0
9482.2 0.0
9532.96666667 0.0
9583.73333333 0.0
9634.5 0.0
9685.26666667 0.0
9736.03333333 0.0
9786.8 0.0
9837.56666667 0.0
9888.33333333 0.0
9939.1 0.0
9989.86666667 0.0
10040.6333333 0.0
10091.4 0.0
10142.1666667 0.0
10192.9333333 0.0
10243.7 0.0
10294.4666667 0.0
10345.2333333 0.0
10396.0 0.0
