3800.0 0.0029266
3850.0 0.003634
3900.0 0.0043175
3950.0 0.0049511
4000.0 0.0059204
4050.0 0.006418
4100.0 0.0075376
4150.0 0.0083187
4200.0 0.0088604
4250.0 0.0099717
4300.0 0.01007
4350.0 0.011332
4400.0 0.013083
4450.0 0.014118
4500.0 0.015058
4550.0 0.015884
4600.0 0.016672
4650.0 0.018666
4700.0 0.01872
4750.0 0.020238
4800.0 0.021609
4850.0 0.024023
4900.0 0.025645
4950.0 0.027147
5000.0 0.028103
5050.0 0.029374
5100.0 0.028853
5150.0 0.029912
5200.0 0.033354
5250.0 0.030741
5300.0 0.031387
5350.0 0.038355
5400.0 0.047263
5450.0 0.05262
5500.0 0.056506
5550.0 0.059221
5600.0 0.06161
5650.0 0.060682
5700.0 0.035739
5750.0 0.022914
5800.0 0.02645
5850.0 0.016724
5900.0 0.024985
5950.0 0.039992
6000.0 0.056941
6050.0 0.070218
6100.0 0.077468
6150.0 0.087206
6200.0 0.090984
6250.0 0.091903
6300.0 0.092928
6350.0 0.095835
6400.0 0.097745
6450.0 0.099808
6500.0 0.10072
6550.0 0.10219
6600.0 0.10301
6650.0 0.10361
6700.0 0.1038
6750.0 0.10336
6800.0 0.1022
6850.0 0.10002
6900.0 0.10363
6950.0 0.10877
7000.0 0.10989
7050.0 0.11301
7100.0 0.11393
7150.0 0.11379
7200.0 0.11482
7250.0 0.11291
7300.0 0.10755
7350.0 0.0
7400.76666667 0.0
7451.53333333 0.0
7502.3 0.0
7553.06666667 0.0
7603.83333333 0.0
7654.6 0.0
7705.36666667 0.0
7756.13333333 0.0
7806.9 0.0
7857.66666667 0.0
7908.43333333 0.0
7959.2 0.0
8009.96666667 0.0
8060.73333333 0.0
8111.5 0.0
8162.26666667 0.0
8213.03333333 0.0
8263.8 0.0
8314.56666667 0.0
8365.33333333 0.0
8416.1 0.0
8466.86666667 0.0
8517.63333333 0.0
8568.4 0.0
8619.16666667 0.0
8669.93333333 0.0
8720.7 0.0
8771.46666667 0.0
8822.23333333 0.0
8873.0 0.0
8923.76666667 0.0
8974.53333333 0.0
9025.3 0.0
9076.06666667 0.0
9126.83333333 0.0
9177.6 0.0
9228.36666667 0.0
9279.13333333 0.0
9329.9 0.0
9380.66666667 0.0
9431.43333333 0.0
9482.2 0.0
9532.96666667 0.0
9583.73333333 0.0
9634.5 0.0
9685.26666667 0.0
9736.03333333 0.0
9786.8 0.0
9837.56666667 0.0
9888.33333333 0.0
9939.1 0.0
9989.86666667 0.0
10040.6333333 0.0
10091.4 0.0
10142.1666667 0.0
10192.9333333 0.0
10243.7 0.0
10294.4666667 0.0
10345.2333333 0.0
10396.0 0.0
