3800.0 0.00021357
3850.0 0.0003186
3900.0 0.00022203
3950.0 0.0
4000.0 0.00020226
4050.0 0.00044959
4100.0 0.00061229
4150.0 0.0007633
4200.0 0.0010991
4250.0 0.0022032
4300.0 0.0043374
4350.0 0.0083417
4400.0 0.015253
4450.0 0.027791
4500.0 0.038642
4550.0 0.033208
4600.0 0.022359
4650.0 0.017164
4700.0 0.013847
4750.0 0.010776
4800.0 0.010068
4850.0 0.010957
4900.0 0.012381
4950.0 0.015727
5000.0 0.019637
5050.0 0.023979
5100.0 0.027806
5150.0 0.031578
5200.0 0.034252
5250.0 0.036098
5300.0 0.037776
5350.0 0.038731
5400.0 0.040047
5450.0 0.04094
5500.0 0.042485
5550.0 0.044137
5600.0 0.046423
5650.0 0.049211
5700.0 0.052663
5750.0 0.056601
5800.0 0.060388
5850.0 0.064142
5900.0 0.067354
5950.0 0.069482
6000.0 0.070669
6050.0 0.070588
6100.0 0.06981
6150.0 0.067328
6200.0 0.064131
6250.0 0.059861
6300.0 0.055816
6350.0 0.051232
6400.0 0.045889
6450.0 0.041113
6500.0 0.036586
6550.0 0.032299
6600.0 0.028044
6650.0 0.02444
6700.0 0.02111
6750.0 0.018185
6800.0 0.015637
6850.0 0.013143
6900.0 0.011078
6950.0 0.0095354
7000.0 0.0081304
7050.0 0.0066005
7100.0 0.0059736
7150.0 0.0049857
7200.0 0.0041327
7250.0 0.0034493
7300.0 0.003004
7350.0 0.0
7400.76666667 0.0
7451.53333333 0.0
7502.3 0.0
7553.06666667 0.0
7603.83333333 0.0
7654.6 0.0
7705.36666667 0.0
7756.13333333 0.0
7806.9 0.0
7857.66666667 0.0
7908.43333333 0.0
7959.2 0.0
8009.96666667 0.0
8060.73333333 0.0
8111.5 0.0
8162.26666667 0.0
8213.03333333 0.0
8263.8 0.0
8314.56666667 0.0
8365.33333333 0.0
8416.1 0.0
8466.86666667 0.0
8517.63333333 0.0
8568.4 0.0
8619.16666667 0.0
8669.93333333 0.0
8720.7 0.0
8771.46666667 0.0
8822.23333333 0.0
8873.0 0.0
8923.76666667 0.0
8974.53333333 0.0
9025.3 0.0
9076.06666667 0.0
9126.83333333 0.0
9177.6 0.0
9228.36666667 0.0
9279.13333333 0.0
9329.9 0.0
9380.66666667 0.0
9431.43333333 0.0
9482.2 0.0
9532.96666667 0.0
9583.73333333 0.0
9634.5 0.0
9685.26666667 0.0
9736.03333333 0.0
9786.8 0.0
9837.56666667 0.0
9888.33333333 0.0
9939.1 0.0
9989.86666667 0.0
10040.6333333 0.0
10091.4 0.0
10142.1666667 0.0
10192.9333333 0.0
10243.7 0.0
10294.4666667 0.0
10345.2333333 0.0
10396.0 0.0
