3800.0 0.0
3850.0 0.00010243
3900.0 0.0
3950.0 0.0
4000.0 0.00022302
4050.0 0.0
4100.0 0.0002437
4150.0 0.00082772
4200.0 0.00086428
4250.0 0.0012589
4300.0 0.0027764
4350.0 0.004085
4400.0 0.0070429
4450.0 0.011844
4500.0 0.019526
4550.0 0.028027
4600.0 0.028167
4650.0 0.02315
4700.0 0.020509
4750.0 0.019247
4800.0 0.016122
4850.0 0.015149
4900.0 0.015195
4950.0 0.016168
5000.0 0.017546
5050.0 0.019369
5100.0 0.021185
5150.0 0.023618
5200.0 0.025121
5250.0 0.027501
5300.0 0.029682
5350.0 0.032398
5400.0 0.035328
5450.0 0.038119
5500.0 0.041725
5550.0 0.045118
5600.0 0.049092
5650.0 0.05271
5700.0 0.056213
5750.0 0.05992
5800.0 0.063044
5850.0 0.066844
5900.0 0.069725
5950.0 0.071791
6000.0 0.072688
6050.0 0.072809
6100.0 0.072902
6150.0 0.071787
6200.0 0.069213
6250.0 0.066869
6300.0 0.062958
6350.0 0.060263
6400.0 0.055863
6450.0 0.051566
6500.0 0.047502
6550.0 0.042376
6600.0 0.03834
6650.0 0.033784
6700.0 0.030389
6750.0 0.02692
6800.0 0.024039
6850.0 0.021138
6900.0 0.017902
6950.0 0.015314
7000.0 0.013817
7050.0 0.011602
7100.0 0.0099089
7150.0 0.0084162
7200.0 0.0072277
7250.0 0.0064677
7300.0 0.005646
7350.0 0.0
7400.76666667 0.0
7451.53333333 0.0
7502.3 0.0
7553.06666667 0.0
7603.83333333 0.0
7654.6 0.0
7705.36666667 0.0
7756.13333333 0.0
7806.9 0.0
7857.66666667 0.0
7908.43333333 0.0
7959.2 0.0
8009.96666667 0.0
8060.73333333 0.0
8111.5 0.0
8162.26666667 0.0
8213.03333333 0.0
8263.8 0.0
8314.56666667 0.0
8365.33333333 0.0
8416.1 0.0
8466.86666667 0.0
8517.63333333 0.0
8568.4 0.0
8619.16666667 0.0
8669.93333333 0.0
8720.7 0.0
8771.46666667 0.0
8822.23333333 0.0
8873.0 0.0
8923.76666667 0.0
8974.53333333 0.0
9025.3 0.0
9076.06666667 0.0
9126.83333333 0.0
9177.6 0.0
9228.36666667 0.0
9279.13333333 0.0
9329.9 0.0
9380.66666667 0.0
9431.43333333 0.0
9482.2 0.0
9532.96666667 0.0
9583.73333333 0.0
9634.5 0.0
9685.26666667 0.0
9736.03333333 0.0
9786.8 0.0
9837.56666667 0.0
9888.33333333 0.0
9939.1 0.0
9989.86666667 0.0
10040.6333333 0.0
10091.4 0.0
10142.1666667 0.0
10192.9333333 0.0
10243.7 0.0
10294.4666667 0.0
10345.2333333 0.0
10396.0 0.0
