3800.0 6.0806e-06
3850.0 0.00031218
3900.0 3.8301e-05
3950.0 0.00024498
4000.0 0.00031729
4050.0 0.0002773
4100.0 0.00055822
4150.0 0.0012048
4200.0 0.002173
4250.0 0.0036204
4300.0 0.006254
4350.0 0.0095414
4400.0 0.014246
4450.0 0.020465
4500.0 0.024561
4550.0 0.021283
4600.0 0.015491
4650.0 0.012926
4700.0 0.010623
4750.0 0.0089278
4800.0 0.0085034
4850.0 0.0091846
4900.0 0.010646
4950.0 0.012887
5000.0 0.015833
5050.0 0.018961
5100.0 0.021893
5150.0 0.02459
5200.0 0.026949
5250.0 0.029192
5300.0 0.031477
5350.0 0.033591
5400.0 0.035942
5450.0 0.038331
5500.0 0.041175
5550.0 0.044298
5600.0 0.047635
5650.0 0.050938
5700.0 0.054461
5750.0 0.057726
5800.0 0.061079
5850.0 0.064214
5900.0 0.067078
5950.0 0.069689
6000.0 0.071503
6050.0 0.072764
6100.0 0.073847
6150.0 0.074165
6200.0 0.073318
6250.0 0.072298
6300.0 0.070304
6350.0 0.068537
6400.0 0.065813
6450.0 0.062494
6500.0 0.059032
6550.0 0.054886
6600.0 0.050719
6650.0 0.046642
6700.0 0.042307
6750.0 0.038347
6800.0 0.034463
6850.0 0.030818
6900.0 0.027692
6950.0 0.024507
7000.0 0.021758
7050.0 0.019468
7100.0 0.016926
7150.0 0.014986
7200.0 0.013035
7250.0 0.011365
7300.0 0.0098107
7350.0 0.0
7400.76666667 0.0
7451.53333333 0.0
7502.3 0.0
7553.06666667 0.0
7603.83333333 0.0
7654.6 0.0
7705.36666667 0.0
7756.13333333 0.0
7806.9 0.0
7857.66666667 0.0
7908.43333333 0.0
7959.2 0.0
8009.96666667 0.0
8060.73333333 0.0
8111.5 0.0
8162.26666667 0.0
8213.03333333 0.0
8263.8 0.0
8314.56666667 0.0
8365.33333333 0.0
8416.1 0.0
8466.86666667 0.0
8517.63333333 0.0
8568.4 0.0
8619.16666667 0.0
8669.93333333 0.0
8720.7 0.0
8771.46666667 0.0
8822.23333333 0.0
8873.0 0.0
8923.76666667 0.0
8974.53333333 0.0
9025.3 0.0
9076.06666667 0.0
9126.83333333 0.0
9177.6 0.0
9228.36666667 0.0
9279.13333333 0.0
9329.9 0.0
9380.66666667 0.0
9431.43333333 0.0
9482.2 0.0
9532.96666667 0.0
9583.73333333 0.0
9634.5 0.0
9685.26666667 0.0
9736.03333333 0.0
9786.8 0.0
9837.56666667 0.0
9888.33333333 0.0
9939.1 0.0
9989.86666667 0.0
10040.6333333 0.0
10091.4 0.0
10142.1666667 0.0
10192.9333333 0.0
10243.7 0.0
10294.4666667 0.0
10345.2333333 0.0
10396.0 0.0
