3800.0 7.5391e-05
3850.0 4.94e-07
3900.0 0.00012986
3950.0 2.597e-05
4000.0 0.00011012
4050.0 0.00039922
4100.0 0.00072031
4150.0 0.0014336
4200.0 0.003092
4250.0 0.0059828
4300.0 0.0098276
4350.0 0.013985
4400.0 0.01924
4450.0 0.023573
4500.0 0.020175
4550.0 0.01257
4600.0 0.0087934
4650.0 0.0063678
4700.0 0.0046046
4750.0 0.0037737
4800.0 0.0038434
4850.0 0.0040305
4900.0 0.0045682
4950.0 0.0057484
5000.0 0.0073275
5050.0 0.0088796
5100.0 0.010779
5150.0 0.012442
5200.0 0.014127
5250.0 0.016015
5300.0 0.018274
5350.0 0.02139
5400.0 0.025175
5450.0 0.02994
5500.0 0.036343
5550.0 0.044068
5600.0 0.052741
5650.0 0.061282
5700.0 0.069705
5750.0 0.076837
5800.0 0.082558
5850.0 0.085988
5900.0 0.087668
5950.0 0.087071
6000.0 0.085117
6050.0 0.081435
6100.0 0.076761
6150.0 0.071817
6200.0 0.065514
6250.0 0.059815
6300.0 0.053566
6350.0 0.048204
6400.0 0.042749
6450.0 0.037762
6500.0 0.033011
6550.0 0.028763
6600.0 0.024957
6650.0 0.021451
6700.0 0.018621
6750.0 0.015879
6800.0 0.013694
6850.0 0.011922
6900.0 0.0099891
6950.0 0.0087922
7000.0 0.0071108
7050.0 0.0062403
7100.0 0.0053343
7150.0 0.0046572
7200.0 0.0041223
7250.0 0.0034327
7300.0 0.003034
7350.0 0.0
7400.76666667 0.0
7451.53333333 0.0
7502.3 0.0
7553.06666667 0.0
7603.83333333 0.0
7654.6 0.0
7705.36666667 0.0
7756.13333333 0.0
7806.9 0.0
7857.66666667 0.0
7908.43333333 0.0
7959.2 0.0
8009.96666667 0.0
8060.73333333 0.0
8111.5 0.0
8162.26666667 0.0
8213.03333333 0.0
8263.8 0.0
8314.56666667 0.0
8365.33333333 0.0
8416.1 0.0
8466.86666667 0.0
8517.63333333 0.0
8568.4 0.0
8619.16666667 0.0
8669.93333333 0.0
8720.7 0.0
8771.46666667 0.0
8822.23333333 0.0
8873.0 0.0
8923.76666667 0.0
8974.53333333 0.0
9025.3 0.0
9076.06666667 0.0
9126.83333333 0.0
9177.6 0.0
9228.36666667 0.0
9279.13333333 0.0
9329.9 0.0
9380.66666667 0.0
9431.43333333 0.0
9482.2 0.0
9532.96666667 0.0
9583.73333333 0.0
9634.5 0.0
9685.26666667 0.0
9736.03333333 0.0
9786.8 0.0
9837.56666667 0.0
9888.33333333 0.0
9939.1 0.0
9989.86666667 0.0
10040.6333333 0.0
10091.4 0.0
10142.1666667 0.0
10192.9333333 0.0
10243.7 0.0
10294.4666667 0.0
10345.2333333 0.0
10396.0 0.0
