3800.0 0.0
3850.0 0.0002294
3900.0 1.7798e-05
3950.0 3.8318e-06
4000.0 0.00035751
4050.0 0.00015625
4100.0 0.00066722
4150.0 0.0005101
4200.0 0.0020159
4250.0 0.0034532
4300.0 0.0052769
4350.0 0.0079263
4400.0 0.011747
4450.0 0.017834
4500.0 0.023131
4550.0 0.022018
4600.0 0.017282
4650.0 0.013463
4700.0 0.01096
4750.0 0.0091346
4800.0 0.008957
4850.0 0.0092042
4900.0 0.010408
4950.0 0.012352
5000.0 0.014987
5050.0 0.018235
5100.0 0.02111
5150.0 0.024611
5200.0 0.027544
5250.0 0.030657
5300.0 0.032988
5350.0 0.035525
5400.0 0.038402
5450.0 0.040443
5500.0 0.043063
5550.0 0.046561
5600.0 0.049799
5650.0 0.05258
5700.0 0.055888
5750.0 0.059229
5800.0 0.063006
5850.0 0.065589
5900.0 0.069392
5950.0 0.07097
6000.0 0.071983
6050.0 0.072576
6100.0 0.072107
6150.0 0.070191
6200.0 0.06741
6250.0 0.06423
6300.0 0.06009
6350.0 0.056263
6400.0 0.051562
6450.0 0.04696
6500.0 0.041889
6550.0 0.037474
6600.0 0.033423
6650.0 0.029531
6700.0 0.025682
6750.0 0.02243
6800.0 0.019899
6850.0 0.017394
6900.0 0.01469
6950.0 0.013185
7000.0 0.011279
7050.0 0.0094996
7100.0 0.0084561
7150.0 0.0060366
7200.0 0.0058273
7250.0 0.004832
7300.0 0.0034913
7350.0 0.0
7400.76666667 0.0
7451.53333333 0.0
7502.3 0.0
7553.06666667 0.0
7603.83333333 0.0
7654.6 0.0
7705.36666667 0.0
7756.13333333 0.0
7806.9 0.0
7857.66666667 0.0
7908.43333333 0.0
7959.2 0.0
8009.96666667 0.0
8060.73333333 0.0
8111.5 0.0
8162.26666667 0.0
8213.03333333 0.0
8263.8 0.0
8314.56666667 0.0
8365.33333333 0.0
8416.1 0.0
8466.86666667 0.0
8517.63333333 0.0
8568.4 0.0
8619.16666667 0.0
8669.93333333 0.0
8720.7 0.0
8771.46666667 0.0
8822.23333333 0.0
8873.0 0.0
8923.76666667 0.0
8974.53333333 0.0
9025.3 0.0
9076.06666667 0.0
9126.83333333 0.0
9177.6 0.0
9228.36666667 0.0
9279.13333333 0.0
9329.9 0.0
9380.66666667 0.0
9431.43333333 0.0
9482.2 0.0
9532.96666667 0.0
9583.73333333 0.0
9634.5 0.0
9685.26666667 0.0
9736.03333333 0.0
9786.8 0.0
9837.56666667 0.0
9888.33333333 0.0
9939.1 0.0
9989.86666667 0.0
10040.6333333 0.0
10091.4 0.0
10142.1666667 0.0
10192.9333333 0.0
10243.7 0.0
10294.4666667 0.0
10345.2333333 0.0
10396.0 0.0
