3800.0 0.00058511
3850.0 0.00054488
3900.0 0.00062593
3950.0 0.00031521
4000.0 0.00041435
4050.0 0.00086914
4100.0 0.0013824
4150.0 0.0022624
4200.0 0.0043077
4250.0 0.0070982
4300.0 0.012558
4350.0 0.020132
4400.0 0.031179
4450.0 0.046929
4500.0 0.058537
4550.0 0.054429
4600.0 0.044482
4650.0 0.036132
4700.0 0.030234
4750.0 0.02541
4800.0 0.0227
4850.0 0.02207
4900.0 0.023113
4950.0 0.025328
5000.0 0.028507
5050.0 0.031831
5100.0 0.034555
5150.0 0.037119
5200.0 0.039883
5250.0 0.04134
5300.0 0.04335
5350.0 0.044686
5400.0 0.046905
5450.0 0.048039
5500.0 0.049802
5550.0 0.051039
5600.0 0.052429
5650.0 0.053649
5700.0 0.054571
5750.0 0.055367
5800.0 0.05548
5850.0 0.056569
5900.0 0.056575
5950.0 0.056095
6000.0 0.055286
6050.0 0.054136
6100.0 0.052811
6150.0 0.049985
6200.0 0.046707
6250.0 0.043597
6300.0 0.040336
6350.0 0.037345
6400.0 0.033706
6450.0 0.030732
6500.0 0.027403
6550.0 0.024159
6600.0 0.02133
6650.0 0.018586
6700.0 0.01627
6750.0 0.014159
6800.0 0.012175
6850.0 0.010386
6900.0 0.0089723
6950.0 0.0082771
7000.0 0.0065242
7050.0 0.0057158
7100.0 0.0051461
7150.0 0.0045083
7200.0 0.0039635
7250.0 0.0030504
7300.0 0.0031077
7350.0 0.0
7400.76666667 0.0
7451.53333333 0.0
7502.3 0.0
7553.06666667 0.0
7603.83333333 0.0
7654.6 0.0
7705.36666667 0.0
7756.13333333 0.0
7806.9 0.0
7857.66666667 0.0
7908.43333333 0.0
7959.2 0.0
8009.96666667 0.0
8060.73333333 0.0
8111.5 0.0
8162.26666667 0.0
8213.03333333 0.0
8263.8 0.0
8314.56666667 0.0
8365.33333333 0.0
8416.1 0.0
8466.86666667 0.0
8517.63333333 0.0
8568.4 0.0
8619.16666667 0.0
8669.93333333 0.0
8720.7 0.0
8771.46666667 0.0
8822.23333333 0.0
8873.0 0.0
8923.76666667 0.0
8974.53333333 0.0
9025.3 0.0
9076.06666667 0.0
9126.83333333 0.0
9177.6 0.0
9228.36666667 0.0
9279.13333333 0.0
9329.9 0.0
9380.66666667 0.0
9431.43333333 0.0
9482.2 0.0
9532.96666667 0.0
9583.73333333 0.0
9634.5 0.0
9685.26666667 0.0
9736.03333333 0.0
9786.8 0.0
9837.56666667 0.0
9888.33333333 0.0
9939.1 0.0
9989.86666667 0.0
10040.6333333 0.0
10091.4 0.0
10142.1666667 0.0
10192.9333333 0.0
10243.7 0.0
10294.4666667 0.0
10345.2333333 0.0
10396.0 0.0
