3800.0 0.0
3850.0 0.0
3900.0 0.0
3950.0 0.0
4000.0 0.0
4050.0 0.0
4100.0 0.0
4150.0 0.00039138
4200.0 0.001171
4250.0 0.0024363
4300.0 0.0041353
4350.0 0.0064246
4400.0 0.010067
4450.0 0.015634
4500.0 0.020196
4550.0 0.01897
4600.0 0.015291
4650.0 0.012647
4700.0 0.010974
4750.0 0.0096906
4800.0 0.0092031
4850.0 0.0094519
4900.0 0.010506
4950.0 0.012278
5000.0 0.014742
5050.0 0.017487
5100.0 0.020226
5150.0 0.022978
5200.0 0.025744
5250.0 0.028511
5300.0 0.031168
5350.0 0.033955
5400.0 0.036637
5450.0 0.039427
5500.0 0.042462
5550.0 0.04583
5600.0 0.049352
5650.0 0.052802
5700.0 0.056448
5750.0 0.060201
5800.0 0.063697
5850.0 0.067131
5900.0 0.070057
5950.0 0.072169
6000.0 0.073786
6050.0 0.074209
6100.0 0.073913
6150.0 0.072556
6200.0 0.069863
6250.0 0.066526
6300.0 0.062579
6350.0 0.058225
6400.0 0.053775
6450.0 0.04896
6500.0 0.044227
6550.0 0.03925
6600.0 0.034947
6650.0 0.030718
6700.0 0.026742
6750.0 0.023364
6800.0 0.020236
6850.0 0.017436
6900.0 0.015059
6950.0 0.013135
7000.0 0.01132
7050.0 0.0095649
7100.0 0.0081798
7150.0 0.0069864
7200.0 0.0060934
7250.0 0.004952
7300.0 0.00435
7350.0 0.0
7400.76666667 0.0
7451.53333333 0.0
7502.3 0.0
7553.06666667 0.0
7603.83333333 0.0
7654.6 0.0
7705.36666667 0.0
7756.13333333 0.0
7806.9 0.0
7857.66666667 0.0
7908.43333333 0.0
7959.2 0.0
8009.96666667 0.0
8060.73333333 0.0
8111.5 0.0
8162.26666667 0.0
8213.03333333 0.0
8263.8 0.0
8314.56666667 0.0
8365.33333333 0.0
8416.1 0.0
8466.86666667 0.0
8517.63333333 0.0
8568.4 0.0
8619.16666667 0.0
8669.93333333 0.0
8720.7 0.0
8771.46666667 0.0
8822.23333333 0.0
8873.0 0.0
8923.76666667 0.0
8974.53333333 0.0
9025.3 0.0
9076.06666667 0.0
9126.83333333 0.0
9177.6 0.0
9228.36666667 0.0
9279.13333333 0.0
9329.9 0.0
9380.66666667 0.0
9431.43333333 0.0
9482.2 0.0
9532.96666667 0.0
9583.73333333 0.0
9634.5 0.0
9685.26666667 0.0
9736.03333333 0.0
9786.8 0.0
9837.56666667 0.0
9888.33333333 0.0
9939.1 0.0
9989.86666667 0.0
10040.6333333 0.0
10091.4 0.0
10142.1666667 0.0
10192.9333333 0.0
10243.7 0.0
10294.4666667 0.0
10345.2333333 0.0
10396.0 0.0
