3800.0 0.0
3850.0 0.0
3900.0 0.0
3950.0 0.0
4000.0 0.0
4050.0 0.0
4100.0 0.0
4150.0 0.0
4200.0 0.0009272
4250.0 0.0023697
4300.0 0.0044632
4350.0 0.0065236
4400.0 0.011026
4450.0 0.016085
4500.0 0.017847
4550.0 0.014566
4600.0 0.011696
4650.0 0.010252
4700.0 0.0090068
4750.0 0.0081965
4800.0 0.0089541
4850.0 0.010061
4900.0 0.011486
4950.0 0.013596
5000.0 0.016138
5050.0 0.018332
5100.0 0.020927
5150.0 0.023255
5200.0 0.025478
5250.0 0.027356
5300.0 0.029456
5350.0 0.032108
5400.0 0.034834
5450.0 0.037804
5500.0 0.040489
5550.0 0.044171
5600.0 0.047676
5650.0 0.052023
5700.0 0.055446
5750.0 0.060006
5800.0 0.064684
5850.0 0.068451
5900.0 0.072037
5950.0 0.074831
6000.0 0.076518
6050.0 0.077608
6100.0 0.077111
6150.0 0.075093
6200.0 0.072138
6250.0 0.068603
6300.0 0.064239
6350.0 0.059258
6400.0 0.054453
6450.0 0.049297
6500.0 0.04411
6550.0 0.038984
6600.0 0.034701
6650.0 0.030225
6700.0 0.026198
6750.0 0.022948
6800.0 0.01906
6850.0 0.01681
6900.0 0.013813
6950.0 0.011945
7000.0 0.0095937
7050.0 0.0080455
7100.0 0.006687
7150.0 0.0055878
7200.0 0.0042644
7250.0 0.0035383
7300.0 0.0025388
7350.0 0.0
7400.76666667 0.0
7451.53333333 0.0
7502.3 0.0
7553.06666667 0.0
7603.83333333 0.0
7654.6 0.0
7705.36666667 0.0
7756.13333333 0.0
7806.9 0.0
7857.66666667 0.0
7908.43333333 0.0
7959.2 0.0
8009.96666667 0.0
8060.73333333 0.0
8111.5 0.0
8162.26666667 0.0
8213.03333333 0.0
8263.8 0.0
8314.56666667 0.0
8365.33333333 0.0
8416.1 0.0
8466.86666667 0.0
8517.63333333 0.0
8568.4 0.0
8619.16666667 0.0
8669.93333333 0.0
8720.7 0.0
8771.46666667 0.0
8822.23333333 0.0
8873.0 0.0
8923.76666667 0.0
8974.53333333 0.0
9025.3 0.0
9076.06666667 0.0
9126.83333333 0.0
9177.6 0.0
9228.36666667 0.0
9279.13333333 0.0
9329.9 0.0
9380.66666667 0.0
9431.43333333 0.0
9482.2 0.0
9532.96666667 0.0
9583.73333333 0.0
9634.5 0.0
9685.26666667 0.0
9736.03333333 0.0
9786.8 0.0
9837.56666667 0.0
9888.33333333 0.0
9939.1 0.0
9989.86666667 0.0
10040.6333333 0.0
10091.4 0.0
10142.1666667 0.0
10192.9333333 0.0
10243.7 0.0
10294.4666667 0.0
10345.2333333 0.0
10396.0 0.0
