3800.0 0.0
3850.0 8.7323e-07
3900.0 0.0
3950.0 0.0
4000.0 2.7467e-05
4050.0 0.00016358
4100.0 0.00016881
4150.0 0.00092005
4200.0 0.0027153
4250.0 0.0049947
4300.0 0.008611
4350.0 0.012316
4400.0 0.017231
4450.0 0.022
4500.0 0.022318
4550.0 0.015937
4600.0 0.010229
4650.0 0.0075545
4700.0 0.0055787
4750.0 0.0046968
4800.0 0.0041299
4850.0 0.0045604
4900.0 0.0053405
4950.0 0.0072869
5000.0 0.010996
5050.0 0.015726
5100.0 0.021335
5150.0 0.02771
5200.0 0.032996
5250.0 0.038462
5300.0 0.041726
5350.0 0.04463
5400.0 0.046014
5450.0 0.047436
5500.0 0.048105
5550.0 0.048468
5600.0 0.048878
5650.0 0.048099
5700.0 0.04721
5750.0 0.046636
5800.0 0.046144
5850.0 0.045652
5900.0 0.04626
5950.0 0.048628
6000.0 0.053491
6050.0 0.063489
6100.0 0.080745
6150.0 0.11005
6200.0 0.14917
6250.0 0.14563
6300.0 0.077608
6350.0 0.041695
6400.0 0.026945
6450.0 0.020012
6500.0 0.016776
6550.0 0.01433
6600.0 0.012678
6650.0 0.011103
6700.0 0.0092985
6750.0 0.0080561
6800.0 0.0071635
6850.0 0.0063366
6900.0 0.0052469
6950.0 0.0047548
7000.0 0.0040099
7050.0 0.0030596
7100.0 0.0027034
7150.0 0.0023291
7200.0 0.0022576
7250.0 0.0012516
7300.0 0.0008434
7350.0 0.0
7400.76666667 0.0
7451.53333333 0.0
7502.3 0.0
7553.06666667 0.0
7603.83333333 0.0
7654.6 0.0
7705.36666667 0.0
7756.13333333 0.0
7806.9 0.0
7857.66666667 0.0
7908.43333333 0.0
7959.2 0.0
8009.96666667 0.0
8060.73333333 0.0
8111.5 0.0
8162.26666667 0.0
8213.03333333 0.0
8263.8 0.0
8314.56666667 0.0
8365.33333333 0.0
8416.1 0.0
8466.86666667 0.0
8517.63333333 0.0
8568.4 0.0
8619.16666667 0.0
8669.93333333 0.0
8720.7 0.0
8771.46666667 0.0
8822.23333333 0.0
8873.0 0.0
8923.76666667 0.0
8974.53333333 0.0
9025.3 0.0
9076.06666667 0.0
9126.83333333 0.0
9177.6 0.0
9228.36666667 0.0
9279.13333333 0.0
9329.9 0.0
9380.66666667 0.0
9431.43333333 0.0
9482.2 0.0
9532.96666667 0.0
9583.73333333 0.0
9634.5 0.0
9685.26666667 0.0
9736.03333333 0.0
9786.8 0.0
9837.56666667 0.0
9888.33333333 0.0
9939.1 0.0
9989.86666667 0.0
10040.6333333 0.0
10091.4 0.0
10142.1666667 0.0
10192.9333333 0.0
10243.7 0.0
10294.4666667 0.0
10345.2333333 0.0
10396.0 0.0
