3800.0 0.0
3850.0 0.0
3900.0 0.0
3950.0 0.0
4000.0 0.0
4050.0 0.0
4100.0 0.0
4150.0 0.0004272
4200.0 0.0015384
4250.0 0.0035858
4300.0 0.0062157
4350.0 0.0085249
4400.0 0.010973
4450.0 0.012774
4500.0 0.013219
4550.0 0.012929
4600.0 0.012567
4650.0 0.010769
4700.0 0.01014
4750.0 0.0092605
4800.0 0.0094059
4850.0 0.010331
4900.0 0.011649
4950.0 0.013537
5000.0 0.0157
5050.0 0.018104
5100.0 0.020109
5150.0 0.02263
5200.0 0.024783
5250.0 0.027654
5300.0 0.03008
5350.0 0.032906
5400.0 0.035774
5450.0 0.038944
5500.0 0.042196
5550.0 0.046038
5600.0 0.049694
5650.0 0.052883
5700.0 0.056787
5750.0 0.05978
5800.0 0.063387
5850.0 0.066926
5900.0 0.069569
5950.0 0.071888
6000.0 0.07331
6050.0 0.07403
6100.0 0.073771
6150.0 0.072961
6200.0 0.071236
6250.0 0.068631
6300.0 0.064969
6350.0 0.061453
6400.0 0.057502
6450.0 0.052869
6500.0 0.04843
6550.0 0.044191
6600.0 0.039411
6650.0 0.035454
6700.0 0.031899
6750.0 0.027709
6800.0 0.024332
6850.0 0.021275
6900.0 0.019123
6950.0 0.016133
7000.0 0.013768
7050.0 0.012262
7100.0 0.010295
7150.0 0.0086761
7200.0 0.0070538
7250.0 0.0060511
7300.0 0.0048632
7350.0 0.0
7400.76666667 0.0
7451.53333333 0.0
7502.3 0.0
7553.06666667 0.0
7603.83333333 0.0
7654.6 0.0
7705.36666667 0.0
7756.13333333 0.0
7806.9 0.0
7857.66666667 0.0
7908.43333333 0.0
7959.2 0.0
8009.96666667 0.0
8060.73333333 0.0
8111.5 0.0
8162.26666667 0.0
8213.03333333 0.0
8263.8 0.0
8314.56666667 0.0
8365.33333333 0.0
8416.1 0.0
8466.86666667 0.0
8517.63333333 0.0
8568.4 0.0
8619.16666667 0.0
8669.93333333 0.0
8720.7 0.0
8771.46666667 0.0
8822.23333333 0.0
8873.0 0.0
8923.76666667 0.0
8974.53333333 0.0
9025.3 0.0
9076.06666667 0.0
9126.83333333 0.0
9177.6 0.0
9228.36666667 0.0
9279.13333333 0.0
9329.9 0.0
9380.66666667 0.0
9431.43333333 0.0
9482.2 0.0
9532.96666667 0.0
9583.73333333 0.0
9634.5 0.0
9685.26666667 0.0
9736.03333333 0.0
9786.8 0.0
9837.56666667 0.0
9888.33333333 0.0
9939.1 0.0
9989.86666667 0.0
10040.6333333 0.0
10091.4 0.0
10142.1666667 0.0
10192.9333333 0.0
10243.7 0.0
10294.4666667 0.0
10345.2333333 0.0
10396.0 0.0
