3800.0 0.0
3850.0 2.8722e-05
3900.0 6.5099e-05
3950.0 0.00012705
4000.0 0.00029574
4050.0 0.00055094
4100.0 0.0013521
4150.0 0.0029891
4200.0 0.0068254
4250.0 0.013581
4300.0 0.024734
4350.0 0.036305
4400.0 0.047003
4450.0 0.056954
4500.0 0.054207
4550.0 0.036476
4600.0 0.023226
4650.0 0.016927
4700.0 0.012508
4750.0 0.009705
4800.0 0.0091236
4850.0 0.0096768
4900.0 0.011493
4950.0 0.014588
5000.0 0.018551
5050.0 0.022583
5100.0 0.026822
5150.0 0.030734
5200.0 0.034371
5250.0 0.037306
5300.0 0.040171
5350.0 0.042679
5400.0 0.045156
5450.0 0.047538
5500.0 0.049878
5550.0 0.052729
5600.0 0.055573
5650.0 0.057768
5700.0 0.059371
5750.0 0.061173
5800.0 0.062129
5850.0 0.062592
5900.0 0.062208
5950.0 0.061505
6000.0 0.059507
6050.0 0.057399
6100.0 0.054586
6150.0 0.051016
6200.0 0.047352
6250.0 0.044051
6300.0 0.040025
6350.0 0.036745
6400.0 0.032931
6450.0 0.029333
6500.0 0.026255
6550.0 0.023039
6600.0 0.02042
6650.0 0.01771
6700.0 0.015671
6750.0 0.013585
6800.0 0.011753
6850.0 0.010438
6900.0 0.0088853
6950.0 0.0077771
7000.0 0.006544
7050.0 0.0056657
7100.0 0.0049859
7150.0 0.0043451
7200.0 0.0037921
7250.0 0.0030331
7300.0 0.0026076
7350.0 0.0
7400.76666667 0.0
7451.53333333 0.0
7502.3 0.0
7553.06666667 0.0
7603.83333333 0.0
7654.6 0.0
7705.36666667 0.0
7756.13333333 0.0
7806.9 0.0
7857.66666667 0.0
7908.43333333 0.0
7959.2 0.0
8009.96666667 0.0
8060.73333333 0.0
8111.5 0.0
8162.26666667 0.0
8213.03333333 0.0
8263.8 0.0
8314.56666667 0.0
8365.33333333 0.0
8416.1 0.0
8466.86666667 0.0
8517.63333333 0.0
8568.4 0.0
8619.16666667 0.0
8669.93333333 0.0
8720.7 0.0
8771.46666667 0.0
8822.23333333 0.0
8873.0 0.0
8923.76666667 0.0
8974.53333333 0.0
9025.3 0.0
9076.06666667 0.0
9126.83333333 0.0
9177.6 0.0
9228.36666667 0.0
9279.13333333 0.0
9329.9 0.0
9380.66666667 0.0
9431.43333333 0.0
9482.2 0.0
9532.96666667 0.0
9583.73333333 0.0
9634.5 0.0
9685.26666667 0.0
9736.03333333 0.0
9786.8 0.0
9837.56666667 0.0
9888.33333333 0.0
9939.1 0.0
9989.86666667 0.0
10040.6333333 0.0
10091.4 0.0
10142.1666667 0.0
10192.9333333 0.0
10243.7 0.0
10294.4666667 0.0
10345.2333333 0.0
10396.0 0.0
