3800.0 0.0
3850.0 0.0
3900.0 0.0
3950.0 0.0
4000.0 0.0
4050.0 0.0
4100.0 0.0
4150.0 0.0
4200.0 0.0
4250.0 9.1518e-05
4300.0 0.00032312
4350.0 0.00044794
4400.0 0.0013375
4450.0 0.0020983
4500.0 0.0020248
4550.0 0.0017096
4600.0 0.0016109
4650.0 0.0012938
4700.0 0.00096618
4750.0 0.00060481
4800.0 0.00058932
4850.0 0.00048607
4900.0 0.00029053
4950.0 0.0002794
5000.0 0.00033555
5050.0 0.00037167
5100.0 0.00071079
5150.0 0.0010445
5200.0 0.0018091
5250.0 0.0028621
5300.0 0.0048266
5350.0 0.0078727
5400.0 0.012495
5450.0 0.018984
5500.0 0.027566
5550.0 0.038546
5600.0 0.050972
5650.0 0.06385
5700.0 0.076096
5750.0 0.086631
5800.0 0.095447
5850.0 0.10109
5900.0 0.10339
5950.0 0.10377
6000.0 0.10082
6050.0 0.096183
6100.0 0.090659
6150.0 0.084047
6200.0 0.076533
6250.0 0.069025
6300.0 0.061981
6350.0 0.05478
6400.0 0.04836
6450.0 0.042084
6500.0 0.036475
6550.0 0.031417
6600.0 0.026995
6650.0 0.023094
6700.0 0.019605
6750.0 0.016626
6800.0 0.0138
6850.0 0.011972
6900.0 0.0099208
6950.0 0.0085265
7000.0 0.0070427
7050.0 0.0058962
7100.0 0.0048806
7150.0 0.0042811
7200.0 0.0035911
7250.0 0.003124
7300.0 0.0025796
7350.0 0.0
7400.76666667 0.0
7451.53333333 0.0
7502.3 0.0
7553.06666667 0.0
7603.83333333 0.0
7654.6 0.0
7705.36666667 0.0
7756.13333333 0.0
7806.9 0.0
7857.66666667 0.0
7908.43333333 0.0
7959.2 0.0
8009.96666667 0.0
8060.73333333 0.0
8111.5 0.0
8162.26666667 0.0
8213.03333333 0.0
8263.8 0.0
8314.56666667 0.0
8365.33333333 0.0
8416.1 0.0
8466.86666667 0.0
8517.63333333 0.0
8568.4 0.0
8619.16666667 0.0
8669.93333333 0.0
8720.7 0.0
8771.46666667 0.0
8822.23333333 0.0
8873.0 0.0
8923.76666667 0.0
8974.53333333 0.0
9025.3 0.0
9076.06666667 0.0
9126.83333333 0.0
9177.6 0.0
9228.36666667 0.0
9279.13333333 0.0
9329.9 0.0
9380.66666667 0.0
9431.43333333 0.0
9482.2 0.0
9532.96666667 0.0
9583.73333333 0.0
9634.5 0.0
9685.26666667 0.0
9736.03333333 0.0
9786.8 0.0
9837.56666667 0.0
9888.33333333 0.0
9939.1 0.0
9989.86666667 0.0
10040.6333333 0.0
10091.4 0.0
10142.1666667 0.0
10192.9333333 0.0
10243.7 0.0
10294.4666667 0.0
10345.2333333 0.0
10396.0 0.0
