3800.0 0.0
3850.0 0.0
3900.0 0.0
3950.0 0.0
4000.0 0.0
4050.0 0.0
4100.0 0.0
4150.0 0.0
4200.0 0.00071229
4250.0 0.0025758
4300.0 0.0051543
4350.0 0.0080724
4400.0 0.012445
4450.0 0.018099
4500.0 0.021521
4550.0 0.016343
4600.0 0.010969
4650.0 0.0086233
4700.0 0.0071164
4750.0 0.0058259
4800.0 0.0063516
4850.0 0.0074795
4900.0 0.0091622
4950.0 0.011127
5000.0 0.013541
5050.0 0.015922
5100.0 0.018354
5150.0 0.021091
5200.0 0.02349
5250.0 0.026322
5300.0 0.029001
5350.0 0.032189
5400.0 0.035484
5450.0 0.03917
5500.0 0.04251
5550.0 0.046198
5600.0 0.050413
5650.0 0.054234
5700.0 0.05818
5750.0 0.061504
5800.0 0.065223
5850.0 0.068306
5900.0 0.07119
5950.0 0.073216
6000.0 0.074301
6050.0 0.074677
6100.0 0.074061
6150.0 0.072793
6200.0 0.069975
6250.0 0.067213
6300.0 0.064198
6350.0 0.060492
6400.0 0.056023
6450.0 0.051847
6500.0 0.047339
6550.0 0.04279
6600.0 0.038928
6650.0 0.034346
6700.0 0.030755
6750.0 0.027253
6800.0 0.023618
6850.0 0.021141
6900.0 0.017968
6950.0 0.015946
7000.0 0.013299
7050.0 0.0118
7100.0 0.010061
7150.0 0.0086721
7200.0 0.0069791
7250.0 0.0058884
7300.0 0.0050135
7350.0 0.0
7400.76666667 0.0
7451.53333333 0.0
7502.3 0.0
7553.06666667 0.0
7603.83333333 0.0
7654.6 0.0
7705.36666667 0.0
7756.13333333 0.0
7806.9 0.0
7857.66666667 0.0
7908.43333333 0.0
7959.2 0.0
8009.96666667 0.0
8060.73333333 0.0
8111.5 0.0
8162.26666667 0.0
8213.03333333 0.0
8263.8 0.0
8314.56666667 0.0
8365.33333333 0.0
8416.1 0.0
8466.86666667 0.0
8517.63333333 0.0
8568.4 0.0
8619.16666667 0.0
8669.93333333 0.0
8720.7 0.0
8771.46666667 0.0
8822.23333333 0.0
8873.0 0.0
8923.76666667 0.0
8974.53333333 0.0
9025.3 0.0
9076.06666667 0.0
9126.83333333 0.0
9177.6 0.0
9228.36666667 0.0
9279.13333333 0.0
9329.9 0.0
9380.66666667 0.0
9431.43333333 0.0
9482.2 0.0
9532.96666667 0.0
9583.73333333 0.0
9634.5 0.0
9685.26666667 0.0
9736.03333333 0.0
9786.8 0.0
9837.56666667 0.0
9888.33333333 0.0
9939.1 0.0
9989.86666667 0.0
10040.6333333 0.0
10091.4 0.0
10142.1666667 0.0
10192.9333333 0.0
10243.7 0.0
10294.4666667 0.0
10345.2333333 0.0
10396.0 0.0
