3800.0 0.0002135
3850.0 0.00014837
3900.0 0.00012247
3950.0 0.00049203
4000.0 0.0044785
4050.0 0.016096
4100.0 0.010968
4150.0 0.023871
4200.0 0.016948
4250.0 0.035528
4300.0 0.026817
4350.0 0.063927
4400.0 0.030125
4450.0 0.017867
4500.0 0.020092
4550.0 0.024373
4600.0 0.019395
4650.0 0.01384
4700.0 0.027489
4750.0 0.063094
4800.0 0.016826
4850.0 0.026736
4900.0 0.017779
4950.0 0.021886
5000.0 0.020737
5050.0 0.026058
5100.0 0.08336
5150.0 0.017559
5200.0 0.021775
5250.0 0.017422
5300.0 0.015991
5350.0 0.073648
5400.0 0.025941
5450.0 0.10398
5500.0 0.031129
5550.0 0.023892
5600.0 0.019508
5650.0 0.026237
5700.0 0.10983
5750.0 0.026426
5800.0 0.043008
5850.0 0.013008
5900.0 0.27707
5950.0 0.071192
6000.0 0.040916
6050.0 0.0253
6100.0 0.020332
6150.0 0.026242
6200.0 0.041168
6250.0 0.052318
6300.0 0.051009
6350.0 0.01498
6400.0 0.014527
6450.0 0.017019
6500.0 0.0091942
6550.0 0.0093292
6600.0 0.014827
6650.0 0.007864
6700.0 0.024152
6750.0 0.011158
6800.0 0.0080498
6850.0 0.0068602
6900.0 0.0082461
6950.0 0.009273
7000.0 0.010843
7050.0 0.0044263
7100.0 0.0047147
7150.0 0.005614
7200.0 0.0056267
7250.0 0.003779
7300.0 0.0030514
7350.0 0.0
7400.76666667 0.0
7451.53333333 0.0
7502.3 0.0
7553.06666667 0.0
7603.83333333 0.0
7654.6 0.0
7705.36666667 0.0
7756.13333333 0.0
7806.9 0.0
7857.66666667 0.0
7908.43333333 0.0
7959.2 0.0
8009.96666667 0.0
8060.73333333 0.0
8111.5 0.0
8162.26666667 0.0
8213.03333333 0.0
8263.8 0.0
8314.56666667 0.0
8365.33333333 0.0
8416.1 0.0
8466.86666667 0.0
8517.63333333 0.0
8568.4 0.0
8619.16666667 0.0
8669.93333333 0.0
8720.7 0.0
8771.46666667 0.0
8822.23333333 0.0
8873.0 0.0
8923.76666667 0.0
8974.53333333 0.0
9025.3 0.0
9076.06666667 0.0
9126.83333333 0.0
9177.6 0.0
9228.36666667 0.0
9279.13333333 0.0
9329.9 0.0
9380.66666667 0.0
9431.43333333 0.0
9482.2 0.0
9532.96666667 0.0
9583.73333333 0.0
9634.5 0.0
9685.26666667 0.0
9736.03333333 0.0
9786.8 0.0
9837.56666667 0.0
9888.33333333 0.0
9939.1 0.0
9989.86666667 0.0
10040.6333333 0.0
10091.4 0.0
10142.1666667 0.0
10192.9333333 0.0
10243.7 0.0
10294.4666667 0.0
10345.2333333 0.0
10396.0 0.0
