703.029897877 3800
687.684751803 3801
563.579345133 3802
395.903267145 3803
249.607649003 3804
187.189844477 3805
221.347344575 3806
315.828625043 3807
432.444339208 3808
533.157796296 3809
589.392040074 3810
605.663018073 3811
593.772271585 3812
565.473540491 3813
532.205505719 3814
500.985824187 3815
475.222981496 3816
458.204398778 3817
453.202074789 3818
463.678455345 3819
493.668989721 3820
547.293524927 3821
628.650573348 3822
740.637601619 3823
871.555287018 3824
999.925933133 3825
1104.19300887 3826
1162.9634981 3827
1168.70882821 3828
1145.70762865 3829
1122.58823677 3830
1127.83230472 3831
1185.67058446 3832
1281.36958001 3833
1378.86981115 3834
1442.07810555 3835
1435.35433783 3836
1350.74778841 3837
1231.77052833 3838
1127.34193566 3839
1086.11303882 3840
1147.90931384 3841
1289.53068756 3842
1459.92337464 3843
1608.18883819 3844
1684.2964552 3845
1671.42544264 3846
1602.79625238 3847
1515.61560504 3848
1446.87710242 3849
1426.807869 3850
1447.88779474 3851
1489.27236956 3852
1530.22198065 3853
1550.56209804 3854
1545.53269379 3855
1529.21126191 3856
1516.7484776 3857
1523.20406396 3858
1559.0454157 3859
1614.45149222 3860
1673.98201847 3861
1722.29023569 3862
1744.54310525 3863
1735.56296265 3864
1699.71580214 3865
1641.75171069 3866
1566.39244679 3867
1479.96530576 3868
1394.49290108 3869
1323.1798579 3870
1279.14748085 3871
1274.53146239 3872
1307.05488224 3873
1362.98111128 3874
1428.33741626 3875
1489.24985893 3876
1539.23807112 3877
1591.90344304 3878
1664.1668154 3879
1772.84013136 3880
1931.89784774 3881
2123.87714611 3882
2311.38787388 3883
2456.95428058 3884
2523.47560896 3885
2497.93650337 3886
2418.66528549 3887
2330.38935345 3888
2277.54592158 3889
2298.55752088 3890
2382.81962803 3891
2495.12701517 3892
2600.31160999 3893
2663.67460702 3894
2669.22915579 3895
2632.37087586 3896
2571.41954465 3897
2504.57557837 3898
2447.41974841 3899
2399.40494725 3900
2353.66494864 3901
2303.36302187 3902
2241.91473626 3903
2171.36351689 3904
2105.1932217 3905
2057.59620465 3906
2042.67110679 3907
2070.20845094 3908
2129.44165469 3909
2203.45589935 3910
2275.44596309 3911
2329.24957 3912
2362.26754325 3913
2386.07522265 3914
2412.84606033 3915
2454.67338573 3916
2518.66181633 3917
2593.76138687 3918
2664.82046058 3919
2716.78676931 3920
2735.52354175 3921
2720.60576171 3922
2682.85443118 3923
2633.35731274 3924
2583.12665684 3925
2540.67595902 3926
2507.67567804 3927
2484.6079227 3928
2471.95150558 3929
2469.64839197 3930
2471.45618297 3931
2467.19423167 3932
2446.68175377 3933
2399.85643421 3934
2325.93239584 3935
2243.79375324 3936
2174.73211368 3937
2139.90194715 3938
2156.89078246 3939
2214.67542399 3940
2288.19234205 3941
2352.43719657 3942
2382.84688007 3943
2374.75080277 3944
2355.81882929 3945
2356.53714393 3946
2407.19866313 3947
2530.55380862 3948
2704.54187125 3949
2890.46364747 3950
3049.83323618 3951
3145.1322716 3952
3165.51742784 3953
3133.53307013 3954
3073.71072947 3955
3010.42912882 3956
2964.00560002 3957
2937.10129369 3958
2927.45019423 3959
2932.80020586 3960
2950.84890593 3961
2977.90934708 3962
3008.96410783 3963
3038.97080546 3964
3062.91812706 3965
3077.28956425 3966
3083.43304121 3967
3083.68801528 3968
3080.37987095 3969
3075.5196179 3970
3066.86529867 3971
3049.04898892 3972
3016.66054568 3973
2964.33365521 3974
2890.7506679 3975
2804.45129723 3976
2715.40711391 3977
2633.531181 3978
2567.6308325 3979
2516.32795111 3980
2472.5732196 3981
2429.29528864 3982
2379.53319538 3983
2323.24649719 3984
2272.99009809 3985
2242.59328771 3986
2245.80698825 3987
2293.18356503 3988
2373.90163448 3989
2468.29530754 3990
2556.77914648 3991
2620.20675126 3992
2654.18580733 3993
2674.48512636 3994
2698.25063145 3995
2742.53409808 3996
2818.7268552 3997
2910.88674874 3998
2994.82163235 3999
3046.46775291 4000
3043.02952258 4001
2989.7462461 4002
2920.71272784 4003
2871.1776593 4004
2876.2025811 4005
2955.72548956 4006
3076.92342942 4007
3195.55006951 4008
3267.58949741 4009
3252.10498397 4010
3151.51320392 4011
3001.65610251 4012
2839.06584271 4013
2700.06586214 4014
2611.35753363 4015
2575.47895852 4016
2591.1883028 4017
2657.25112685 4018
2770.78470638 4019
2912.37460043 4020
3053.18647206 4021
3164.41350516 4022
3217.57193207 4023
3203.38233535 4024
3148.04687488 4025
3081.49934152 4026
3033.52994436 4027
3029.56152521 4028
3065.9240322 4029
3126.81515838 4030
3196.4656401 4031
3259.41199233 4032
3310.37871981 4033
3357.92450694 4034
3411.56240099 4035
3480.76223642 4036
3573.85972324 4037
3693.91372482 4038
3842.39946964 4039
4020.78598332 4040
4230.21561801 4041
4464.34407003 4042
4709.32430855 4043
4951.03866709 4044
5175.4315138 4045
5372.82500075 4046
5548.16566379 4047
5709.45490728 4048
5864.65945981 4049
6020.81359862 4050
6172.28344761 4051
6304.12932325 4052
6401.25495071 4053
6448.65561446 4054
6440.26617177 4055
6391.26620623 4056
6319.87637097 4057
6244.24285902 4058
6180.18594961 4059
6122.8991467 4060
6056.58992621 4061
5965.42369737 4062
5833.78449315 4063
5658.65270245 4064
5458.47117858 4065
5253.71504415 4066
5064.78081256 4067
4908.73202566 4068
4782.52970723 4069
4675.52907131 4070
4577.11102603 4071
4476.84052947 4072
4369.33868827 4073
4255.43811494 4074
4136.3509719 4075
4013.28482979 4076
3890.01789507 4077
3781.1997967 4078
3704.30376816 4079
3676.74203937 4080
3714.48414976 4081
3807.35581561 4082
3921.9657075 4083
4024.22381187 4084
4080.17155589 4085
4072.47368617 4086
4031.89857037 4087
3997.80282407 4088
4009.41174247 4089
4101.67256261 4090
4261.78092643 4091
4446.52813323 4092
4612.351317 4093
4716.01355421 4094
4740.88964771 4095
4724.12275183 4096
4709.2431967 4097
4739.64398061 4098
4852.59387564 4099
5040.744121 4100
5276.73311233 4101
5533.18768046 4102
5782.98260509 4103
6007.08242773 4104
6197.96984115 4105
6349.0325537 4106
6453.67666991 4107
6507.69658063 4108
6518.65768478 4109
6497.74212337 4110
6456.10030405 4111
6404.80855373 4112
6353.93668897 4113
6312.53521774 4114
6289.58534646 4115
6294.04237245 4116
6329.73551347 4117
6383.42590054 4118
6438.35056771 4119
6477.79203946 4120
6486.18913085 4121
6463.02541061 4122
6418.55812273 4123
6363.25285426 4124
6307.5437673 4125
6261.10317594 4126
6231.90916416 4127
6227.68830253 4128
6256.14811005 4129
6322.4774087 4130
6410.83271449 4131
6494.89399812 4132
6548.32911433 4133
6545.24953295 4134
6483.3217691 4135
6397.05639842 4136
6324.09953344 4137
6302.00555639 4138
6357.92193498 4139
6462.59103567 4140
6567.68978024 4141
6624.9944859 4142
6587.9966944 4143
6453.93537315 4144
6267.81451433 4145
6076.96359378 4146
5928.60251802 4147
5855.05382468 4148
5835.27301525 4149
5836.26433787 4150
5825.10643638 4151
5771.09791221 4152
5675.18470462 4153
5562.34416085 4154
5458.10159166 4155
5387.89242526 4156
5366.73085988 4157
5384.7377954 4158
5428.40569273 4159
5484.25627887 4160
5541.05550753 4161
5607.21793997 4162
5701.39174492 4163
5842.27583465 4164
6048.18061498 4165
6313.45000666 4166
6593.59248874 4167
6840.65176364 4168
7006.7679189 4169
7056.62539287 4170
7024.97173453 4171
6970.92768752 4172
6953.52224528 4173
7029.80692172 4174
7204.52953387 4175
7424.42461827 4176
7633.30189824 4177
7775.08085136 4178
7812.09246079 4179
7773.37607284 4180
7703.07533689 4181
7645.24858704 4182
7641.07506096 4183
7690.50219308 4184
7762.1499631 4185
7823.91079553 4186
7843.80542802 4187
7809.57331566 4188
7755.7291649 4189
7723.52330413 4190
7754.13062788 4191
7881.92272585 4192
8082.85648577 4193
8302.97775533 4194
8488.18488229 4195
8585.08222833 4196
8579.1370686 4197
8517.26711568 4198
8451.74900091 4199
8434.76598868 4200
8506.6221886 4201
8643.69119451 4202
8800.86201546 4203
8933.08670398 4204
8996.9587956 4205
8989.74504036 4206
8952.08207644 4207
8926.65360568 4208
8956.0667365 4209
9067.31689034 4210
9233.82816994 4211
9417.5545997 4212
9580.51601736 4213
9687.41369369 4214
9738.32853504 4215
9758.69957098 4216
9774.47665231 4217
9811.51612383 4218
9885.5242827 4219
9989.77862511 4220
10114.5582326 4221
10250.1598497 4222
10386.5082334 4223
10510.4774367 4224
10607.5059035 4225
10663.047774 4226
10662.7543645 4227
10601.1025663 4228
10485.4042345 4229
10323.97284 4230
10125.1076408 4231
9897.35666611 4232
9650.53491403 4233
9394.83153715 4234
9140.41863638 4235
8897.2378183 4236
8670.58293202 4237
8461.25269415 4238
8269.85996226 4239
8097.01512038 4240
7940.04025376 4241
7786.21943447 4242
7620.9465774 4243
7429.64076655 4244
7200.29731952 4245
6950.27198318 4246
6715.66597702 4247
6532.82535162 4248
6437.79721908 4249
6437.70915121 4250
6483.51229445 4251
6519.77153418 4252
6491.14737566 4253
6353.74536525 4254
6140.14972867 4255
5914.4098955 4256
5740.5634589 4257
5681.13125358 4258
5746.80320452 4259
5882.72433805 4260
6029.91738532 4261
6129.50837173 4262
6138.80828522 4263
6081.43993422 4264
5998.03533062 4265
5929.15513387 4266
5912.8955228 4267
5947.11954762 4268
5996.38432101 4269
6024.30224899 4270
5994.59313759 4271
5888.73979968 4272
5733.33002703 4273
5561.97369691 4274
5408.22056856 4275
5301.81260329 4276
5238.20527619 4277
5194.52607679 4278
5147.7699363 4279
5075.22030356 4280
4970.77401431 4281
4855.08871585 4282
4751.2140758 4283
4682.15724183 4284
4666.12148095 4285
4695.60916975 4286
4754.52463496 4287
4826.79581324 4288
4896.59357426 4289
4953.38446307 4290
4992.13759679 4291
5008.08819381 4292
4996.48160949 4293
4956.2879117 4294
4898.57430657 4295
4836.84402101 4296
4784.57421383 4297
4754.17837995 4298
4745.37597385 4299
4749.41067125 4300
4757.38836589 4301
4760.47328636 4302
4755.48708678 4303
4750.58504105 4304
4755.26117297 4305
4778.9904154 4306
4828.57402128 4307
4892.58028123 4308
4951.94925511 4309
4987.6343972 4310
4981.12183113 4311
4932.1293086 4312
4863.45058221 4313
4799.32002453 4314
4763.92057968 4315
4773.32592656 4316
4810.88766748 4317
4851.70467394 4318
4870.92917923 4319
4845.39979234 4320
4778.27869536 4321
4693.93241901 4322
4617.28081722 4323
4573.15145156 4324
4574.2352659 4325
4603.80215101 4326
4640.77437727 4327
4664.12147853 4328
4655.57440372 4329
4619.99987563 4330
4573.92500094 4331
4533.92901408 4332
4516.35076662 4333
4526.29771149 4334
4552.04171161 4335
4580.49399874 4336
4598.5966242 4337
4596.9764377 4338
4584.16471575 4339
4574.13369798 4340
4580.82400344 4341
4617.69764544 4342
4688.93797336 4343
4789.98760422 4344
4915.95746176 4345
5061.97646523 4346
5229.25810692 4347
5436.46026634 4348
5705.30734894 4349
6057.46811686 4350
6511.75603019 4351
7058.18383799 4352
7669.8936496 4353
8319.87861187 4354
8981.24545282 4355
9630.90046121 4356
10252.2701635 4357
10829.4695614 4358
11346.6552856 4359
11789.8404165 4360
12155.4303865 4361
12443.5120226 4362
12654.1779877 4363
12787.5533551 4364
12844.5642011 4365
12826.9927054 4366
12736.6601602 4367
12575.3850777 4368
12349.7559998 4369
12082.0645636 4370
11797.7717786 4371
11522.2693952 4372
11278.3969777 4373
11059.1223028 4374
10837.7213767 4375
10587.196739 4376
10280.7655417 4377
9908.3491773 4378
9492.20936306 4379
9058.25890527 4380
8632.33578527 4381
8237.81408846 4382
7882.60819251 4383
7568.50023089 4384
7297.2505582 4385
7070.58911884 4386
6889.47168709 4387
6753.94377923 4388
6663.99687422 4389
6619.62189511 4390
6616.669243 4391
6635.86423978 4392
6654.53167716 4393
6650.06748207 4394
6601.81869807 4395
6514.75733146 4396
6412.273564 4397
6318.09229991 4398
6255.7906467 4399
6236.86399165 4400
6247.38029095 4401
6270.22231308 4402
6288.32887297 4403
6287.14879878 4404
6269.49102219 4405
6245.60348437 4406
6225.72896122 4407
6219.8993624 4408
6231.62526708 4409
6256.19601297 4410
6288.38933819 4411
6323.00066389 4412
6353.7131033 4413
6369.80422186 4414
6359.50489901 4415
6311.08759576 4416
6214.42701112 4417
6082.48695319 4418
5945.78134612 4419
5835.16047172 4420
5781.28924743 4421
5798.99379696 4422
5868.0300186 4423
5963.49820941 4424
6060.58878974 4425
6136.11761541 4426
6178.42087472 4427
6181.037149 4428
6137.55502754 4429
6042.06666079 4430
5907.85029117 4431
5773.33975263 4432
5678.54146441 4433
5663.30936714 4434
5752.36929731 4435
5909.41538112 4436
6082.78139766 4437
6220.99966634 4438
6275.74209631 4439
6244.16602912 4440
6158.979588 4441
6053.71836285 4442
5961.73862473 4443
5904.87590028 4444
5878.94535132 4445
5876.18621086 4446
5888.86750134 4447
5909.15054049 4448
5928.17301069 4449
5936.6264925 4450
5925.23760015 4451
5885.09396949 4452
5820.4237511 4453
5752.7887789 4454
5704.85527713 4455
5699.19515842 4456
5749.62205042 4457
5834.50146891 4458
5923.25286596 4459
5985.42500919 4460
5992.71293134 4461
5947.74360785 4462
5877.17668793 4463
5808.19649314 4464
5767.80475094 4465
5768.17258917 4466
5788.22288423 4467
5802.41973708 4468
5785.33976638 4469
5716.47064511 4470
5611.11134117 4471
5500.60157113 4472
5416.22035308 4473
5388.413412 4474
5420.69093195 4475
5481.81470268 4476
5538.37231321 4477
5557.10372522 4478
5514.56711531 4479
5425.7171779 4480
5314.92057574 4481
5206.43193078 4482
5123.35926963 4483
5073.65106686 4484
5053.85069438 4485
5060.23610144 4486
5089.09440892 4487
5135.38702848 4488
5191.1921634 4489
5248.24583784 4490
5298.32307199 4491
5334.02446047 4492
5353.51297565 4493
5357.33324819 4494
5346.03689891 4495
5320.23314966 4496
5282.59896512 4497
5238.34828934 4498
5192.82683783 4499
5151.35404166 4500
5118.59746479 4501
5096.88463868 4502
5087.9941374 4503
5093.69564872 4504
5115.41626405 4505
5150.15969298 4506
5191.81157211 4507
5234.22171195 4508
5271.28932816 4509
5299.51810767 4510
5320.60819115 4511
5336.87264658 4512
5350.61255121 4513
5364.38522328 4514
5382.46037512 4515
5409.76790221 4516
5451.21389486 4517
5511.31210218 4518
5583.81257834 4519
5650.28477116 4520
5691.73406216 4521
5689.26854931 4522
5634.21569191 4523
5551.91175925 4524
5474.67603759 4525
5434.65451296 4526
5460.72663808 4527
5545.66066449 4528
5659.0621529 4529
5770.31290988 4530
5849.11513872 4531
5879.84091371 4532
5873.22767732 4533
5842.72659456 4534
5801.71568325 4535
5762.12674183 4536
5728.024134 4537
5700.69528187 4538
5681.41683419 4539
5671.36464732 4540
5669.48966027 4541
5672.4941801 4542
5676.99814102 4543
5679.64071524 4544
5677.28817588 4545
5667.43783011 4546
5647.71367377 4547
5615.75389296 4548
5569.99014177 4549
5516.55666258 4550
5465.93061868 4551
5428.57959874 4552
5414.80470643 4553
5428.1633298 4554
5461.57417014 4555
5507.05289076 4556
5556.66164798 4557
5604.07768857 4558
5650.63893642 4559
5699.98895208 4560
5755.75021253 4561
5821.0162287 4562
5889.43028258 4563
5946.33888489 4564
5976.89016859 4565
5966.34729478 4566
5909.1930289 4567
5822.80684989 4568
5727.98432896 4569
5645.3931036 4570
5593.10014366 4571
5569.03283393 4572
5561.42533109 4573
5558.52001729 4574
5548.82230354 4575
5529.02450268 4576
5506.81203732 4577
5490.6007879 4578
5488.75379673 4579
5506.97122169 4580
5540.42973704 4581
5581.70256967 4582
5623.40907706 4583
5658.39594013 4584
5682.12495001 4585
5692.00489443 4586
5685.50709242 4587
5660.15754643 4588
5619.3241802 4589
5578.42406425 4590
5554.27326222 4591
5563.57844879 4592
5618.19455614 4593
5699.16576583 4594
5775.40906999 4595
5816.01347322 4596
5791.34252065 4597
5702.45548757 4598
5584.54857533 4599
5474.39325382 4600
5408.51243351 4601
5409.92778776 4602
5458.83618347 4603
5526.99737225 4604
5586.35873329 4605
5611.57261848 4606
5604.50132814 4607
5583.43830075 4608
5566.78740803 4609
5572.61636395 4610
5603.15268615 4611
5634.35984626 4612
5639.86984455 4613
5593.49533306 4614
5477.53461235 4615
5316.35557987 4616
5147.37332494 4617
5007.75031931 4618
4932.64394103 4619
4923.45831792 4620
4951.44477888 4621
4986.97744031 4622
5000.66816683 4623
4976.20477876 4624
4929.70804481 4625
4882.17978653 4626
4854.47481907 4627
4864.39132342 4628
4906.43824325 4629
4964.09664681 4630
5020.89444303 4631
5060.69594708 4632
5076.227004 4633
5071.74746001 4634
5052.26816654 4635
5022.76405868 4636
4987.04920266 4637
4944.60803073 4638
4893.90040009 4639
4833.39784258 4640
4762.24335844 4641
4688.20399878 4642
4625.03353305 4643
4586.51031927 4644
4586.20607927 4645
4625.35799155 4646
4681.78561978 4647
4730.82804002 4648
4748.00512807 4649
4714.68236882 4650
4645.27187795 4651
4565.93143788 4652
4502.64268731 4653
4480.26620588 4654
4501.87355343 4655
4548.78809897 4656
4601.51533555 4657
4640.7123239 4658
4653.46075608 4659
4644.55430817 4660
4621.81722338 4661
4593.01605156 4662
4565.73381983 4663
4546.36582656 4664
4540.66428536 4665
4554.33229047 4666
4592.8666246 4667
4653.82931979 4668
4723.54387097 4669
4787.57443816 4670
4831.59407317 4671
4846.89876585 4672
4847.75605396 4673
4854.26992646 4674
4886.39228625 4675
4962.4203407 4676
5078.95542053 4677
5216.49164088 4678
5355.28136298 4679
5475.77450288 4680
5565.16790675 4681
5624.10811208 4682
5654.84951099 4683
5659.63063769 4684
5642.04147801 4685
5614.03003362 4686
5590.62740603 4687
5586.75393076 4688
5616.59513588 4689
5678.90687077 4690
5756.51455495 4691
5831.6326634 4692
5886.61949282 4693
5909.96357338 4694
5907.53412244 4695
5888.25604827 4696
5860.98424975 4697
5834.22980998 4698
5813.92006382 4699
5804.59091199 4700
5810.72979625 4701
5836.66686162 4702
5880.71993317 4703
5932.6397457 4704
5981.59431134 4705
6016.83680356 4706
6030.72450823 4707
6028.14341018 4708
6017.15939902 4709
6005.77562803 4710
6001.46046167 4711
6005.01267414 4712
6012.35313342 4713
6019.32183555 4714
6021.80295886 4715
6017.25874374 4716
6006.22325812 4717
5989.58346526 4718
5968.22053333 4719
5943.54998272 4720
5920.16715641 4721
5903.79428495 4722
5900.10929217 4723
5914.48672632 4724
5946.3728985 4725
5989.34262062 4726
6036.76643213 4727
6082.07076412 4728
6119.68536927 4729
6146.67523347 4730
6160.56636551 4731
6158.90403151 4732
6139.8703905 4733
6106.85358754 4734
6065.8191159 4735
6022.70474917 4736
5983.29316683 4737
5948.9168759 4738
5915.02529661 4739
5876.69548417 4740
5829.04512083 4741
5769.37539941 4742
5703.08356891 4743
5637.4230328 4744
5579.58820228 4745
5535.96309195 4746
5503.62572522 4747
5473.45914518 4748
5436.30413702 4749
5383.14806154 4750
5311.48679602 4751
5230.26498855 4752
5149.53203738 4753
5079.25413572 4754
5027.00039612 4755
4988.28453093 4756
4954.78683925 4757
4918.25384643 4758
4870.88900238 4759
4812.22325983 4760
4748.21521991 4761
4684.99600691 4762
4628.64131065 4763
4583.30952719 4764
4548.71768237 4765
4523.94768088 4766
4508.08910518 4767
4500.17750458 4768
4498.83125484 4769
4502.49433825 4770
4509.62408328 4771
4518.68141808 4772
4527.91910653 4773
4535.34961077 4774
4538.98621606 4775
4536.86063547 4776
4527.46045873 4777
4510.67199411 4778
4486.6541266 4779
4455.56451903 4780
4417.82184135 4781
4376.41279462 4782
4335.75146208 4783
4300.23296508 4784
4274.20316275 4785
4261.2757102 4786
4264.0031948 4787
4284.83443113 4788
4326.198004 4789
4387.61567799 4790
4456.58886641 4791
4517.58966854 4792
4555.21636861 4793
4555.43449888 4794
4521.37419804 4795
4468.52069426 4796
4412.51245142 4797
4368.79635689 4798
4345.56970409 4799
4337.46362107 4800
4337.64787548 4801
4339.3472145 4802
4336.77843791 4803
4329.34274481 4804
4318.1990761 4805
4304.49719494 4806
4289.42374494 4807
4275.04601864 4808
4264.23088061 4809
4259.85180648 4810
4264.74969998 4811
4278.62623608 4812
4293.64738015 4813
4300.92410973 4814
4291.6384268 4815
4259.30292627 4816
4213.65577559 4817
4171.40390456 4818
4149.150654 4819
4162.77457417 4820
4210.48921373 4821
4270.47574863 4822
4319.99154947 4823
4336.48113139 4824
4307.4105535 4825
4250.63409431 4826
4189.67137404 4827
4147.85507851 4828
4145.75363314 4829
4179.57361562 4830
4232.30855952 4831
4286.95115162 4832
4326.80877212 4833
4343.88343896 4834
4342.35363811 4835
4327.28290342 4836
4303.69558719 4837
4276.6691178 4838
4251.60476697 4839
4233.94923595 4840
4229.10727452 4841
4241.79033866 4842
4268.6272223 4843
4300.84230463 4844
4329.62632448 4845
4346.2896447 4846
4346.42734764 4847
4332.98565181 4848
4309.61684106 4849
4279.94631698 4850
4247.42691403 4851
4214.78221717 4852
4184.50090274 4853
4159.05220568 4854
4140.72113022 4855
4129.06938176 4856
4121.44504137 4857
4115.15142391 4858
4107.52343982 4859
4097.64647489 4860
4088.27712894 4861
4082.61738799 4862
4083.84444698 4863
4094.38590986 4864
4112.2514398 4865
4133.81549161 4866
4155.47717131 4867
4173.77239742 4868
4187.71850884 4869
4198.75104838 4870
4208.39599781 4871
4218.16737177 4872
4229.12427341 4873
4241.18032353 4874
4254.06858509 4875
4267.52488003 4876
4281.14191183 4877
4293.42512027 4878
4302.39831349 4879
4306.09669529 4880
4302.73770439 4881
4295.69606885 4882
4294.32204058 4883
4308.23568164 4884
4346.9847274 4885
4414.56982258 4886
4498.06902722 4887
4581.40594189 4888
4648.62052549 4889
4685.70307192 4890
4695.64223073 4891
4690.51134386 4892
4682.38612455 4893
4683.04765932 4894
4695.06184109 4895
4708.48379699 4896
4712.53638697 4897
4696.51776626 4898
4654.30943791 4899
4596.43366196 4900
4537.15864657 4901
4490.65366521 4902
4469.6807003 4903
4472.16531989 4904
4486.75611028 4905
4502.03414732 4906
4506.77445029 4907
4497.31502896 4908
4481.94255862 4909
4469.95398065 4910
4470.58256104 4911
4490.15004478 4912
4522.52791801 4913
4558.24818 4914
4587.9082614 4915
4602.78725102 4916
4602.78493267 4917
4594.03799526 4918
4582.78299395 4919
4575.18836319 4920
4574.56145449 4921
4579.01175929 4922
4586.10475132 4923
4593.42144486 4924
4599.29597347 4925
4605.81199622 4926
4616.22546795 4927
4633.77144788 4928
4661.45126746 4929
4698.67300682 4930
4741.87613422 4931
4787.43264482 4932
4831.74855375 4933
4872.84568688 4934
4912.1023815 4935
4951.31019504 4936
4992.24872069 4937
5036.33796646 4938
5082.94199312 4939
5130.68345296 4940
5178.19219587 4941
5223.9133458 4942
5262.33439615 4943
5284.26828552 4944
5280.43933729 4945
5241.6570803 4946
5167.49538804 4947
5078.22089745 4948
4996.98472733 4949
4946.80298022 4950
4946.46598102 4951
4987.18054158 4952
5048.89792191 4953
5111.65209269 4954
5156.07462303 4955
5174.94413488 4956
5173.63051029 4957
5158.06107839 4958
5134.13047921 4959
5108.47017904 4960
5089.72601138 4961
5086.83372061 4962
5108.67936418 4963
5161.97434456 4964
5237.26603991 4965
5317.76542268 4966
5386.73626202 4967
5428.0766396 4968
5442.10430125 4969
5447.91777948 4970
5465.55056548 4971
5514.92854855 4972
5608.81923044 4973
5739.09360648 4974
5893.83667174 4975
6061.19614575 4976
6230.04646169 4977
6394.97680025 4978
6553.45912419 4979
6702.99671133 4980
6841.16107363 4981
6967.44704203 4982
7083.74624337 4983
7192.09343831 4984
7294.51170966 4985
7391.71400592 4986
7480.19186919 4987
7555.59699919 4988
7613.60170383 4989
7650.45171929 4990
7667.61442514 4991
7669.40387046 4992
7660.14331246 4993
7644.09356571 4994
7623.71484242 4995
7599.0501062 4996
7569.96906089 4997
7536.34225029 4998
7497.7763435 4999
7452.94711491 5000
7400.33028963 5001
7338.40870041 5002
7265.79151691 5003
7182.346348 5004
7088.67654055 5005
6985.39096925 5006
6873.13941043 5007
6754.75390676 5008
6636.20977776 5009
6523.70404632 5010
6423.40891348 5011
6338.56629399 5012
6261.45013373 5013
6181.77959782 5014
6089.31663326 5015
5975.28835603 5016
5846.79875911 5017
5720.80293226 5018
5614.34276897 5019
5544.1583696 5020
5513.38082616 5021
5504.49103328 5022
5498.29800815 5023
5475.68426472 5024
5423.47001558 5025
5351.97023757 5026
5277.31684202 5027
5215.58407419 5028
5181.20464895 5029
5169.77013949 5030
5164.59314371 5031
5148.83013141 5032
5105.912119 5033
5033.26304083 5034
4950.50760152 5035
4879.18568402 5036
4840.76538183 5037
4850.37936936 5038
4896.92978541 5039
4962.51794866 5040
5029.30319175 5041
5080.470513 5042
5111.31260806 5043
5125.30215974 5044
5126.05527933 5045
5117.16530041 5046
5101.36586405 5047
5079.98867067 5048
5054.22877673 5049
5025.28048262 5050
4994.15305296 5051
4961.07766297 5052
4926.07781533 5053
4889.17535251 5054
4850.84062432 5055
4817.32500655 5056
4798.87486086 5057
4805.7940784 5058
4848.19576717 5059
4923.88334798 5060
5010.06151384 5061
5082.02510731 5062
5115.12694607 5063
5092.34420605 5064
5029.93880906 5065
4953.26555521 5066
4887.61964177 5067
4856.40178723 5068
4858.87563294 5069
4877.36651784 5070
4893.88785837 5071
4890.63512831 5072
4860.96139269 5073
4817.05770698 5074
4772.91472969 5075
4742.49057926 5076
4735.96477287 5077
4746.89057437 5078
4764.24774175 5079
4777.03537056 5080
4774.94029207 5081
4756.38817329 5082
4725.94520739 5083
4688.3000077 5084
4648.10621351 5085
4608.37379802 5086
4569.32932173 5087
4530.93338904 5088
4493.14582312 5089
4455.71430517 5090
4417.45736463 5091
4376.93854138 5092
4332.72489534 5093
4283.72511615 5094
4233.25635845 5095
4187.70822194 5096
4153.52396362 5097
4137.06620713 5098
4139.39333771 5099
4152.73562984 5100
4168.49596642 5101
4178.09036901 5102
4175.25298762 5103
4163.67485627 5104
4149.71939892 5105
4139.74459699 5106
4139.63585958 5107
4149.42722595 5108
4165.15237623 5109
4182.77447031 5110
4198.28094005 5111
4209.18891711 5112
4215.50119645 5113
4217.44550606 5114
4215.2515199 5115
4210.29094697 5116
4208.70728719 5117
4217.88715299 5118
4245.20992624 5119
4296.92777055 5120
4365.788648 5121
4435.61709559 5122
4490.08995347 5123
4513.106447 5124
4501.85610102 5125
4474.36527077 5126
4450.46956306 5127
4449.99780003 5128
4486.05344348 5129
4544.94234119 5130
4606.29138786 5131
4649.73761989 5132
4656.76051135 5133
4629.63151981 5134
4583.76743868 5135
4534.79042826 5136
4498.16554818 5137
4481.0350439 5138
4478.09449282 5139
4483.02003822 5140
4489.49080178 5141
4492.99567679 5142
4495.83290728 5143
4501.90381254 5144
4515.10774234 5145
4538.9970044 5146
4573.46739635 5147
4616.22104972 5148
4664.93229784 5149
4717.26781774 5150
4770.58947822 5151
4821.82948757 5152
4867.88574174 5153
4905.65570626 5154
4934.41947092 5155
4961.83185292 5156
4997.39091858 5157
5050.59573231 5158
5128.9725407 5159
5220.95690916 5160
5304.29505117 5161
5356.60301768 5162
5356.02055231 5163
5301.87548237 5164
5221.39926518 5165
5143.73889905 5166
5098.05077617 5167
5103.63142457 5168
5147.85079611 5169
5211.63173353 5170
5275.88525467 5171
5323.15938857 5172
5350.42119497 5173
5362.1045017 5174
5362.70722577 5175
5356.69695739 5176
5347.44049522 5177
5336.97077163 5178
5327.23875 5179
5320.19909492 5180
5317.5352285 5181
5320.13687937 5182
5328.74733116 5183
5344.11235517 5184
5366.56508376 5185
5393.22011691 5186
5419.67261963 5187
5441.50679433 5188
5454.44277661 5189
5458.18350638 5190
5456.84817861 5191
5454.79046208 5192
5456.36343027 5193
5462.96305359 5194
5468.13453055 5195
5464.12834232 5196
5443.18769506 5197
5399.73164847 5198
5343.34162562 5199
5290.04132506 5200
5255.89651727 5201
5256.2580342 5202
5289.57078703 5203
5337.33783073 5204
5380.30231798 5205
5399.22294927 5206
5386.08950728 5207
5359.38491185 5208
5341.43025545 5209
5354.57661428 5210
5415.84660384 5211
5509.64986097 5212
5608.08656126 5213
5683.19435463 5214
5708.45149697 5215
5685.31149197 5216
5640.26564136 5217
5600.72263866 5218
5594.03605797 5219
5632.36717393 5220
5696.17762338 5221
5761.94351973 5222
5806.10358141 5223
5810.64113102 5224
5786.99658083 5225
5756.3230479 5226
5739.81317789 5227
5757.37708228 5228
5808.49707041 5229
5876.51925554 5230
5944.32350987 5231
5994.83769791 5232
6018.20643263 5233
6017.72606234 5234
5998.09102737 5235
5964.00301645 5236
5920.05967257 5237
5870.35895818 5238
5818.86167407 5239
5769.5363451 5240
5726.08180933 5241
5688.69394724 5242
5655.15159772 5243
5623.18025944 5244
5590.51506607 5245
5555.56452825 5246
5517.80723566 5247
5476.81202501 5248
5432.1488748 5249
5383.78580991 5250
5333.22417093 5251
5282.33981691 5252
5233.00988651 5253
5187.13530789 5254
5146.81850919 5255
5114.28158691 5256
5091.75298041 5257
5081.35948037 5258
5080.6966542 5259
5081.22753149 5260
5073.96278623 5261
5049.89710358 5262
5004.28514963 5263
4946.16540363 5264
4887.36863806 5265
4839.75106836 5266
4813.75890992 5267
4807.78303951 5268
4814.1557323 5269
4825.14601061 5270
4833.1808574 5271
4835.83932941 5272
4836.62646241 5273
4839.38078646 5274
4847.94363374 5275
4864.25518853 5276
4885.13847478 5277
4906.56096549 5278
4924.48394433 5279
4935.1665222 5280
4936.96426997 5281
4929.11347356 5282
4910.84886267 5283
4881.64675968 5284
4846.18671835 5285
4814.17519165 5286
4795.54646304 5287
4800.22513298 5288
4832.16896378 5289
4882.09449846 5290
4938.92098942 5291
4991.54545694 5292
5031.43514619 5293
5064.34356289 5294
5100.93365142 5295
5151.89743064 5296
5227.51064574 5297
5331.01364599 5298
5459.99343641 5299
5611.87468554 5300
5784.04705921 5301
5971.35562386 5302
6164.03615456 5303
6351.81655066 5304
6524.40196249 5305
6673.00861367 5306
6795.60739139 5307
6892.02863239 5308
6962.10460823 5309
7006.1667579 5310
7030.52641666 5311
7045.44885703 5312
7061.29339213 5313
7088.29527156 5314
7128.88805524 5315
7173.97854083 5316
7213.52957433 5317
7237.4781598 5318
7241.46589245 5319
7241.18228838 5320
7256.74053318 5321
7308.30339957 5322
7413.03534084 5323
7560.58257346 5324
7725.91980026 5325
7883.82553327 5326
8009.69153296 5327
8100.66381121 5328
8179.90207779 5329
8272.15098166 5330
8402.20343003 5331
8587.91786601 5332
8827.98142723 5333
9117.80922417 5334
9452.80456287 5335
9832.99428215 5336
10290.3846841 5337
10870.5505192 5338
11619.2250427 5339
12579.15317 5340
13727.4083608 5341
14978.1423174 5342
16242.7771111 5343
17432.7222635 5344
18493.6980965 5345
19445.5794036 5346
20317.9197825 5347
21140.3493996 5348
21936.4418542 5349
22697.6274772 5350
23404.7383739 5351
24038.5702128 5352
24583.8471681 5353
25083.3666364 5354
25623.9852057 5355
26293.8709177 5356
27180.6733738 5357
28318.2646677 5358
29649.9268609 5359
31110.1335431 5360
32633.2011593 5361
34159.4753895 5362
35653.7603774 5363
37086.9066786 5364
38429.6853358 5365
39653.32601 5366
40734.4975812 5367
41653.0252111 5368
42388.7564463 5369
42922.4869024 5370
43274.8347774 5371
43518.3799248 5372
43729.3623318 5373
43984.1963348 5374
44335.0832094 5375
44761.5559525 5376
45229.5771017 5377
45705.0208333 5378
46154.8286267 5379
46554.4671027 5380
46883.2365694 5381
47120.3921827 5382
47246.3013059 5383
47268.1918957 5384
47220.3270584 5385
47138.263881 5386
47057.5272187 5387
46988.9540472 5388
46887.9602803 5389
46702.2951796 5390
46379.6199912 5391
45879.4188595 5392
45225.8916227 5393
44465.1083608 5394
43643.2693848 5395
42805.2184814 5396
41974.1915741 5397
41156.8334804 5398
40359.3933277 5399
39587.975905 5400
38837.4547577 5401
38083.8263446 5402
37301.2473229 5403
36463.8054825 5404
35553.3518541 5405
34582.3768919 5406
33570.9056198 5407
32538.9977611 5408
31504.8220335 5409
30467.0079766 5410
29412.9577718 5411
28329.9137903 5412
27205.6056611 5413
26046.5293551 5414
24882.7481643 5415
23745.876048 5416
22667.5983463 5417
21671.2402534 5418
20756.4167951 5419
19918.5892815 5420
19153.2086796 5421
18454.3583751 5422
17806.7868922 5423
17191.2987662 5424
16588.6349928 5425
15980.1166056 5426
15359.7907486 5427
14733.5873597 5428
14107.9053867 5429
13489.1790038 5430
12886.2502428 5431
12312.867558 5432
11783.4024402 5433
11312.2591278 5434
10909.9901252 5435
10568.4776864 5436
10273.976985 5437
10012.7034798 5438
9771.63881499 5439
9547.66742158 5440
9344.43807486 5441
9165.74079388 5442
9015.28962699 5443
8892.63361292 5444
8791.16116164 5445
8703.75350602 5446
8623.27572234 5447
8550.94668091 5448
8515.9523982 5449
8553.38050754 5450
8698.38853958 5451
8983.92972893 5452
9424.27577344 5453
10024.5270363 5454
10789.7298392 5455
11723.9562311 5456
12805.9186694 5457
13987.3455367 5458
15218.5489894 5459
16449.7603773 5460
17635.3347041 5461
18739.37281 5462
19727.3118951 5463
20564.5116894 5464
21216.3984736 5465
21649.0679775 5466
21828.8086734 5467
21721.8380937 5468
21300.3778058 5469
20625.8165662 5470
19827.5484219 5471
19036.9417791 5472
18384.652747 5473
17934.7307902 5474
17642.2680425 5475
17452.2205184 5476
17309.4265082 5477
17167.1576111 5478
17010.2445911 5479
16830.8177509 5480
16620.9938193 5481
16372.3337034 5482
16071.4474099 5483
15702.2933335 5484
15248.7701741 5485
14695.5331191 5486
14050.3836129 5487
13347.6031043 5488
12622.9765279 5489
11912.3432399 5490
11244.7290401 5491
10632.0668126 5492
10083.6863597 5493
9608.93744133 5494
9214.00935163 5495
8886.50808315 5496
8607.26530572 5497
8357.06355636 5498
8117.74520596 5499
7888.37449727 5500
7681.76850777 5501
7511.15034695 5502
7389.58877143 5503
7316.55389457 5504
7268.43399537 5505
7219.3427119 5506
7143.34587057 5507
7024.3130589 5508
6883.75082023 5509
6752.20482924 5510
6660.27827769 5511
6634.57654614 5512
6663.96192304 5513
6716.66763027 5514
6760.66619204 5515
6764.66642615 5516
6721.22783533 5517
6650.49780545 5518
6574.19391052 5519
6514.0480489 5520
6484.3248065 5521
6480.5827928 5522
6495.49804336 5523
6521.7355188 5524
6552.23525606 5525
6581.59895563 5526
6605.02784323 5527
6617.71008941 5528
6615.34385965 5529
6601.51668046 5530
6586.0181694 5531
6578.8225441 5532
6589.79625648 5533
6620.27229701 5534
6657.52264285 5535
6687.49285175 5536
6696.10240475 5537
6675.38552897 5538
6639.93775819 5539
6609.56887222 5540
6604.12134085 5541
6640.58553445 5542
6710.55989264 5543
6792.40680689 5544
6864.34231636 5545
6905.24007816 5546
6912.77405135 5547
6905.24211362 5548
6902.01813218 5549
6922.46511697 5550
6975.09192135 5551
7042.99598335 5552
7105.62142139 5553
7142.38242159 5554
7136.99666873 5555
7096.32013906 5556
7034.93273266 5557
6967.43700792 5558
6907.82940553 5559
6861.54215075 5560
6827.8014709 5561
6805.69254633 5562
6794.29309944 5563
6792.33404633 5564
6798.01755804 5565
6809.50247912 5566
6824.94339177 5567
6842.16084302 5568
6857.88087573 5569
6868.59876471 5570
6870.80513364 5571
6861.37270586 5572
6840.15154424 5573
6808.37829741 5574
6767.29917716 5575
6718.33498014 5576
6666.69657641 5577
6621.30858602 5578
6591.26393679 5579
6585.61565453 5580
6606.1913548 5581
6639.98793209 5582
6672.16740408 5583
6687.87598949 5584
6676.23862369 5585
6644.75411142 5586
6606.20984842 5587
6573.40777671 5588
6558.18923319 5589
6561.48894834 5590
6577.38403991 5591
6599.84213892 5592
6622.87860103 5593
6642.7577283 5594
6658.65848987 5595
6669.95447117 5596
6676.01622884 5597
6676.25765565 5598
6670.20179958 5599
6657.39322475 5600
6637.37282705 5601
6610.06760088 5602
6577.8153344 5603
6543.89184121 5604
6511.57975935 5605
6484.11622544 5606
6463.92443464 5607
6452.75777113 5608
6452.3524744 5609
6464.4107295 5610
6488.05554902 5611
6518.04499906 5612
6548.71578032 5613
6574.39607233 5614
6592.43650818 5615
6611.29752119 5616
6642.003585 5617
6695.59055325 5618
6781.15246797 5619
6891.04463196 5620
7009.10146149 5621
7119.07274427 5622
7205.28519392 5623
7266.93095202 5624
7318.78492618 5625
7376.37808471 5626
7455.21827136 5627
7564.22988444 5628
7698.00894375 5629
7849.2692724 5630
8010.71359071 5631
8175.09038748 5632
8335.38731921 5633
8484.65742599 5634
8615.94543412 5635
8722.72135989 5636
8803.41408822 5637
8859.65332424 5638
8893.11996523 5639
8905.63019957 5640
8904.07633084 5641
8902.01203648 5642
8913.45481931 5643
8952.42548888 5644
9025.03939973 5645
9115.64763801 5646
9204.87754007 5647
9273.3366461 5648
9305.85350959 5649
9313.41887467 5650
9317.02680321 5651
9337.71286876 5652
9395.41518368 5653
9492.54476613 5654
9617.54829536 5655
9758.47426631 5656
9903.39461052 5657
10042.7213146 5658
10170.646872 5659
10281.7063499 5660
10370.4335052 5661
10437.2399237 5662
10502.8126444 5663
10592.21184 5664
10730.5170667 5665
10939.4224729 5666
11213.9160747 5667
11536.3984046 5668
11889.1754059 5669
12254.7451119 5670
12619.8827552 5671
12975.4882695 5672
13312.616203 5673
13622.3967365 5674
13906.4970504 5675
14187.144552 5676
14488.9665219 5677
14836.6081114 5678
15248.7416247 5679
15718.7404897 5680
16233.282753 5681
16779.0388986 5682
17344.0622799 5683
17929.9698339 5684
18546.0619546 5685
19201.7275353 5686
19905.8930887 5687
20653.7598101 5688
21424.9233022 5689
22198.1303198 5690
22952.1092498 5691
23665.7145965 5692
24318.1175421 5693
24888.5163907 5694
25356.1095242 5695
25702.8991287 5696
25925.2347625 5697
26024.0176871 5698
26000.1417962 5699
25856.0657314 5700
25612.9726398 5701
25304.4425259 5702
24964.3070699 5703
24625.9191495 5704
24302.6330865 5705
23981.3694084 5706
23647.2406854 5707
23285.354809 5708
22888.9377719 5709
22473.2518624 5710
22057.2760623 5711
21659.9955254 5712
21295.6006679 5713
20949.6902609 5714
20597.3165379 5715
20213.5018022 5716
19774.6469778 5717
19277.314741 5718
18733.3296111 5719
18154.8950236 5720
17554.2292856 5721
16944.0033576 5722
16337.5580469 5723
15748.2947215 5724
15189.6219065 5725
14672.5538803 5726
14200.6438446 5727
13776.0014565 5728
13400.7323597 5729
13075.5269913 5730
12791.3418823 5731
12535.0539201 5732
12293.5154362 5733
12054.1824898 5734
11815.1704163 5735
11583.6038028 5736
11366.8925632 5737
11172.3815385 5738
11001.8668194 5739
10847.8528757 5740
10701.9550923 5741
10555.7839011 5742
10405.0771974 5743
10259.9905578 5744
10133.8299843 5745
10039.9077425 5746
9988.864993 5747
9970.69189066 5748
9965.780828 5749
9954.45500225 5750
9918.07575097 5751
9859.03832137 5752
9799.27288643 5753
9761.46143664 5754
9768.17591588 5755
9829.97222335 5756
9935.38381793 5757
10070.5817939 5758
10221.7362734 5759
10377.859056 5760
10538.9162614 5761
10707.4941214 5762
10886.1819135 5763
11076.3501082 5764
11269.0539744 5765
11450.1491339 5766
11605.4481125 5767
11721.3562771 5768
11798.0741892 5769
11849.5415815 5770
11890.2960933 5771
11934.8233429 5772
11990.194989 5773
12048.9447532 5774
12101.9166822 5775
12139.9502057 5776
12156.4389496 5777
12155.295968 5778
12143.1242198 5779
12126.5354849 5780
12112.2371751 5781
12107.8129379 5782
12121.3127588 5783
12160.7957949 5784
12233.8361707 5785
12335.7584134 5786
12449.0614696 5787
12555.6352951 5788
12637.3959587 5789
12681.83001 5790
12687.9252318 5791
12656.0827079 5792
12586.7052887 5793
12483.3550774 5794
12363.1686523 5795
12246.9442884 5796
12155.4969442 5797
12107.5483206 5798
12101.8382576 5799
12126.0317016 5800
12167.6714355 5801
12214.4385047 5802
12257.8974775 5803
12293.7988126 5804
12318.0942429 5805
12326.7649157 5806
12320.31923 5807
12308.859364 5808
12303.7037234 5809
12316.1842508 5810
12353.7586677 5811
12406.8719663 5812
12461.2908869 5813
12502.7747364 5814
12518.5423556 5815
12510.074833 5816
12486.8761857 5817
12458.5516692 5818
12434.5389924 5819
12419.8880762 5820
12414.8629412 5821
12419.4826894 5822
12433.7807657 5823
12460.253403 5824
12506.6143249 5825
12581.2530064 5826
12692.5564786 5827
12844.4232846 5828
13020.9713459 5829
13200.880226 5830
13362.8152474 5831
13488.1932025 5832
13585.0083374 5833
13676.0901269 5834
13784.4398484 5835
13932.2823234 5836
14121.1020919 5837
14330.0258914 5838
14537.0879667 5839
14720.384027 5840
14873.0071797 5841
15019.2935735 5842
15187.4955407 5843
15405.886565 5844
15694.3156974 5845
16036.4889719 5846
16406.424364 5847
16778.1189102 5848
17128.5659108 5849
17462.7585043 5850
17800.9150253 5851
18163.4115263 5852
18569.9532711 5853
19023.1053667 5854
19507.5668317 5855
20007.177321 5856
20505.8372338 5857
20995.6218501 5858
21485.0462815 5859
21984.6050691 5860
22504.790905 5861
23053.8534995 5862
23630.865847 5863
24232.5581394 5864
24855.6613915 5865
25495.6185204 5866
26136.6207434 5867
26757.0360551 5868
27335.1680967 5869
27850.1170849 5870
28299.4928194 5871
28699.1792626 5872
29065.8509126 5873
29416.005217 5874
29745.172025 5875
30009.281149 5876
30159.8330647 5877
30148.2998585 5878
29941.2964582 5879
29562.9529545 5880
29051.0651817 5881
28443.4535556 5882
27773.3769895 5883
27037.3112425 5884
26214.020108 5885
25282.1394692 5886
24222.4608522 5887
23058.7812263 5888
21854.4245773 5889
20674.221477 5890
19582.6853854 5891
18612.9908788 5892
17743.7199174 5893
16947.9583104 5894
16198.7759173 5895
15474.3833201 5896
14770.834434 5897
14088.0245767 5898
13425.8644761 5899
12784.1931258 5900
12162.4465521 5901
11559.8756793 5902
10975.7302583 5903
10410.0469273 5904
9876.20458676 5905
9398.77444954 5906
9002.68644781 5907
8712.61406465 5908
8535.69406027 5909
8451.50090636 5910
8437.18276853 5911
8469.87001378 5912
8532.0022939 5913
8622.34623435 5914
8742.79435556 5915
8895.24594456 5916
9081.502842 5917
9302.80524653 5918
9560.17033327 5919
9854.61487527 5920
10187.3780266 5921
10562.8115079 5922
10987.6000441 5923
11468.4874878 5924
12011.8820407 5925
12608.5670542 5926
13227.6260279 5927
13836.5123912 5928
14402.6722609 5929
14907.3532253 5930
15368.6735983 5931
15810.8488166 5932
16258.1206793 5933
16731.2382316 5934
17231.9131838 5935
17755.4349164 5936
18297.0880107 5937
18852.1690253 5938
19416.2229804 5939
19984.9491999 5940
20554.0430065 5941
21119.1184917 5942
21673.0547859 5943
22205.4399949 5944
22705.6345925 5945
23163.0394356 5946
23573.2396763 5947
23945.9685826 5948
24292.9300114 5949
24625.8406454 5950
24954.4969098 5951
25279.9598673 5952
25600.7903686 5953
25915.5598799 5954
26223.3824071 5955
26528.6084462 5956
26838.4869788 5957
27160.3117001 5958
27501.1410158 5959
27862.3942573 5960
28239.6472389 5961
28628.2056783 5962
29023.3469829 5963
29416.4128639 5964
29791.2831106 5965
30130.9540858 5966
30418.4231582 5967
30644.2859543 5968
30827.55205 5969
30993.8596593 5970
31168.884378 5971
31373.6169198 5972
31593.2767023 5973
31796.6224879 5974
31952.2808995 5975
32031.0067768 5976
32041.7999284 5977
32026.4257737 5978
32027.7656708 5979
32088.3385528 5980
32225.1729869 5981
32415.1308659 5982
32631.5308541 5983
32847.6642771 5984
33042.4495861 5985
33211.8364804 5986
33354.9156779 5987
33470.8062334 5988
33560.2469257 5989
33633.8981474 5990
33706.0860351 5991
33791.1679406 5992
33901.8261538 5993
34028.7604735 5994
34147.2960627 5995
34232.4233242 5996
34259.784373 5997
34230.8068759 5998
34179.7803068 5999
34143.1762083 6000
34157.4270447 6001
34236.585526 6002
34341.6047068 6003
34425.6713032 6004
34441.9120117 6005
34357.3989841 6006
34204.1618692 6007
34033.1541347 6008
33895.398976 6009
33836.6992178 6010
33852.4860375 6011
33910.1330093 6012
33976.6746351 6013
34020.1086032 6014
34032.0774267 6015
34028.2379729 6016
34025.3192763 6017
34039.9390005 6018
34073.3438949 6019
34098.2990503 6020
34084.4260961 6021
34001.3522894 6022
33833.3070227 6023
33616.4491798 6024
33398.444007 6025
33227.0210339 6026
33141.5862735 6027
33122.6179932 6028
33125.3102636 6029
33104.6966508 6030
33019.0372772 6031
32877.6610984 6032
32730.280254 6033
32627.771637 6034
32620.100278 6035
32710.280849 6036
32834.4597819 6037
32923.5641494 6038
32908.512614 6039
32753.4633234 6040
32510.594471 6041
32246.5257293 6042
32027.9611732 6043
31906.5798664 6044
31856.3249755 6045
31826.1497046 6046
31764.92001 6047
31626.7327224 6048
31421.5196267 6049
31192.8313424 6050
30984.7273008 6051
30840.0827887 6052
30768.9884064 6053
30746.1255247 6054
30744.379623 6055
30736.666447 6056
30705.2921864 6057
30650.9410179 6058
30576.4246759 6059
30484.5689597 6060
30379.4140161 6061
30269.5306328 6062
30164.5210589 6063
30074.0332512 6064
30005.2932029 6065
29947.9968137 6066
29884.0426353 6067
29795.2825318 6068
29664.8653838 6069
29496.9559925 6070
29312.6212982 6071
29133.4235137 6072
28980.7495307 6073
28865.3988375 6074
28782.9881785 6075
28727.9531516 6076
28694.7399047 6077
28678.922658 6078
28679.1375804 6079
28694.4967578 6080
28724.1116357 6081
28764.157492 6082
28796.0114342 6083
28796.3953399 6084
28741.9694977 6085
28613.0815333 6086
28427.4314655 6087
28224.5593122 6088
28044.3192135 6089
27925.214744 6090
27871.3114001 6091
27850.9676809 6092
27830.8389706 6093
27777.6935716 6094
27674.0952042 6095
27531.8429091 6096
27365.9042633 6097
27191.2659068 6098
27021.0358019 6099
26861.757023 6100
26718.5885061 6101
26596.7012313 6102
26499.4558655 6103
26418.1939746 6104
26339.3599462 6105
26249.3661863 6106
26136.01774 6107
26006.8606372 6108
25883.9393482 6109
25789.6659919 6110
25745.8155558 6111
25748.2194209 6112
25759.1682458 6113
25738.6745297 6114
25646.7765311 6115
25467.8184894 6116
25242.4865993 6117
25019.479308 6118
24847.5680146 6119
24761.9043757 6120
24737.9381887 6121
24734.8100042 6122
24711.5998141 6123
24631.9894528 6124
24499.2951738 6125
24336.8414172 6126
24168.1459223 6127
24016.1838771 6128
23892.9264882 6129
23800.4822391 6130
23740.6415104 6131
23714.9997778 6132
23713.5860236 6133
23708.3489755 6134
23669.6251205 6135
23567.7195143 6136
23392.9131486 6137
23191.9772662 6138
23021.6355355 6139
22938.7287161 6140
22983.3996154 6141
23106.5186762 6142
23229.2763124 6143
23272.6952524 6144
23167.088887 6145
22942.3129461 6146
22688.1626954 6147
22495.3969672 6148
22451.832337 6149
22567.1758461 6150
22769.0911916 6151
22981.2270328 6152
23127.5317724 6153
23173.4979495 6154
23160.9182013 6155
23139.7879193 6156
23160.2220748 6157
23258.0448298 6158
23421.2921479 6159
23628.0107112 6160
23856.1950521 6161
24084.0874807 6162
24291.5837837 6163
24459.2130591 6164
24567.4718367 6165
24598.1820117 6166
24550.5506588 6167
24435.8136416 6168
24265.4736682 6169
24051.2775351 6170
23812.2645804 6171
23576.2201278 6172
23371.4820854 6173
23226.3175998 6174
23149.6513475 6175
23109.9528915 6176
23070.5746289 6177
22994.8038559 6178
22856.7554234 6179
22671.9570933 6180
22465.8440785 6181
22263.8902387 6182
22088.521713 6183
21939.9514638 6184
21808.6763259 6185
21685.146276 6186
21560.0098143 6187
21427.4797142 6188
21284.455818 6189
21127.9271571 6190
20954.9904195 6191
20768.1279334 6192
20576.8900918 6193
20391.3121296 6194
20221.4403141 6195
20072.770068 6196
19940.3155294 6197
19817.627738 6198
19698.2282724 6199
19576.348843 6200
19449.1676044 6201
19314.6320927 6202
19170.6934535 6203
19016.1133943 6204
18856.1732387 6205
18699.246798 6206
18553.7516802 6207
18427.7605272 6208
18323.4045385 6209
18237.9372399 6210
18168.4543974 6211
18112.0019428 6212
18063.4201123 6213
18014.4517679 6214
17956.5942802 6215
17881.3438488 6216
17785.1344906 6217
17676.4959877 6218
17565.7833864 6219
17463.3704196 6220
17377.3350344 6221
17305.5090151 6222
17242.8593547 6223
17184.3537036 6224
17125.4807347 6225
17066.1834939 6226
17008.6124443 6227
16954.9513377 6228
16907.124902 6229
16862.6083327 6230
16815.0937245 6231
16758.1165842 6232
16685.2839169 6233
16593.5749741 6234
16484.8376859 6235
16361.3178312 6236
16225.2814608 6237
16084.7462563 6238
15962.1876143 6239
15882.3630108 6240
15870.0640022 6241
15939.0704055 6242
16053.0199048 6243
16161.291508 6244
16213.1581592 6245
16164.8278045 6246
16031.9588047 6247
15860.2266351 6248
15695.6148384 6249
15582.3660358 6250
15532.2868647 6251
15529.3780304 6252
15556.7194006 6253
15597.4297878 6254
15639.1827513 6255
15676.2153835 6256
15703.2801161 6257
15715.110183 6258
15709.8584041 6259
15694.118486 6260
15675.7958554 6261
15662.8009559 6262
15659.6982572 6263
15656.0494216 6264
15637.2162261 6265
15588.5291854 6266
15497.810247 6267
15373.5149352 6268
15234.2446205 6269
15098.7098386 6270
14984.9464204 6271
14899.0154111 6272
14837.0039958 6273
14794.6772081 6274
14767.7664603 6275
14750.8369809 6276
14736.8207364 6277
14718.516654 6278
14688.7198297 6279
14642.5237669 6280
14580.4995815 6281
14504.0218821 6282
14414.4553104 6283
14315.0773966 6284
14217.153736 6285
14134.0807265 6286
14079.2707003 6287
14063.3105365 6288
14074.8152029 6289
14092.2150117 6290
14093.8428672 6291
14059.1868678 6292
13986.2690751 6293
13887.6214486 6294
13776.1977197 6295
13664.8895216 6296
13563.2277578 6297
13476.3793642 6298
13409.2225351 6299
13366.6279369 6300
13349.8696732 6301
13352.3373238 6302
13366.36009 6303
13384.2513227 6304
13399.0023399 6305
13406.2459128 6306
13402.2435323 6307
13383.2478193 6308
13346.4002337 6309
13295.0327297 6310
13235.0919912 6311
13172.5439212 6312
13113.0336447 6313
13057.6967219 6314
13004.4702353 6315
12951.2066333 6316
12895.8539076 6317
12839.1700776 6318
12785.2144546 6319
12738.2417021 6320
12702.4947685 6321
12679.6077801 6322
12666.0904744 6323
12657.8623279 6324
12650.8327202 6325
12641.3756568 6326
12627.4606828 6327
12607.3852321 6328
12579.4498415 6329
12542.4355247 6330
12498.0682299 6331
12449.1572072 6332
12398.517553 6333
12349.0393843 6334
12304.3231474 6335
12268.4161077 6336
12245.3816625 6337
12238.9427396 6338
12244.4158135 6339
12248.4792413 6340
12237.3879337 6341
12197.5089391 6342
12125.548642 6343
12035.6599888 6344
11943.7042527 6345
11865.568763 6346
11813.7654263 6347
11791.1494515 6348
11798.8647542 6349
11838.0510525 6350
11906.336525 6351
11983.8110851 6352
12045.0812347 6353
12064.6948394 6354
12021.0022664 6355
11926.8240376 6356
11813.268824 6357
11711.6736254 6358
11651.9704987 6359
11637.8009869 6360
11649.9474906 6361
11668.3978923 6362
11673.4127974 6363
11659.8005323 6364
11642.9606448 6365
11639.8751845 6366
11667.5100318 6367
11731.7322277 6368
11812.3744987 6369
11885.5144986 6370
11927.1848295 6371
11920.292011 6372
11875.4450592 6373
11810.2112348 6374
11742.1948687 6375
11686.5469814 6376
11640.9342159 6377
11595.493604 6378
11540.3069655 6379
11466.7656069 6380
11383.6610564 6381
11312.1573581 6382
11273.7155943 6383
11288.975133 6384
11352.9443101 6385
11431.2338376 6386
11487.7760554 6387
11486.6531368 6388
11414.1563282 6389
11298.0396638 6390
11170.6282185 6391
11064.3130645 6392
11003.8755883 6393
10990.2223129 6394
11019.6096051 6395
11088.2900114 6396
11188.8801877 6397
11294.4421485 6398
11371.4417802 6399
11386.2666809 6400
11310.1615035 6401
11161.4618446 6402
10984.817757 6403
10825.2542468 6404
10726.1711815 6405
10698.2422849 6406
10722.6099433 6407
10779.3281527 6408
10848.49312 6409
10914.3211999 6410
10966.9972917 6411
10997.1541034 6412
10995.435242 6413
10960.6845228 6414
10911.0802069 6415
10867.6228123 6416
10851.3518718 6417
10875.3030687 6418
10920.4961433 6419
10959.9509957 6420
10966.6327046 6421
10919.3886834 6422
10837.7755855 6423
10758.5019426 6424
10718.3963976 6425
10750.5136737 6426
10839.5271461 6427
10937.0090004 6428
10993.7998937 6429
10962.3457762 6430
10840.8749242 6431
10677.5436798 6432
10523.1222703 6433
10428.1238141 6434
10414.1587649 6435
10452.3930731 6436
10508.8727369 6437
10549.599384 6438
10552.6385389 6439
10530.6656798 6440
10502.5327642 6441
10487.1221409 6442
10498.5933979 6443
10528.2067851 6444
10560.3054641 6445
10579.2034854 6446
10571.0325329 6447
10537.3170537 6448
10487.2337418 6449
10430.0435945 6450
10374.845456 6451
10328.0490802 6452
10293.9236902 6453
10276.6803414 6454
10280.3910681 6455
10303.7381352 6456
10338.6317378 6457
10376.5408562 6458
10408.9354672 6459
10429.7233476 6460
10437.7041233 6461
10432.2579944 6462
10412.7648372 6463
10380.2058807 6464
10340.8148695 6465
10301.9143299 6466
10270.8404949 6467
10253.0827181 6468
10243.8364086 6469
10234.7606199 6470
10217.4880062 6471
10185.1043244 6472
10144.7712041 6473
10111.5409756 6474
10100.5803465 6475
10126.1560779 6476
10185.3851082 6477
10260.2289481 6478
10332.10678 6479
10382.5722071 6480
10401.2287159 6481
10388.8169823 6482
10346.8983633 6483
10277.0576281 6484
10185.2534121 6485
10087.0262499 6486
9999.21618207 6487
9938.69249013 6488
9915.75594948 6489
9916.98601668 6490
9923.60972719 6491
9916.81554739 6492
9881.26224812 6493
9822.6420902 6494
9754.47318237 6495
9690.30891682 6496
9642.47023134 6497
9610.14919902 6498
9584.70520784 6499
9557.38218883 6500
9519.95118565 6501
9475.18447653 6502
9436.10177996 6503
9416.13022477 6504
9428.42381172 6505
9471.01557179 6506
9520.08114573 6507
9550.04639158 6508
9535.3608035 6509
9465.69031657 6510
9365.59355456 6511
9264.5342542 6512
9192.02034667 6513
9168.93225361 6514
9183.8591326 6515
9217.86947772 6516
9251.99471035 6517
9269.31483611 6518
9265.70450284 6519
9241.91429724 6520
9198.70052118 6521
9137.43120426 6522
9065.91094577 6523
8995.84847876 6524
8939.0230888 6525
8906.68857663 6526
8898.89801691 6527
8905.18886966 6528
8914.67290252 6529
8916.62988392 6530
8909.41056117 6531
8904.47226802 6532
8914.31683187 6533
8951.42101659 6534
9019.45802954 6535
9102.13958178 6536
9180.41594656 6537
9235.20033485 6538
9253.67686034 6539
9245.95358882 6540
9227.36737161 6541
9213.28230667 6542
9217.03789757 6543
9239.72968563 6544
9277.9329617 6545
9328.20341789 6546
9386.73952945 6547
9446.11620389 6548
9496.79647835 6549
9529.19061116 6550
9534.78066485 6551
9525.62717378 6552
9532.29981528 6553
9586.08318064 6554
9717.56427397 6555
9924.42799532 6556
10159.1753748 6557
10370.9530141 6558
10508.9613756 6559
10547.825638 6560
10516.2326634 6561
10449.829159 6562
10384.3201957 6563
10345.5718652 6564
10326.0784637 6565
10311.2695647 6566
10286.5548946 6567
10241.433981 6568
10187.9088147 6569
10145.6579606 6570
10134.4021438 6571
10170.8468099 6572
10243.9248737 6573
10327.6619685 6574
10395.8950096 6575
10424.0562819 6576
10414.5154643 6577
10391.7547627 6578
10380.9495055 6579
10406.7102054 6580
10472.2849157 6581
10554.3518493 6582
10627.8913012 6583
10667.9098888 6584
10657.3079157 6585
10593.989188 6586
10477.5295573 6587
10307.5138921 6588
10093.8442055 6589
9877.04794461 6590
9703.36554369 6591
9619.12087233 6592
9656.12215607 6593
9776.89443515 6594
9923.34463555 6595
10037.273264 6596
10068.0678887 6597
10024.3574152 6598
9942.40508628 6599
9858.70062861 6600
9807.88387377 6601
9799.18044239 6602
9823.68672708 6603
9872.09504313 6604
9935.04033782 6605
10002.2120321 6606
10062.277736 6607
10103.836453 6608
10115.5326268 6609
10090.406659 6610
10028.6157485 6611
9930.95315365 6612
9798.24161539 6613
9637.24806028 6614
9469.46432231 6615
9318.67138802 6616
9208.68861868 6617
9155.27395202 6618
9142.6005209 6619
9147.09579937 6620
9145.14665199 6621
9116.82181207 6622
9065.28876562 6623
9002.59545512 6624
8940.83096731 6625
8891.33191593 6626
8857.5121692 6627
8838.1262772 6628
8831.86682213 6629
8837.22049227 6630
8849.04053534 6631
8858.96659692 6632
8858.51058288 6633
8839.31575388 6634
8798.84742876 6635
8742.23138898 6636
8675.12839655 6637
8603.18447772 6638
8529.62565052 6639
8452.87449153 6640
8370.78776231 6641
8281.21402677 6642
8185.82015532 6643
8097.83767666 6644
8032.70465888 6645
8005.88952526 6646
8027.60773789 6647
8082.88768752 6648
8149.22619334 6649
8204.08372829 6650
8227.88014078 6651
8223.83220931 6652
8205.63051561 6653
8187.04739379 6654
8180.95241222 6655
8188.38298701 6656
8202.21301613 6657
8215.14492232 6658
8220.02925335 6659
8213.67400153 6660
8196.92702469 6661
8170.82016266 6662
8136.46018733 6663
8098.84522872 6664
8068.87214091 6665
8057.93914095 6666
8077.43171987 6667
8131.95873066 6668
8210.76274538 6669
8300.95968324 6670
8389.64401234 6671
8466.41126239 6672
8529.62283213 6673
8579.53713377 6674
8616.41244894 6675
8640.57393982 6676
8652.7134163 6677
8653.64129012 6678
8644.17625498 6679
8625.3840202 6680
8600.49883094 6681
8573.85388986 6682
8549.80740243 6683
8532.51104274 6684
8523.05890932 6685
8520.22912349 6686
8522.74708578 6687
8529.3347847 6688
8538.86861047 6689
8550.39965939 6690
8562.97794023 6691
8575.69176713 6692
8589.78883638 6693
8610.04854707 6694
8641.56988423 6695
8689.45218365 6696
8753.03848718 6697
8817.73535567 6698
8866.86141368 6699
8883.70246352 6700
8860.32267638 6701
8821.1797201 6702
8798.24106346 6703
8823.51929445 6704
8920.53410519 6705
9064.21361967 6706
9212.2947005 6707
9322.41705272 6708
9357.36563223 6709
9326.7477155 6710
9264.91719118 6711
9206.52965588 6712
9184.07572516 6713
9196.67229938 6714
9217.53637337 6715
9219.17143846 6716
9175.13199404 6717
9090.562561 6718
9006.10714343 6719
8964.35197917 6720
9007.47537829 6721
9143.17110854 6722
9322.88604902 6723
9492.80048907 6724
9599.06925125 6725
9610.80731101 6726
9552.50428666 6727
9456.85328183 6728
9356.60517526 6729
9277.84810348 6730
9222.31610082 6731
9186.23142589 6732
9165.8019751 6733
9157.62798942 6734
9160.4741112 6735
9173.85245249 6736
9197.27667321 6737
9229.58539486 6738
9263.88145305 6739
9290.3306838 6740
9299.05518911 6741
9280.71200005 6742
9233.84025715 6743
9162.80562696 6744
9072.12817211 6745
8966.5149704 6746
8855.34046556 6747
8752.94696789 6748
8673.95234446 6749
8632.71522183 6750
8627.39528032 6751
8631.38511834 6752
8615.93075961 6753
8552.32162514 6754
8431.43541984 6755
8287.79041357 6756
8161.85209487 6757
8094.16153307 6758
8109.54837298 6759
8180.7115673 6760
8269.5263989 6761
8337.79810218 6762
8355.04124896 6763
8329.40007908 6764
8281.01685873 6765
8230.07293108 6766
8194.28511187 6767
8172.32975799 6768
8154.1347855 6769
8129.56820815 6770
8089.23492141 6771
8032.9285075 6772
7966.52548232 6773
7896.02950671 6774
7827.48874508 6775
7767.83334565 6776
7724.82459746 6777
7706.2680169 6778
7719.69784379 6779
7760.69176901 6780
7808.74153209 6781
7842.17085121 6782
7839.37978454 6783
7792.74429042 6784
7721.5780282 6785
7648.2881057 6786
7595.32193442 6787
7575.26396597 6788
7573.06182711 6789
7568.83935059 6790
7542.67065932 6791
7481.31847981 6792
7399.35560875 6793
7318.59761157 6794
7260.90037147 6795
7243.70935171 6796
7256.85659552 6797
7279.5724044 6798
7291.02251428 6799
7272.22184447 6800
7222.14902673 6801
7149.71396231 6802
7063.95584486 6803
6973.74174119 6804
6885.09031636 6805
6801.77842904 6806
6727.53021417 6807
6665.96579355 6808
6617.56370425 6809
6579.34382934 6810
6548.13402655 6811
6520.78645413 6812
6495.58309521 6813
6473.05604021 6814
6453.92589257 6815
6438.90998507 6816
6426.33355584 6817
6409.236481 6818
6379.9362021 6819
6330.73317554 6820
6259.15768461 6821
6179.59786816 6822
6109.84742631 6823
6067.73732122 6824
6065.92906191 6825
6092.56160263 6826
6128.51135032 6827
6154.61738771 6828
6154.61263026 6829
6132.81991418 6830
6102.37617941 6831
6076.48328181 6832
6067.26223127 6833
6074.97216059 6834
6092.6650168 6835
6113.27482181 6836
6129.92155551 6837
6139.18850651 6838
6140.61098386 6839
6133.81734728 6840
6118.4014836 6841
6092.93329302 6842
6054.75995679 6843
6001.1591731 6844
5929.52267225 6845
5845.73752582 6846
5769.74549314 6847
5722.84790612 6848
5726.32831411 6849
5785.43323157 6850
5867.91606022 6851
5936.13122688 6852
5952.34930369 6853
5893.02145298 6854
5782.16203933 6855
5653.77290239 6856
5541.92608358 6857
5474.05382962 6858
5444.96185302 6859
5439.52392385 6860
5442.57403862 6861
5440.47563671 6862
5430.65737112 6863
5415.34470743 6864
5396.79474622 6865
5376.9387428 6866
5354.22713809 6867
5324.98984755 6868
5285.51224285 6869
5232.49466115 6870
5169.81063692 6871
5107.4047147 6872
5055.43950774 6873
5023.69473786 6874
5009.74382524 6875
4996.94539587 6876
4967.82728198 6877
4905.0965435 6878
4805.94331071 6879
4690.8134714 6880
4582.29341718 6881
4502.96057494 6882
4463.48298251 6883
4447.90588832 6884
4436.63481451 6885
4410.03789539 6886
4356.59559401 6887
4290.51504899 6888
4231.10298327 6889
4197.70953061 6890
4203.27481261 6891
4231.56577064 6892
4258.05534602 6893
4258.16264379 6894
4212.42714452 6895
4135.08803475 6896
4053.93415876 6897
3996.85134123 6898
3988.29919066 6899
4019.26550787 6900
4062.03658172 6901
4088.63400613 6902
4072.84588483 6903
4015.65213456 6904
3938.95636522 6905
3865.24219295 6906
3816.42896892 6907
3799.21790173 6908
3804.39649629 6909
3821.98190145 6910
3842.06793197 6911
3859.41739266 6912
3875.43789394 6913
3892.04997226 6914
3911.15035567 6915
3931.27445836 6916
3944.40160956 6917
3941.73653951 6918
3914.47414544 6919
3859.42712655 6920
3788.63895083 6921
3716.72431668 6922
3658.33553656 6923
3624.11989029 6924
3609.38607259 6925
3605.77738288 6926
3604.9177175 6927
3599.96895985 6928
3592.47523735 6929
3586.80041794 6930
3587.3223768 6931
3597.71053141 6932
3616.0889244 6933
3637.9839633 6934
3658.89573077 6935
3674.40927511 6936
3681.15305203 6937
3676.41865623 6938
3657.50471984 6939
3622.17515022 6940
3576.55209951 6941
3533.97118681 6942
3508.03251007 6943
3511.90259133 6944
3544.73190472 6945
3589.37463116 6946
3627.73660868 6947
3641.89582793 6948
3626.90256653 6949
3598.06264825 6950
3572.47420076 6951
3567.20858078 6952
3588.81887541 6953
3621.5254734 6954
3646.66672907 6955
3645.54821106 6956
3608.98903696 6957
3555.60193061 6958
3509.07857566 6959
3493.16241106 6960
3523.23116746 6961
3580.64519957 6962
3638.11423474 6963
3668.28630538 6964
3649.48189328 6965
3592.37538536 6966
3519.04237857 6967
3451.61924598 6968
3409.82950504 6969
3393.69926458 6970
3393.75794437 6971
3400.45622923 6972
3404.91475749 6973
3406.34003531 6974
3409.17670557 6975
3417.97113828 6976
3436.70618171 6977
3459.09582998 6978
3469.95882281 6979
3453.78775111 6980
3395.65702743 6981
3299.06516812 6982
3188.72350323 6983
3090.56432309 6984
3030.3334451 6985
3019.8848241 6986
3049.81659075 6987
3108.91617003 6988
3185.93967342 6989
3268.83017451 6990
3343.89329959 6991
3397.20883534 6992
3414.83629797 6993
3389.57531665 6994
3332.95041352 6995
3259.7219451 6996
3184.68482042 6997
3120.82012242 6998
3074.16263602 6999
3049.10434904 7000
3050.04746074 7001
3078.70528013 7002
3122.70120239 7003
3165.04860284 7004
3188.72161551 7005
3179.76824396 7006
3146.72813686 7007
3108.07637358 7008
3082.36743038 7009
3085.98399005 7010
3112.6378896 7011
3142.69865655 7012
3156.32357727 7013
3135.00422905 7014
3081.02710923 7015
3012.84430811 7016
2949.36667311 7017
2908.98181599 7018
2896.63733691 7019
2903.54488168 7020
2920.28045913 7021
2937.51670017 7022
2950.76431975 7023
2962.00815273 7024
2973.68642023 7025
2988.20521008 7026
3004.47335362 7027
3015.2484682 7028
3012.64783415 7029
2988.79516438 7030
2942.47010456 7031
2888.01182869 7032
2842.00146877 7033
2821.0529488 7034
2834.54400748 7035
2869.13571563 7036
2907.02803646 7037
2930.38668631 7038
2926.6233715 7039
2905.50990141 7040
2882.76264053 7041
2874.12751297 7042
2891.72868115 7043
2926.72582815 7044
2962.78945172 7045
2983.54753582 7046
2975.08186875 7047
2943.04827218 7048
2902.39540834 7049
2868.15857783 7050
2853.8062641 7051
2855.1658427 7052
2857.07484922 7053
2844.1741315 7054
2802.29351489 7055
2736.9151378 7056
2669.47160432 7057
2621.89469811 7058
2615.33488105 7059
2650.23622139 7060
2705.31463164 7061
2758.22059249 7062
2786.89910584 7063
2783.88647512 7064
2761.51240571 7065
2733.53895969 7066
2713.67967978 7067
2709.17817 7068
2715.88305919 7069
2728.47780516 7070
2741.64262675 7071
2751.44405414 7072
2757.15881109 7073
2758.51056232 7074
2755.22464767 7075
2747.68035151 7076
2738.25053044 7077
2729.68624399 7078
2724.74485031 7079
2725.02327619 7080
2727.40211352 7081
2727.56618535 7082
2721.18785166 7083
2705.39348933 7084
2685.14366635 7085
2668.04072459 7086
2661.70574617 7087
2671.87160377 7088
2690.53133997 7089
2703.61353136 7090
2696.98963399 7091
2658.64503314 7092
2597.7535509 7093
2535.62685925 7094
2493.76236385 7095
2491.95267859 7096
2525.60540128 7097
2572.20363602 7098
2608.76632094 7099
2613.20459004 7100
2582.5976246 7101
2532.04802649 7102
2477.38249142 7103
2434.2439571 7104
2411.12875538 7105
2407.98499434 7106
2424.25897035 7107
2459.33138903 7108
2508.7761438 7109
2562.36040046 7110
2609.33949036 7111
2638.97926458 7112
2644.72772035 7113
2628.23680572 7114
2592.11166276 7115
2538.97221708 7116
2475.77426125 7117
2420.39179094 7118
2392.43247269 7119
2411.54591719 7120
2487.03592577 7121
2594.12642923 7122
2700.99854482 7123
2775.76186313 7124
2794.65814807 7125
2769.19679633 7126
2720.40728431 7127
2669.36882087 7128
2633.85796573 7129
2612.73999801 7130
2598.22739025 7131
2582.50839677 7132
2559.1072555 7133
2531.64241713 7134
2508.31112139 7135
2497.35459138 7136
2505.7393619 7137
2527.46700681 7138
2549.03979999 7139
2556.83292146 7140
2538.4230789 7141
2498.45097396 7142
2454.04490647 7143
2422.66565844 7144
2421.04121161 7145
2450.5542024 7146
2498.4355476 7147
2551.35363801 7148
2596.137022 7149
2625.39080216 7150
2638.40046499 7151
2634.82175007 7152
2614.38440921 7153
2580.74975834 7154
2543.27804233 7155
2511.80338195 7156
2496.10921921 7157
2498.67854198 7158
2508.63214378 7159
2513.64322614 7160
2501.37868147 7161
2467.70995677 7162
2427.50639456 7163
2398.35416042 7164
2397.88026601 7165
2433.99958663 7166
2485.81729113 7167
2527.08085004 7168
2531.46317575 7169
2482.82699409 7170
2403.87319842 7171
2326.56815582 7172
2282.97950644 7173
2297.31631584 7174
2355.11002482 7175
2430.06857496 7176
2495.81211883 7177
2529.69026332 7178
2532.93835166 7179
2516.08179116 7180
2489.70093729 7181
2463.59683418 7182
2440.94826084 7183
2421.69254708 7184
2405.74334188 7185
2393.05677628 7186
2384.04738023 7187
2379.4126395 7188
2379.85635834 7189
2385.88921828 7190
2395.10875691 7191
2402.89201192 7192
2404.54315172 7193
2395.55757335 7194
2375.70421929 7195
2348.78347491 7196
2318.76985865 7197
2289.66892596 7198
2266.13730794 7199
2253.5838402 7200
2257.48068025 7201
2283.16068912 7202
2328.14866881 7203
2378.72952527 7204
2420.27031692 7205
2438.17912314 7206
2427.09848101 7207
2398.16406735 7208
2364.25621908 7209
2338.29069743 7210
2329.64615209 7211
2339.79672483 7212
2369.16348847 7213
2418.16296969 7214
2482.98006601 7215
2548.08296051 7216
2595.86853858 7217
2608.65322423 7218
2576.7755931 7219
2518.65867757 7220
2458.9108059 7221
2422.25383643 7222
2426.09425223 7223
2455.39939696 7224
2486.17754619 7225
2494.31594002 7226
2460.80927297 7227
2395.46809435 7228
2318.09977792 7229
2248.61996876 7230
2204.71817168 7231
2187.8567266 7232
2192.52085699 7233
2213.14461618 7234
2244.15058483 7235
2280.09798439 7236
2315.60496137 7237
2345.26132634 7238
2364.19232684 7239
2374.06760155 7240
2380.82540339 7241
2390.50321429 7242
2408.68935505 7243
2433.45267995 7244
2456.89065381 7245
2470.89085657 7246
2467.72410378 7247
2448.85654278 7248
2424.63119944 7249
2405.8126271 7250
2402.83408287 7251
2414.04965879 7252
2423.6709372 7253
2415.01859872 7254
2371.72702837 7255
2297.16561112 7256
2222.67685589 7257
2181.91228164 7258
2208.38968038 7259
2307.11509504 7260
2433.9410673 7261
2539.59525737 7262
2574.65135724 7263
2518.72816589 7264
2412.51652831 7265
2304.63182721 7266
2243.98840003 7267
2257.8701472 7268
2317.73316638 7269
2386.03355634 7270
2424.95191133 7271
2410.60808938 7272
2363.57357761 7273
2313.30878378 7274
2289.50025966 7275
2312.99795447 7276
2369.77396021 7277
2437.22870958 7278
2492.58190505 7279
2516.71289377 7280
2508.7183544 7281
2473.15809641 7282
2414.63195704 7283
2339.1501784 7284
2260.9168241 7285
2197.23636985 7286
2165.56660501 7287
2180.38838752 7288
2233.35780713 7289
2305.84502996 7290
2379.00679822 7291
2435.32738626 7292
2470.85827187 7293
2489.00490532 7294
2493.27026306 7295
2487.53641876 7296
2479.75642697 7297
2480.56105719 7298
2500.72801706 7299
