0.0 3800
0.0 3801
0.0 3802
74.0392370226 3803
142.116162021 3804
175.642175714 3805
166.825146448 3806
127.760676483 3807
71.3422695005 3808
10.4129063364 3809
0.0 3810
0.0 3811
0.0 3812
0.0 3813
0.0 3814
0.0 3815
57.3153113203 3816
114.066978035 3817
146.105341108 3818
144.664165979 3819
121.722542757 3820
92.882221318 3821
73.6717079906 3822
78.3519147677 3823
106.367202465 3824
147.217353336 3825
190.266086052 3826
224.948794527 3827
245.54963434 3828
257.457524767 3829
267.593440916 3830
282.843030737 3831
309.373723725 3832
346.86026887 3833
391.418550904 3834
439.147230354 3835
486.161539609 3836
528.172614579 3837
560.120342202 3838
576.885549004 3839
573.378036356 3840
546.504590537 3841
507.636678745 3842
474.519164642 3843
464.826854954 3844
495.838572705 3845
567.981098523 3846
656.265422898 3847
733.721215942 3848
773.534028609 3849
754.737758392 3850
689.12675415 3851
600.039937987 3852
510.694684733 3853
443.796867588 3854
408.978087336 3855
399.899574903 3856
409.28048051 3857
429.88271258 3858
455.842168482 3859
487.310624303 3860
526.117802564 3861
574.082047035 3862
632.693386706 3863
696.209155919 3864
751.738641375 3865
786.16145006 3866
786.439854668 3867
746.688824332 3868
685.87190141 3869
628.274194654 3870
598.028552941 3871
617.516863192 3872
683.58034171 3873
772.751394865 3874
861.139298797 3875
925.017540064 3876
949.591385468 3877
944.247801494 3878
922.408936 3879
897.411635677 3880
881.833768966 3881
880.433708523 3882
892.991798383 3883
919.208682279 3884
958.769042608 3885
1008.19400001 3886
1057.22256671 3887
1094.77806224 3888
1109.85604164 3889
1093.39547897 3890
1052.33830655 3891
1001.64508482 3892
956.241720718 3893
930.839126675 3894
930.986423283 3895
946.857143422 3896
967.205631591 3897
980.859842831 3898
978.921706382 3899
966.65566603 3900
954.856226872 3901
954.260685711 3902
975.306445016 3903
1018.87572002 3904
1073.18765912 3905
1125.65765153 3906
1163.78387843 3907
1178.78288095 3908
1179.60635997 3909
1180.51160436 3910
1195.66336805 3911
1238.53080821 3912
1307.26761883 3913
1384.02033938 3914
1450.29006184 3915
1487.6996743 3916
1484.76996456 3917
1455.09449497 3918
1417.9400918 3919
1392.4472655 3920
1396.60251226 3921
1431.12135713 3922
1482.55390548 3923
1537.11330689 3924
1581.10761051 3925
1604.85067173 3926
1609.67161969 3927
1598.79115434 3928
1575.40903988 3929
1543.2788301 3930
1512.78667247 3931
1498.53417978 3932
1515.0992077 3933
1576.88740055 3934
1684.53489392 3935
1809.47702865 3936
1919.578165 3937
1982.90956861 3938
1972.77327161 3939
1904.38483692 3940
1813.53126155 3941
1735.91903807 3942
1706.71709015 3943
1739.18790384 3944
1811.01248853 3945
1896.72643928 3946
1971.02686401 3947
2012.55245618 3948
2023.05377598 3949
2012.90077902 3950
1992.41370956 3951
1971.7488653 3952
1957.39109377 3953
1951.23823222 3954
1954.88582565 3955
1969.91958513 3956
1997.28590664 3957
2035.10258659 3958
2080.70834756 3959
2131.45839378 3960
2184.82685595 3961
2240.53029397 3962
2300.44218412 3963
2366.51288801 3964
2440.68042554 3965
2521.94237289 3966
2599.61718536 3967
2661.08828079 3968
2693.81490205 3969
2686.43174352 3970
2643.18771141 3971
2579.81334815 3972
2512.21642962 3973
2456.19171964 3974
2421.03572794 3975
2400.28693607 3976
2385.15900659 3977
2366.91711855 3978
2338.01156992 3979
2301.90421996 3980
2268.18335462 3981
2246.44974587 3982
2246.17683466 3983
2269.63372108 3984
2305.98834644 3985
2343.07211461 3986
2368.78545176 3987
2373.25722891 3988
2361.41994541 3989
2344.34057971 3990
2333.044876 3991
2338.31707496 3992
2362.89358842 3993
2398.51413259 3994
2436.16559816 3995
2466.88445117 3996
2484.11656032 3997
2492.9057143 3998
2501.80283385 3999
2519.31336066 4000
2553.48222359 4001
2602.1399777 4002
2652.60418647 4003
2691.77304407 4004
2706.61438877 4005
2689.54962772 4006
2652.0214301 4007
2609.59222883 4008
2577.74328158 4009
2570.86455027 4010
2587.9742467 4011
2616.23908487 4012
2642.58158484 4013
2654.00630119 4014
2644.13973884 4015
2623.33245087 4016
2604.50067255 4017
2600.49594706 4018
2622.76630042 4019
2669.31252251 4020
2730.44456213 4021
2796.42808046 4022
2857.6111125 4023
2908.01070499 4024
2948.40469996 4025
2980.29994664 4026
3005.19594043 4027
3024.57762661 4028
3039.87359715 4029
3052.48508808 4030
3063.80653231 4031
3075.25989219 4032
3089.74430733 4033
3112.17130155 4034
3147.57571334 4035
3200.96983719 4036
3274.27378396 4037
3354.66096622 4038
3424.94489071 4039
3468.01480937 4040
3467.81856119 4041
3431.27031271 4042
3388.29980148 4043
3369.72015355 4044
3406.20892702 4045
3515.58897786 4046
3672.6264719 4047
3843.13012011 4048
3993.05468616 4049
4090.63043028 4050
4134.20171666 4051
4144.24912199 4052
4141.68467068 4053
4147.30045336 4054
4171.98670725 4055
4203.12818023 4056
4224.72962845 4057
4220.86027558 4058
4178.11239454 4059
4105.58170559 4060
4024.34218559 4061
3955.498322 4062
3919.90007868 4063
3924.60705379 4064
3953.19252291 4065
3986.99285656 4066
4007.41629139 4067
3999.18219442 4068
3967.01491918 4069
3923.20363851 4070
3880.00600422 4071
3849.49202211 4072
3838.74920925 4073
3848.74567687 4074
3880.06990588 4075
3933.30882348 4076
4007.94790488 4077
4098.82609864 4078
4199.57300699 4079
4303.84100128 4080
4405.31688919 4081
4497.93575663 4082
4575.85487452 4083
4633.25846839 4084
4664.35303593 4085
4666.67530837 4086
4647.40631643 4087
4615.44565851 4088
4579.66294796 4089
4548.36610516 4090
4523.72601307 4091
4504.001907 4092
4487.39508674 4093
4472.14308907 4094
4460.81526191 4095
4464.75091946 4096
4496.31688819 4097
4567.84167719 4098
4688.19516734 4099
4840.80071038 4100
4997.68854215 4101
5130.91953714 4102
5213.0698717 4103
5237.85345991 4104
5229.13997758 4105
5213.04895245 4106
5215.62184491 4107
5256.26043387 4108
5321.74713413 4109
5388.82276325 4110
5434.29282434 4111
5435.90510218 4112
5392.22502669 4113
5322.90747696 4114
5248.49524149 4115
5189.47219349 4116
5160.8296261 4117
5159.34282223 4118
5178.00247056 4119
5209.81863489 4120
5248.06360824 4121
5289.30401859 4122
5332.46835198 4123
5376.5396679 4124
5420.51264563 4125
5465.51431962 4126
5517.50926022 4127
5583.11524774 4128
5668.93356527 4129
5780.19878318 4130
5910.7781064 4131
6048.87355728 4132
6182.67483798 4133
6300.49169697 4134
6396.30445622 4135
6472.95499829 4136
6534.05151486 4137
6583.19262656 4138
6623.88515824 4139
6659.17367483 4140
6691.94073738 4141
6725.06243849 4142
6761.20109767 4143
6797.38619356 4144
6824.496588 4145
6833.11857768 4146
6813.85987921 4147
6762.23645424 4148
6691.38339202 4149
6618.37095417 4150
6560.23092236 4151
6532.8667292 4152
6536.09743367 4153
6557.52819496 4154
6584.48538904 4155
6604.34191931 4156
6610.18978355 4157
6608.78578676 4158
6608.87606223 4159
6619.18816811 4160
6647.8005356 4161
6697.18616335 4162
6766.89401422 4163
6856.4487939 4164
6965.38488855 4165
7093.79907821 4166
7242.6990186 4167
7413.174644 4168
7606.31329282 4169
7819.45515415 4170
8028.88416673 4171
8203.57568183 4172
8312.55953285 4173
8326.10483317 4174
8247.61719268 4175
8117.25854541 4176
7977.0311579 4177
7868.85528064 4178
7823.79802484 4179
7833.64790701 4180
7881.28767547 4181
7949.63258995 4182
8022.22075459 4183
8091.29510096 4184
8155.7172068 4185
8214.51601753 4186
8266.72748143 4187
8312.80820748 4188
8356.58882855 4189
8402.38347474 4190
8454.49875662 4191
8516.51097591 4192
8585.72635124 4193
8656.2411117 4194
8722.13541612 4195
8777.60369805 4196
8823.43467984 4197
8870.84841689 4198
8931.96904888 4199
9018.89924234 4200
9139.05127304 4201
9274.52840861 4202
9398.9384643 4203
9485.92899144 4204
9510.1532353 4205
9471.24013351 4206
9395.45033974 4207
9310.2995152 4208
9243.25375055 4209
9212.42229937 4210
9203.81448805 4211
9196.56428166 4212
9169.84168126 4213
9104.54903183 4214
9004.52408449 4215
8890.04204982 4216
8781.70280552 4217
8700.02398741 4218
8655.80184808 4219
8638.34211604 4220
8634.08392788 4221
8629.49050606 4222
8613.20891808 4223
8590.9982281 4224
8576.72900946 4225
8584.29746839 4226
8627.37673774 4227
8709.40239402 4228
8818.91755931 4229
8943.30908844 4230
9069.98509032 4231
9188.8077525 4232
9301.5280247 4233
9413.51032571 4234
9530.11092244 4235
9656.70828595 4236
9799.35909078 4237
9964.77546912 4238
10159.6850176 4239
10390.7981518 4240
10653.9206324 4241
10911.583088 4242
11120.0446566 4243
11235.6393523 4244
11219.7629865 4245
11091.2286476 4246
10905.5175821 4247
10718.6155953 4248
10586.1893766 4249
10536.5775865 4250
10545.0683502 4251
10580.8858528 4252
10613.3075984 4253
10615.3484675 4254
10584.8737044 4255
10529.9860971 4256
10458.8063277 4257
10379.3060461 4258
10294.4604327 4259
10200.9287061 4260
10094.9689607 4261
9972.8466585 4262
9834.04908332 4263
9691.30947492 4264
9560.7482659 4265
9458.45743118 4266
9399.57597363 4267
9383.70013063 4268
9397.55934565 4269
9427.51707091 4270
9459.97160499 4271
9485.56858173 4272
9505.72815236 4273
9523.55461837 4274
9542.14732954 4275
9564.20845932 4276
9588.86035251 4277
9613.31241242 4278
9634.76111191 4279
9650.46055591 4280
9661.24463285 4281
9673.71458973 4282
9694.98299303 4283
9732.1499543 4284
9789.88190189 4285
9859.79015969 4286
9929.12432262 4287
9985.15469167 4288
10015.7026668 4289
10021.6577244 4290
10017.4894522 4291
10018.2746208 4292
10039.0590482 4293
10089.8760505 4294
10164.5133881 4295
10253.4740506 4296
10347.2798586 4297
10436.697076 4298
10515.2802829 4299
10578.4484717 4300
10621.6652436 4301
10640.4439016 4302
10635.9802773 4303
10620.8622354 4304
10609.0154445 4305
10614.3379648 4306
10647.5115742 4307
10697.3186869 4308
10743.3756982 4309
10765.3102643 4310
10743.2536218 4311
10674.4095582 4312
10577.5883443 4313
10472.9548114 4314
10380.6309494 4315
10314.1353141 4316
10260.3437199 4317
10199.4117955 4318
10111.5376635 4319
9978.6076592 4320
9809.02174299 4321
9632.53471091 4322
9479.44765803 4323
9379.94442279 4324
9347.94521429 4325
9357.93486294 4326
9378.57661563 4327
9378.60402303 4328
9330.87446724 4329
9242.79807133 4330
9139.19952177 4331
9044.98082249 4332
8984.67126322 4333
8965.28145405 4334
8967.56069712 4335
8970.13795431 4336
8951.69264053 4337
8897.22399004 4338
8822.44888727 4339
8752.41708132 4340
8712.12161076 4341
8725.46196672 4342
8794.80537142 4343
8902.23607672 4344
9029.08672639 4345
9156.74507555 4346
9275.50309224 4347
9401.12750521 4348
9553.88771871 4349
9754.00202639 4350
10019.4841854 4351
10346.1905078 4352
10716.9946783 4353
11114.6468151 4354
11522.0365328 4355
11930.0267088 4356
12343.2366676 4357
12767.6428932 4358
13209.2046458 4359
13668.0439895 4360
14111.0266861 4361
14493.3184476 4362
14770.1925241 4363
14898.363471 4364
14869.1116799 4365
14710.6418495 4366
14452.895583 4367
14125.7332271 4368
13755.9832949 4369
13360.6799543 4370
12954.8108634 4371
12553.3238436 4372
12170.6487515 4373
11815.4789257 4374
11492.7141021 4375
11207.1732809 4376
10963.6323346 4377
10763.4882506 4378
10601.5960345 4379
10472.0725 4380
10369.0517808 4381
10286.8474083 4382
10220.8482514 4383
10166.875792 4384
10120.7648334 4385
10078.4117358 4386
10037.2766834 4387
9996.66046155 4388
9955.97101272 4389
9914.61917184 4390
9872.79368644 4391
9833.5259578 4392
9800.48743005 4393
9777.33806439 4394
9766.93874836 4395
9761.44360339 4396
9745.31350345 4397
9702.88950673 4398
9618.65398229 4399
9492.42777557 4400
9356.36443724 4401
9246.62495689 4402
9199.25188127 4403
9243.70702684 4404
9363.77075633 4405
9523.66563229 4406
9687.6556145 4407
9820.62186802 4408
9905.81601559 4409
9949.64131969 4410
9959.96441574 4411
9944.62613479 4412
9912.41575093 4413
9875.91250469 4414
9848.58760165 4415
9843.86486345 4416
9873.92416167 4417
9933.21410553 4418
10002.7026128 4419
10063.0837117 4420
10095.1790083 4421
10092.2183609 4422
10074.9276333 4423
10067.6657794 4424
10094.7040233 4425
10176.4560483 4426
10305.205994 4427
10460.6100566 4428
10622.3367999 4429
10770.4390399 4430
10897.4346204 4431
11012.1654445 4432
11124.5508879 4433
11244.4727881 4434
11377.4399783 4435
11511.2984462 4436
11629.4536628 4437
11715.3759664 4438
11753.8621236 4439
11749.214714 4440
11720.9779303 4441
11689.0284674 4442
11673.1343046 4443
11685.5380083 4444
11721.47613 4445
11773.8554114 4446
11835.6093969 4447
11900.9327355 4448
11973.3786494 4449
12060.765893 4450
12170.9018997 4451
12311.262891 4452
12477.1417852 4453
12647.7590769 4454
12801.3131828 4455
12916.0948905 4456
12975.7887157 4457
12985.8132264 4458
12957.0969441 4459
12900.5239504 4460
12826.4581053 4461
12737.9570878 4462
12632.3992639 4463
12507.0244241 4464
12359.0886841 4465
12186.5188564 4466
11988.7396133 4467
11765.3823875 4468
11516.0818841 4469
11243.5034239 4470
10972.8473088 4471
10739.3689756 4472
10578.215661 4473
10523.3717125 4474
10569.8570069 4475
10662.4119018 4476
10742.6730409 4477
10752.5434664 4478
10653.4993138 4479
10483.6728782 4480
10299.9575339 4481
10158.9839267 4482
10113.75807 4483
10168.1282767 4484
10288.9851644 4485
10442.4605592 4486
10594.8776921 4487
10719.000307 4488
10801.3150755 4489
10830.1511401 4490
10793.8944025 4491
10684.9673557 4492
10523.8187046 4493
10342.8125927 4494
10174.2033601 4495
10049.5093447 4496
9980.04978224 4497
9952.40349312 4498
9951.69261432 4499
9963.11177911 4500
9974.52613836 4501
9983.491669 4502
9989.80652299 4503
9993.27087317 4504
9994.00755711 4505
9996.42531265 4506
10007.9505735 4507
10036.0367143 4508
10088.0331095 4509
10162.2870078 4510
10239.1104007 4511
10296.7520755 4512
10313.5732941 4513
10274.1407454 4514
10202.3104765 4515
10137.3413865 4516
10118.3269276 4517
10182.7423133 4518
10326.4275465 4519
10498.1222959 4520
10644.2813367 4521
10711.6470638 4522
10669.000895 4523
10558.3128252 4524
10436.634446 4525
10360.7123069 4526
10381.9370216 4527
10492.7191719 4528
10647.6296662 4529
10800.8511 4530
10907.0617592 4531
10944.4122427 4532
10933.2531961 4533
10898.2626762 4534
10863.9838043 4535
10850.1410716 4536
10849.7252545 4537
10846.3670117 4538
10823.7779421 4539
10766.4383933 4540
10674.9526531 4541
10566.2240085 4542
10457.7912705 4543
10367.089024 4544
10306.4838316 4545
10273.6440148 4546
10263.5709085 4547
10271.2940103 4548
10291.8435472 4549
10320.0168632 4550
10350.4905243 4551
10377.971775 4552
10397.2940873 4553
10409.5453265 4554
10425.6899371 4555
10457.5074611 4556
10516.7065349 4557
10611.6156618 4558
10734.4150827 4559
10872.4450094 4560
11013.1202882 4561
11144.0379209 4562
11254.8654132 4563
11337.0970901 4564
11382.3403626 4565
11382.278843 4566
11337.7083029 4567
11272.1124185 4568
11212.3271604 4569
11185.0223119 4570
11212.8102973 4571
11286.6420187 4572
11382.2482409 4573
11475.4084741 4574
11542.4295141 4575
11575.842543 4576
11589.9622171 4577
11600.5564549 4578
11623.294813 4579
11670.8540588 4580
11744.2026636 4581
11841.3826649 4582
11960.4461157 4583
12098.8168759 4584
12244.776237 4585
12379.8504736 4586
12485.5194655 4587
12543.4745345 4588
12549.6114612 4589
12529.0388548 4590
12510.327741 4591
12521.8645448 4592
12584.2700384 4593
12668.9052525 4594
12727.7362649 4595
12712.9941174 4596
12578.8645321 4597
12326.5306945 4598
12009.440977 4599
11683.4596362 4600
11404.0752964 4601
11211.0720962 4602
11094.6104503 4603
11035.0040017 4604
11012.6948342 4605
11009.5051294 4606
11020.8037284 4607
11050.1544448 4608
11101.2125202 4609
11177.5497225 4610
11278.4020561 4611
11395.8123348 4612
11521.1929282 4613
11646.0139927 4614
11760.4249339 4615
11847.6767695 4616
11888.9433241 4617
11865.5277204 4618
11760.4415847 4619
11587.0276926 4620
11385.7118198 4621
11197.6125499 4622
11063.5094447 4623
11003.9336205 4624
10989.1372915 4625
10981.8338446 4626
10944.9978938 4627
10847.6521782 4628
10705.1092994 4629
10554.5850359 4630
10433.1695514 4631
10377.0618007 4632
10397.1262948 4633
10471.2374893 4634
10575.1904407 4635
10684.950027 4636
10779.8997895 4637
10851.9813812 4638
10896.1576247 4639
10907.4292209 4640
10881.7311583 4641
10826.7363289 4642
10758.2731819 4643
10692.2247759 4644
10644.2737152 4645
10620.0643171 4646
10606.2115157 4647
10587.2848258 4648
10547.9677656 4649
10476.6816265 4650
10382.9947728 4651
10283.9909244 4652
10196.6381466 4653
10137.2001381 4654
10108.3773304 4655
10099.3305144 4656
10098.7059114 4657
10095.2393352 4658
10082.9989635 4659
10070.8165455 4660
10070.0193475 4661
10091.8499762 4662
10146.1658672 4663
10231.099027 4664
10338.6603313 4665
10460.8643265 4666
10589.8043105 4667
10718.5864207 4668
10841.7263188 4669
10953.8871699 4670
11049.7719335 4671
11126.7455238 4672
11193.088779 4673
11259.8449413 4674
11337.9753949 4675
11437.6858121 4676
11559.4812554 4677
11696.6599273 4678
11842.3967016 4679
11989.9056657 4680
12130.6588253 4681
12252.5657286 4682
12343.1899936 4683
12390.1930122 4684
12385.3340143 4685
12344.9649696 4686
12294.5998794 4687
12259.5725929 4688
12264.1496817 4689
12310.851275 4690
12379.7453055 4691
12450.007514 4692
12500.9812206 4693
12518.8795189 4694
12509.3798057 4695
12481.5874785 4696
12444.5355718 4697
12407.0977251 4698
12377.2419198 4699
12362.4280645 4700
12370.0533372 4701
12407.1784179 4702
12467.1476405 4703
12523.7509655 4704
12549.4693676 4705
12517.001159 4706
12410.7198132 4707
12262.4463408 4708
12115.966354 4709
12014.7204169 4710
11998.5516647 4711
12061.3522825 4712
12163.4308951 4713
12264.6263928 4714
12325.2782673 4715
12329.6868352 4716
12308.9688037 4717
12299.4672317 4718
12337.2369921 4719
12450.3275779 4720
12621.1743642 4721
12815.8089934 4722
13000.5100823 4723
13142.8131453 4724
13233.2214199 4725
13284.9760302 4726
13312.1954537 4727
13328.881761 4728
13344.5285358 4729
13356.5977283 4730
13360.5581319 4731
13351.9129226 4732
13327.468186 4733
13294.71472 4734
13266.4306322 4735
13255.3322542 4736
13273.6105449 4737
13315.9623683 4738
13353.930131 4739
13357.6715088 4740
13297.5883649 4741
13155.1348185 4742
12952.6286658 4743
12721.7884085 4744
12494.075761 4745
12298.7439529 4746
12140.7684327 4747
12008.9287563 4748
11891.7929709 4749
11778.0872152 4750
11662.4721474 4751
11550.0272772 4752
11446.8613239 4753
11359.0299998 4754
11290.9071248 4755
11238.3695836 4756
11194.5971104 4757
11152.8245283 4758
11106.6095541 4759
11054.5620195 4760
10999.7252175 4761
10945.268487 4762
10894.3480099 4763
10852.8454105 4764
10833.1051954 4765
10848.308938 4766
10911.5307094 4767
11032.5619003 4768
11198.6372371 4769
11387.3838313 4770
11576.5759867 4771
11744.6925464 4772
11886.2282381 4773
12013.9342559 4774
12141.4610985 4775
12282.3498765 4776
12442.8470818 4777
12606.6059522 4778
12753.0002853 4779
12861.572535 4780
12914.4318901 4781
12917.3183198 4782
12889.1970657 4783
12849.0320205 4784
12815.4762942 4785
12798.7501536 4786
12796.7442722 4787
12806.3802289 4788
12824.6048597 4789
12848.929048 4790
12879.1409122 4791
12915.6181358 4792
12958.7338208 4793
13008.3924577 4794
13058.0996382 4795
13096.7681696 4796
13113.2960916 4797
13096.7558227 4798
13045.7954862 4799
12977.0396257 4800
12908.9836485 4801
12859.9718798 4802
12843.7364535 4803
12849.4281034 4804
12857.9474728 4805
12850.338649 4806
12808.998058 4807
12740.0750134 4808
12671.2900044 4809
12630.9375961 4810
12647.0374763 4811
12732.2719833 4812
12862.6644276 4813
13009.0087581 4814
13142.3318314 4815
13237.3661425 4816
13293.8970413 4817
13322.5370001 4818
13333.862781 4819
13338.352978 4820
13346.0838895 4821
13366.6891641 4822
13409.7033327 4823
13484.5794775 4824
13591.3264847 4825
13701.1235655 4826
13779.8487224 4827
13793.6536212 4828
13713.883478 4829
13558.3400122 4830
13369.9796914 4831
13191.6780214 4832
13065.3669347 4833
13003.9156362 4834
12979.4473514 4835
12961.2233818 4836
12918.74953 4837
12829.1869026 4838
12698.7737778 4839
12540.734248 4840
12368.1914237 4841
12194.0441436 4842
12029.6188625 4843
11885.1593861 4844
11770.8106905 4845
11696.5201012 4846
11662.2563754 4847
11650.8223838 4848
11643.4365398 4849
11621.4667914 4850
11571.6207747 4851
11506.1250493 4852
11444.8698336 4853
11407.5933472 4854
11412.3953251 4855
11452.8072373 4856
11502.4070888 4857
11534.3865141 4858
11522.2336276 4859
11454.7444035 4860
11352.7739616 4861
11241.0888853 4862
11144.2662323 4863
11082.6942825 4864
11052.3363018 4865
11040.084663 4866
11032.9150377 4867
11018.5846853 4868
11000.2141057 4869
10995.8989351 4870
11024.2304341 4871
11103.6396928 4872
11242.475034 4873
11423.5064426 4874
11625.5927147 4875
11827.751628 4876
12011.9111152 4877
12180.7404063 4878
12346.2299317 4879
12520.3265556 4880
12714.5373613 4881
12929.2867262 4882
13152.1872982 4883
13370.2149969 4884
13570.4430826 4885
13742.8229489 4886
13885.9718141 4887
14000.1651724 4888
14085.6778089 4889
14142.5948571 4890
14169.2634339 4891
14163.1081573 4892
14121.5629012 4893
14042.2640958 4894
13931.0476793 4895
13804.9010496 4896
13681.498583 4897
13578.3881464 4898
13507.209727 4899
13458.203353 4900
13416.7697327 4901
13368.4130433 4902
13299.9759688 4903
13212.3318516 4904
13115.1334161 4905
13018.1035227 4906
12930.8540014 4907
12860.0543745 4908
12807.7399735 4909
12775.5279494 4910
12765.0230924 4911
12777.1121881 4912
12809.6117427 4913
12859.51182 4914
12923.8284024 4915
12999.1137265 4916
13075.3353641 4917
13137.7136368 4918
13171.4548067 4919
13161.9638514 4920
13104.5413102 4921
13012.5321794 4922
12901.1242099 4923
12785.4048748 4924
12678.1730955 4925
12580.9978654 4926
12491.9116226 4927
12408.956634 4928
12330.3363894 4929
12256.8089521 4930
12191.2302378 4931
12136.5027084 4932
12095.5202717 4933
12072.1652583 4934
12072.4147182 4935
12102.4773884 4936
12168.5220187 4937
12273.6087916 4938
12402.7416512 4939
12534.4520544 4940
12647.3928015 4941
12721.0566777 4942
12749.5670538 4943
12740.6550248 4944
12702.52452 4945
12643.3297485 4946
12571.1156442 4947
12493.7393857 4948
12418.9885649 4949
12354.6074696 4950
12307.7627143 4951
12282.0006971 4952
12279.3755367 4953
12301.9291648 4954
12351.3409437 4955
12420.6304382 4956
12493.8347481 4957
12554.6589558 4958
12586.9121073 4959
12581.699437 4960
12549.3725605 4961
12503.3870081 4962
12457.121733 4963
12423.2410338 4964
12409.4610919 4965
12421.2216091 4966
12463.9221269 4967
12542.610399 4968
12652.5452316 4969
12777.7853295 4970
12901.8508805 4971
13008.3637608 4972
13089.1378161 4973
13160.0069442 4974
13241.1279497 4975
13352.5542382 4976
13511.2169794 4977
13708.3337255 4978
13922.2439273 4979
14131.2908754 4980
14314.3350787 4981
14464.7998518 4982
14594.2483767 4983
14715.3341703 4984
14840.6443859 4985
14976.4273216 4986
15108.5295928 4987
15218.7354086 4988
15288.9159906 4989
15303.705846 4990
15273.0164816 4991
15220.5387054 4992
15169.9954441 4993
15144.5985002 4994
15150.3525235 4995
15170.11271 4996
15185.1670668 4997
15176.8892663 4998
15132.0428591 4999
15056.1498336 5000
14958.8233034 5001
14849.6346672 5002
14737.6903546 5003
14627.7471945 5004
14522.0049883 5005
14422.6198919 5006
14331.6635977 5007
14247.3932588 5008
14162.5709299 5009
14069.5595333 5010
13960.75427 5011
13832.7620366 5012
13697.9912603 5013
13572.516255 5014
13472.3513848 5015
13412.0704739 5016
13390.9020639 5017
13398.5395197 5018
13424.5769427 5019
13458.7324676 5020
13495.7087649 5021
13537.7718699 5022
13587.8062255 5023
13648.6910931 5024
13720.2510468 5025
13790.1497867 5026
13843.0568087 5027
13863.6966664 5028
13838.7942552 5029
13778.1945629 5030
13706.8049764 5031
13649.7051602 5032
13631.6634781 5033
13662.4555169 5034
13728.0941811 5035
13812.526052 5036
13899.7481686 5037
13978.8784406 5038
14060.2400159 5039
14159.6481473 5040
14292.8699725 5041
14473.8260962 5042
14694.0221448 5043
14929.8333401 5044
15157.4196264 5045
15353.0956755 5046
15499.0126296 5047
15586.864436 5048
15609.2426567 5049
15558.7661167 5050
15433.1938016 5051
15252.3806662 5052
15042.0787558 5053
14827.963254 5054
14634.2682636 5055
14467.5184498 5056
14321.9543927 5057
14191.5934523 5058
14070.4943068 5059
13954.9511384 5060
13844.986889 5061
13740.9847072 5062
13643.3205207 5063
13552.7864889 5064
13471.9742083 5065
13403.9668092 5066
13351.8412272 5067
13318.2885598 5068
13301.013739 5069
13294.2237598 5070
13292.068951 5071
13288.7366411 5072
13280.520211 5073
13267.2498093 5074
13249.1087744 5075
13226.2695728 5076
13198.5167967 5077
13163.8735513 5078
13119.8872291 5079
13064.1037136 5080
12994.2647409 5081
12910.5391873 5082
12814.8037725 5083
12708.975558 5084
12594.9460512 5085
12473.9903215 5086
12346.3125104 5087
12212.0205659 5088
12071.2195861 5089
11925.5793466 5090
11783.6419457 5091
11655.8172185 5092
11552.50354 5093
11483.2209625 5094
11446.2803201 5095
11432.1845933 5096
11431.2904528 5097
11434.0364969 5098
11435.9362776 5099
11440.9400187 5100
11453.7875691 5101
11479.2191641 5102
11521.4785581 5103
11582.708274 5104
11664.4792464 5105
11768.3667808 5106
11895.6136141 5107
12043.3427024 5108
12205.8540228 5109
12377.4073095 5110
12552.2530593 5111
12724.007321 5112
12885.2543061 5113
13028.4806679 5114
13146.186002 5115
13234.9179505 5116
13308.1147424 5117
13383.6177682 5118
13479.2484643 5119
13610.7985276 5120
13769.7832549 5121
13931.6738829 5122
14071.6740611 5123
14165.1990017 5124
14200.1537816 5125
14184.0177035 5126
14125.9674289 5127
14035.1836498 5128
13921.2641243 5129
13795.5262619 5130
13669.7034381 5131
13555.5296497 5132
13463.9449775 5133
13396.9618388 5134
13350.9353611 5135
13322.1417373 5136
13306.8125134 5137
13298.7227765 5138
13287.9773858 5139
13264.3790848 5140
13217.7365927 5141
13142.7496668 5142
13052.5277647 5143
12964.5140898 5144
12896.1454387 5145
12863.6163013 5146
12870.0344348 5147
12910.6586155 5148
12980.647185 5149
13075.1166038 5150
13187.3389567 5151
13307.9845872 5152
13427.5226427 5153
13536.4212444 5154
13629.2173292 5155
13714.7451324 5156
13804.9865553 5157
13911.9219531 5158
14045.4576526 5159
14195.4006092 5160
14340.3111148 5161
14458.6056525 5162
14529.1118448 5163
14547.0559661 5164
14529.2635204 5165
14494.0446195 5166
14459.7115853 5167
14438.3804855 5168
14422.0961755 5169
14398.8551465 5170
14356.641837 5171
14285.6322649 5172
14195.2438101 5173
14104.8632625 5174
14033.9707947 5175
14001.568946 5176
14010.2319714 5177
14042.6035404 5178
14080.1089198 5179
14104.1717657 5180
14103.2185416 5181
14086.3119735 5182
14066.2908803 5183
14056.0091854 5184
14067.0995904 5185
14101.6047053 5186
14157.0457521 5187
14230.920977 5188
14320.4815792 5189
14416.3314087 5190
14501.6884906 5191
14559.3727025 5192
14572.2026943 5193
14531.5917368 5194
14451.7895629 5195
14350.8026083 5196
14246.6602843 5197
14154.9302129 5198
14073.9912429 5199
13994.92435 5200
13908.7738967 5201
13807.0220055 5202
13691.4526515 5203
13574.1748586 5204
13467.762821 5205
13384.7918606 5206
13334.5364386 5207
13318.4582538 5208
13336.8999611 5209
13390.2059012 5210
13476.538812 5211
13580.7838436 5212
13682.8076402 5213
13762.4361539 5214
13800.6886948 5215
13801.6494767 5216
13790.0483316 5217
13791.3733025 5218
13831.0667381 5219
13921.0415299 5220
14044.9704046 5221
14182.9824483 5222
14315.1733365 5223
14424.471331 5224
14508.9211378 5225
14571.5367581 5226
14615.3396553 5227
14643.4779912 5228
14660.9464171 5229
14674.2030678 5230
14689.7530853 5231
14714.0490977 5232
14747.180347 5233
14777.6645304 5234
14792.7738964 5235
14779.7573065 5236
14729.1806948 5237
14646.7494616 5238
14542.4747131 5239
14426.3870414 5240
14307.9632036 5241
14189.4554769 5242
14068.1320449 5243
13941.1535377 5244
13805.7627545 5245
13664.2069782 5246
13526.6391649 5247
13403.917963 5248
13306.927671 5249
13244.1022399 5250
13214.3824112 5251
13214.4283878 5252
13240.8885783 5253
13291.465465 5254
13374.8117279 5255
13506.0729448 5256
13700.5103592 5257
13973.1387772 5258
14327.1492769 5259
14749.724224 5260
15226.883415 5261
15744.6208584 5262
16285.5708961 5263
16821.6017514 5264
17322.3656366 5265
17757.4552648 5266
18099.998889 5267
18353.4746621 5268
18536.6213444 5269
18668.3231619 5270
18767.0167486 5271
18836.5335743 5272
18863.9248688 5273
18835.2903117 5274
18736.7030411 5275
18561.2851323 5276
18321.0562043 5277
18031.189618 5278
17706.9010113 5279
17363.6685923 5280
17018.6043334 5281
16689.5403866 5282
16394.3411587 5283
16150.1762653 5284
15958.2983006 5285
15804.5809489 5286
15674.2487521 5287
15552.5086725 5288
15429.4004321 5289
15305.6842336 5290
15183.5549325 5291
15065.2214052 5292
14955.3013845 5293
14871.6984348 5294
14836.8965988 5295
14873.4367751 5296
15002.0060628 5297
15212.8781174 5298
15471.8750934 5299
15744.0596899 5300
15994.6094683 5301
16207.8182951 5302
16402.6677559 5303
16601.8357197 5304
16828.0567777 5305
17095.3317623 5306
17378.9487988 5307
17643.4514347 5308
17853.3052942 5309
17975.9562747 5310
18015.4206556 5311
17999.8624308 5312
17957.9379129 5313
17918.1627739 5314
17898.1156397 5315
17899.1998121 5316
17921.5282928 5317
17965.2087624 5318
18029.8736266 5319
18113.4895096 5320
18213.650165 5321
18327.9464514 5322
18455.0877259 5323
18603.9650508 5324
18788.9063427 5325
19024.3228658 5326
19324.374711 5327
19694.031386 5328
20127.2507287 5329
20617.3410529 5330
21157.6027961 5331
21750.0626757 5332
22420.7648957 5333
23199.9070856 5334
24117.7588649 5335
25200.1623951 5336
26441.9786472 5337
27824.9660025 5338
29330.7918171 5339
30939.8565589 5340
32606.6017213 5341
34260.5930583 5342
35830.2227503 5343
37243.8087342 5344
38442.5930999 5345
39395.9213688 5346
40076.7209627 5347
40457.8612937 5348
40518.3498787 5349
40269.9023787 5350
39734.9630813 5351
38936.0679611 5352
37900.8026739 5353
36729.8965188 5354
35579.5962756 5355
34607.9155616 5356
33972.3652387 5357
33765.6014917 5358
33970.9403126 5359
34561.181223 5360
35509.0604298 5361
36778.5788638 5362
38299.1547005 5363
39991.4745469 5364
41776.0212025 5365
43575.5261696 5366
45337.7934311 5367
47025.3584291 5368
48600.8898608 5369
50027.4319437 5370
51287.1936595 5371
52387.3948329 5372
53336.95405 5373
54144.8202541 5374
54820.9173388 5375
55378.0852168 5376
55829.7364515 5377
56189.3100125 5378
56469.6415946 5379
56678.9213573 5380
56823.2668603 5381
56908.7834123 5382
56941.6091291 5383
56928.22809 5384
56875.4302067 5385
56790.0652711 5386
56678.9697087 5387
56543.3321829 5388
56371.7032948 5389
56150.8584832 5390
55867.5862016 5391
55511.434272 5392
55087.2391944 5393
54604.9988148 5394
54074.7428074 5395
53506.1538745 5396
52903.517273 5397
52266.9628369 5398
51596.5299633 5399
50892.2173705 5400
50151.75294 5401
49369.0224494 5402
48537.552586 5403
47650.8447458 5404
46704.6234372 5405
45703.4062073 5406
44653.8658054 5407
43562.674136 5408
42436.5483835 5409
41282.1685391 5410
40106.2267596 5411
38915.4349386 5412
37716.7028219 5413
36523.8376996 5414
35359.3042891 5415
34246.1526014 5416
33207.4886594 5417
32258.9973114 5418
31395.3405334 5419
30607.4903792 5420
29886.3987622 5421
29223.7716701 5422
28616.6490425 5423
28064.3369259 5424
27566.1378978 5425
27120.4793085 5426
26708.1541746 5427
26293.4521464 5428
25839.9553976 5429
25311.3173293 5430
24692.0514574 5431
24009.2918225 5432
23295.4159313 5433
22582.8759353 5434
21901.3127996 5435
21266.5435957 5436
20690.2618139 5437
20184.1699963 5438
19759.20077 5439
19416.2048578 5440
19149.1432757 5441
18951.836861 5442
18818.0586903 5443
18740.3097142 5444
18709.2055629 5445
18715.1950315 5446
18748.7036129 5447
18812.4599382 5448
18950.3726018 5449
19215.0443271 5450
19659.1789592 5451
20327.6266517 5452
21199.8350562 5453
22223.0699325 5454
23344.2623111 5455
24511.2975427 5456
25699.2230622 5457
26912.0484193 5458
28155.1727737 5459
29433.9448505 5460
30733.8781923 5461
31994.2294039 5462
33147.5842166 5463
34126.3774366 5464
34864.9065138 5465
35308.3330977 5466
35405.487446 5467
35105.094155 5468
34362.9444299 5469
33240.0847068 5470
31877.8269837 5471
30419.7967142 5472
29009.0606268 5473
27731.3352477 5474
26578.4767995 5475
25533.6667616 5476
24580.0417489 5477
23704.220414 5478
22905.7976067 5479
22187.3739005 5480
21551.5565829 5481
20999.6356022 5482
20520.862982 5483
20098.0541192 5484
19713.9243961 5485
19351.5406825 5486
19005.2281946 5487
18682.2015277 5488
18390.3835995 5489
18137.7096078 5490
17929.0684327 5491
17761.7278002 5492
17631.7823166 5493
17535.3241308 5494
17468.1328679 5495
17424.236379 5496
17397.0222332 5497
17379.8580552 5498
17366.2675363 5499
17352.3605647 5500
17336.3108585 5501
17316.3481051 5502
17290.7102977 5503
17258.7974846 5504
17221.9686991 5505
17181.7793692 5506
17139.7850468 5507
17097.4239943 5508
17055.6715276 5509
17015.3893756 5510
16977.4490788 5511
16942.4200727 5512
16908.1448168 5513
16870.9595944 5514
16827.1859238 5515
16773.3819136 5516
16713.3615052 5517
16659.3426555 5518
16624.0355623 5519
16620.1429272 5520
16652.2785439 5521
16704.8191175 5522
16759.0055382 5523
16796.0508652 5524
16801.7175311 5525
16788.3464715 5526
16777.8901445 5527
16792.3349911 5528
16852.0823391 5529
16952.4258439 5530
17068.9368607 5531
17176.6244478 5532
17250.6805881 5533
17282.6230463 5534
17290.8595113 5535
17296.3407342 5536
17320.0412441 5537
17377.4685339 5538
17463.8858543 5539
17569.8863519 5540
17686.0520781 5541
17804.3671381 5542
17929.2735069 5543
18071.7142181 5544
18242.7064449 5545
18452.5552637 5546
18691.7535433 5547
18929.0753714 5548
19132.1360495 5549
19268.5571873 5550
19319.6388599 5551
19298.7415913 5552
19223.8136644 5553
19112.8324977 5554
18982.137694 5555
18839.1718197 5556
18688.4321934 5557
18534.4098864 5558
18381.5938492 5559
18234.3202725 5560
18096.8139059 5561
17973.2993826 5562
17867.9932186 5563
17784.3099221 5564
17724.4343635 5565
17690.4596734 5566
17684.4769188 5567
17705.5004159 5568
17742.4012824 5569
17781.9454459 5570
17810.8808968 5571
17818.0514715 5572
17808.592138 5573
17795.2318545 5574
17790.7591951 5575
17807.9645098 5576
17859.2355889 5577
17956.5718365 5578
18111.9761162 5579
18337.3890029 5580
18634.4226621 5581
18983.4848162 5582
19362.3572509 5583
19748.8025177 5584
20127.1217191 5585
20511.8277293 5586
20926.1331941 5587
21393.2739896 5588
21933.5006272 5589
22533.3900833 5590
23158.3377295 5591
23773.3821342 5592
24343.757587 5593
24844.3123239 5594
25262.3606314 5595
25586.0386853 5596
25803.4689106 5597
25909.0507511 5598
25914.4862218 5599
25834.4641073 5600
25683.679108 5601
25476.3168836 5602
25223.1683251 5603
24933.7090539 5604
24617.4267254 5605
24283.5256456 5606
23936.3432303 5607
23576.2136007 5608
23203.3559103 5609
22818.0612854 5610
22426.6156939 5611
22045.3731829 5612
21691.6885376 5613
21382.9277736 5614
21132.3056155 5615
20937.6792653 5616
20793.3841587 5617
20693.7473811 5618
20632.8371925 5619
20602.5293723 5620
20593.5835385 5621
20596.7398893 5622
20603.0675999 5623
20612.1315167 5624
20632.3890074 5625
20672.7403909 5626
20742.0825564 5627
20849.1312733 5628
21002.1717313 5629
21209.4490241 5630
21479.2065415 5631
21813.2499108 5632
22182.3421891 5633
22547.8860233 5634
22871.2398462 5635
23117.9144372 5636
23301.867104 5637
23468.3070768 5638
23662.9961793 5639
23930.8120029 5640
24279.289049 5641
24666.9832958 5642
25049.0942455 5643
25380.8024458 5644
25630.9705086 5645
25806.181741 5646
25919.4586325 5647
25983.831277 5648
26012.2703369 5649
26017.2417466 5650
26011.0321684 5651
26005.9461657 5652
26013.5242162 5653
26033.2082532 5654
26054.804994 5655
26067.842995 5656
26061.96154 5657
26034.9997254 5658
25998.0345461 5659
25963.3648069 5660
25943.3068587 5661
25952.2547167 5662
26011.7998697 5663
26145.0880017 5664
26375.2795952 5665
26720.5217056 5666
27159.4510308 5667
27652.0867548 5668
28158.2911821 5669
28639.0795355 5670
29080.4870014 5671
29492.6229784 5672
29886.5655668 5673
30273.4096454 5674
30665.9462952 5675
31080.2113225 5676
31532.6384739 5677
32039.670789 5678
32612.9183297 5679
33243.5358305 5680
33917.2552151 5681
34619.8037009 5682
35338.75099 5683
36079.6898673 5684
36858.4339942 5685
37690.91363 5686
38592.3118793 5687
39555.6060127 5688
40548.5205675 5689
41537.410095 5690
42488.6069966 5691
43370.6977838 5692
44157.5440487 5693
44823.7301029 5694
45343.8491405 5695
45696.2593975 5696
45878.6095844 5697
45894.6750486 5698
45748.2185836 5699
45443.5514115 5700
44991.3929811 5701
44406.7013296 5702
43704.5335933 5703
42900.1363659 5704
42016.3573297 5705
41086.0463632 5706
40142.7782142 5707
39220.1208579 5708
38340.5425284 5709
37496.3333175 5710
36674.7144048 5711
35862.8869845 5712
35051.4249038 5713
34250.9630136 5714
33479.5142346 5715
32755.1200109 5716
32094.6392108 5717
31497.3738354 5718
30949.3847254 5719
30436.388452 5720
29944.1861409 5721
29463.8706408 5722
28994.4717716 5723
28535.6676327 5724
28087.1367523 5725
27651.1727601 5726
27238.1925187 5727
26860.1933653 5728
26529.1700795 5729
26254.3796869 5730
26026.2186715 5731
25827.1820816 5732
25639.7223624 5733
25447.2304673 5734
25249.6797829 5735
25061.0552268 5736
24895.785591 5737
24768.1934543 5738
24683.2435996 5739
24630.2314746 5740
24596.9548443 5741
24571.203914 5742
24544.2062064 5743
24519.2026825 5744
24502.058006 5745
24498.6362669 5746
24513.1054561 5747
24536.4913092 5748
24553.7196068 5749
24549.6623628 5750
24510.3643609 5751
24445.3818799 5752
24386.1205134 5753
24364.8305657 5754
24413.5307155 5755
24539.8890247 5756
24706.9498517 5757
24872.9627815 5758
24996.1707707 5759
25050.8313446 5760
25072.7430007 5761
25112.4542765 5762
25220.5466531 5763
25439.2837745 5764
25740.3305799 5765
26059.7911988 5766
26333.4733204 5767
26499.3191859 5768
26544.978812 5769
26507.6082544 5770
26426.5140568 5771
26340.8978865 5772
26274.3207664 5773
26219.6685378 5774
26166.2663344 5775
26103.4344377 5776
26023.3491871 5777
25929.9771833 5778
25830.2896525 5779
25731.2726144 5780
25640.0313833 5781
25564.8025144 5782
25514.4212214 5783
25497.7339054 5784
25522.9983276 5785
25583.5949082 5786
25657.323347 5787
25721.2470318 5788
25752.5212155 5789
25744.3237023 5790
25722.8874539 5791
25718.5262316 5792
25761.5740135 5793
25871.6201184 5794
26021.9130475 5795
26173.2252063 5796
26286.3170772 5797
26325.9605497 5798
26295.4342911 5799
26219.3506159 5800
26122.566877 5801
26029.7158002 5802
25959.2732395 5803
25923.0830004 5804
25932.65901 5805
25999.4508373 5806
26121.3408113 5807
26267.5521991 5808
26403.6287817 5809
26495.1097533 5810
26517.8748419 5811
26493.3579366 5812
26455.5087396 5813
26438.298537 5814
26472.0058592 5815
26550.9303463 5816
26649.1219159 5817
26740.4036686 5818
26799.3857905 5819
26822.8779388 5820
26831.8778278 5821
26848.6087603 5822
26895.2636998 5823
26986.7251349 5824
27122.3231133 5825
27299.4120471 5826
27515.3287974 5827
27765.451362 5828
28036.4707483 5829
28312.6921667 5830
28578.4082781 5831
28818.9845041 5832
29030.223807 5833
29213.7486618 5834
29371.2395344 5835
29504.7766428 5836
29627.0540023 5837
29762.12372 5838
29934.6654341 5839
30169.2325506 5840
30474.7209603 5841
30827.3229833 5842
31199.122535 5843
31562.1943145 5844
31896.8453488 5845
32218.7391474 5846
32553.0240004 5847
32924.8541562 5848
33355.9262375 5849
33835.6433372 5850
34335.8427983 5851
34828.1566416 5852
35285.2042341 5853
35704.1651942 5854
36107.8620784 5855
36520.3065438 5856
36965.4499814 5857
37454.0491668 5858
37970.3551093 5859
38495.4496644 5860
39010.3871117 5861
39498.4285056 5862
39951.8665733 5863
40365.2918395 5864
40733.295871 5865
41049.6122873 5866
41300.5245428 5867
41468.4717244 5868
41535.8467077 5869
41485.5587072 5870
41312.812769 5871
41024.9342434 5872
40629.7729585 5873
40135.1025764 5874
39539.3035807 5875
38823.026763 5876
37964.9361587 5877
36943.6875797 5878
35745.5260554 5879
34385.504162 5880
32885.5287978 5881
31267.5198992 5882
29554.1305073 5883
27773.8006217 5884
25957.7650674 5885
24137.299039 5886
22343.2928509 5887
20598.5686846 5888
18918.538407 5889
17318.3455387 5890
15813.141852 5891
14417.1393661 5892
13142.9284856 5893
12002.9417359 5894
11009.6231699 5895
10170.4681887 5896
9475.85150571 5897
8912.43514172 5898
8466.88157412 5899
8126.93516241 5900
7888.24889699 5901
7749.9309839 5902
7711.10394302 5903
7770.16508233 5904
7913.10315855 5905
8115.51193146 5906
8352.6414321 5907
8599.98829793 5908
8849.22755425 5909
9117.46940471 5910
9424.06887815 5911
9788.38929025 5912
10221.9671373 5913
10712.2627539 5914
11242.1227277 5915
11794.3865739 5916
12352.974252 5917
12908.7771496 5918
13455.3891606 5919
13986.4035481 5920
14496.0184248 5921
14987.0734956 5922
15468.874051 5923
15950.8843978 5924
16442.5182026 5925
16950.3584032 5926
17477.0715211 5927
18025.0315543 5928
18596.5997081 5929
19188.3410775 5930
19781.3202016 5931
20354.0214287 5932
20884.9169888 5933
21359.7797583 5934
21804.0276841 5935
22256.4760316 5936
22755.9902094 5937
23336.7847783 5938
23978.2051551 5939
24623.9075777 5940
25216.8884197 5941
25701.6535267 5942
26074.2994952 5943
26393.3252213 5944
26720.9865796 5945
27119.4880913 5946
27618.9137021 5947
28176.0765607 5948
28737.5878078 5949
29250.0105248 5950
29672.875056 5951
30024.9353912 5952
30341.785111 5953
30659.0674149 5954
31009.8013862 5955
31401.77312 5956
31828.7695616 5957
32284.4311956 5958
32762.0778926 5959
33247.675863 5960
33719.5755575 5961
34155.759937 5962
34534.3517684 5963
34850.3787455 5964
35131.2264854 5965
35407.9136018 5966
35711.5118367 5967
36061.2563071 5968
36432.2182136 5969
36789.1394492 5970
37096.7383736 5971
37325.6435079 5972
37491.8140753 5973
37632.1061971 5974
37783.5102599 5975
37980.8680251 5976
38220.484857 5977
38465.5746732 5978
38678.257326 5979
38821.1197566 5980
38888.446539 5981
38924.4634492 5982
38977.8412184 5983
39097.2879517 5984
39312.6735766 5985
39597.322796 5986
39913.9184242 5987
40225.1372974 5988
40498.0390999 5989
40726.4208677 5990
40913.9750917 5991
41064.4253979 5992
41181.9853646 5993
41277.1521575 5994
41364.8338088 5995
41460.0553585 5996
41577.4569282 5997
41717.331821 5998
41861.6540071 5999
41991.2016043 6000
42086.7619272 6001
42139.079029 6002
42162.6176755 6003
42175.2747561 6004
42194.9630611 6005
42236.5666219 6006
42300.6600904 6007
42383.6642357 6008
42482.0031077 6009
42591.351166 6010
42700.3900053 6011
42793.8795045 6012
42856.5209396 6013
42873.9209991 6014
42853.4885708 6015
42824.7775307 6016
42818.3423727 6017
42864.5512114 6018
42968.4777471 6019
43088.3137372 6020
43177.0886942 6021
43187.8286461 6022
43093.286469 6023
42936.3718372 6024
42775.5347097 6025
42669.3040225 6026
42665.5548282 6027
42736.7556528 6028
42823.0184671 6029
42864.2464319 6030
42804.2764796 6031
42649.3126193 6032
42454.8748983 6033
42277.8989894 6034
42174.5168015 6035
42158.7799701 6036
42184.8146981 6037
42202.0729872 6038
42160.015688 6039
42034.0463407 6040
41868.2793774 6041
41718.1076508 6042
41638.9916354 6043
41672.3765728 6044
41787.2247969 6045
41929.1916475 6046
42043.8397127 6047
42082.1588267 6048
42053.0537731 6049
42000.3090259 6050
41968.2323321 6051
41999.731316 6052
42099.2491862 6053
42229.6881651 6054
42351.8332307 6055
42426.5375946 6056
42431.2134037 6057
42375.6743063 6058
42273.4966093 6059
42138.2898362 6060
41984.5739238 6061
41830.2517688 6062
41693.9922428 6063
41594.5352791 6064
41547.9143307 6065
41550.5480377 6066
41590.129525 6067
41654.3153141 6068
41730.3807235 6069
41799.730198 6070
41839.0711549 6071
41824.9283207 6072
41734.31037 6073
41568.8774976 6074
41365.647484 6075
41164.411727 6076
41005.0182489 6077
40913.948163 6078
40882.7193857 6079
40897.1562617 6080
40943.0627149 6081
41007.9345629 6082
41087.8293718 6083
41181.512633 6084
41287.7146982 6085
41405.0366914 6086
41530.2391484 6087
41659.0910988 6088
41787.3174541 6089
41910.4528716 6090
42019.6449082 6091
42101.4701492 6092
42142.2671672 6093
42128.4495674 6094
42054.8686397 6095
41932.0123687 6096
41772.0632914 6097
41587.2166269 6098
41391.4713015 6099
41204.8541492 6100
41048.7305547 6101
40944.5060186 6102
40909.2585926 6103
40931.2293479 6104
40986.9113594 6105
41052.7322132 6106
41106.1562023 6107
41139.6892908 6108
41156.8807603 6109
41161.5377729 6110
41157.4149968 6111
41145.790139 6112
41124.7522196 6113
41092.18251 6114
41045.9746891 6115
40990.13334 6116
40942.815189 6117
40924.2015535 6118
40954.4940572 6119
41048.0476101 6120
41193.5095324 6121
41372.506188 6122
41566.6470075 6123
41757.7484684 6124
41929.7284292 6125
42067.5346737 6126
42156.0990142 6127
42180.8323909 6128
42136.5680395 6129
42026.499404 6130
41854.1616613 6131
41623.2153005 6132
41345.6095148 6133
41046.2559481 6134
40751.2430774 6135
40486.6888146 6136
40271.2721585 6137
40102.6370473 6138
39974.7037587 6139
39881.4141081 6140
39815.5405264 6141
39763.786054 6142
39710.8481707 6143
39641.3777744 6144
39541.8916691 6145
39418.8611753 6146
39290.7772137 6147
39176.3078781 6148
39094.0513192 6149
39059.3081621 6150
39083.945597 6151
39179.6759739 6152
39358.1879455 6153
39624.6972753 6154
39972.6266251 6155
40394.0755721 6156
40881.1867853 6157
41425.5700812 6158
42017.2945964 6159
42646.0904636 6160
43301.6463882 6161
43971.0398823 6162
44624.7825158 6163
45226.9300585 6164
45741.4613657 6165
46133.7180673 6166
46387.281573 6167
46498.341292 6168
46463.344436 6169
46279.3962314 6170
45965.2066045 6171
45565.3826843 6172
45126.1126085 6173
44693.5095785 6174
44288.6203797 6175
43880.0307004 6176
43429.7078834 6177
42899.5536554 6178
42268.4476225 6179
41580.0990101 6180
40893.7576474 6181
40268.7676014 6182
39756.6763699 6183
39352.3111701 6184
39025.6827087 6185
38746.6628612 6186
38485.8408926 6187
38225.9052292 6188
37958.7446671 6189
37676.5149439 6190
37371.6287459 6191
37048.8637904 6192
36729.2314726 6193
36434.8614 6194
36187.8973627 6195
35999.1095747 6196
35853.0768751 6197
35730.7076876 6198
35612.8433312 6199
35483.1362763 6200
35337.0289797 6201
35173.0553061 6202
34989.7599552 6203
34786.508989 6204
34569.3317689 6205
34347.4051127 6206
34129.9591258 6207
33926.3451344 6208
33747.6826609 6209
33606.5819267 6210
33515.7067399 6211
33487.3626152 6212
33515.8920721 6213
33570.4201895 6214
33618.1325464 6215
33626.1879644 6216
33573.5347321 6217
33468.0346182 6218
33321.8942069 6219
33147.3412039 6220
32958.1553073 6221
32774.9340576 6222
32620.1637989 6223
32516.3940063 6224
32482.5731411 6225
32507.3526547 6226
32564.2618916 6227
32626.6948183 6228
32668.6078839 6229
32674.9767617 6230
32640.2206459 6231
32559.0055123 6232
32426.3130338 6233
32251.8458662 6234
32066.5874942 6235
31903.2685265 6236
31794.6426871 6237
31757.148973 6238
31766.1877527 6239
31790.7896691 6240
31799.8972768 6241
31768.7641976 6242
31701.3188277 6243
31609.647302 6244
31505.8466566 6245
31403.5135122 6246
31328.6817072 6247
31313.7031317 6248
31391.0226999 6249
31590.657534 6250
31898.2959352 6251
32261.6244393 6252
32627.0197595 6253
32941.2194416 6254
33176.1899256 6255
33340.3624501 6256
33445.0613317 6257
33501.6172736 6258
33529.8506561 6259
33570.4910491 6260
33667.5539776 6261
33865.118693 6262
34188.3109076 6263
34577.4372806 6264
34949.0699234 6265
35219.6108992 6266
35315.451838 6267
35246.1364895 6268
35062.0811896 6269
34814.089223 6270
34551.3167215 6271
34293.5247513 6272
34035.9905731 6273
33773.2114873 6274
33499.8965216 6275
33220.8661206 6276
32955.0068186 6277
32722.2834133 6278
32542.6782127 6279
32428.7071723 6280
32375.1249138 6281
32374.1134947 6282
32417.8113063 6283
32494.6257713 6284
32577.1569041 6285
32633.8149101 6286
32632.9240153 6287
32548.6348254 6288
32399.9187628 6289
32226.5900596 6290
32068.6543114 6291
31964.2223869 6292
31921.6315221 6293
31925.7998736 6294
31961.012177 6295
32011.5990928 6296
32064.8883393 6297
32112.1595436 6298
32144.9274042 6299
32154.7261076 6300
32139.438971 6301
32110.9030431 6302
32082.8189981 6303
32068.9125773 6304
32079.3083383 6305
32110.2419031 6306
32154.6126226 6307
32205.3021765 6308
32253.7790575 6309
32281.8863508 6310
32267.3707181 6311
32187.9170648 6312
32023.6077244 6313
31786.7971067 6314
31512.8943199 6315
31237.8412375 6316
30996.9591744 6317
30803.3727501 6318
30644.133636 6319
30504.7805562 6320
30370.8706764 6321
30233.3624673 6322
30093.7679266 6323
29954.8486133 6324
29819.366448 6325
29691.3596359 6326
29579.1796896 6327
29492.0875648 6328
29439.377281 6329
29427.5099011 6330
29446.0706715 6331
29478.3599086 6332
29507.6319573 6333
29518.9910649 6334
29518.2879402 6335
29524.3561438 6336
29556.2671012 6337
29632.0434449 6338
29743.5280305 6339
29855.6579238 6340
29932.0664295 6341
29936.757276 6342
29866.7147505 6343
29774.5666767 6344
29718.3989746 6345
29756.3748019 6346
29916.3792651 6347
30139.7909116 6348
30352.5445599 6349
30480.4151361 6350
30469.2852842 6351
30365.6792562 6352
30247.5146944 6353
30192.8501404 6354
30269.5447838 6355
30452.178929 6356
30665.8970743 6357
30835.2566682 6358
30888.6971196 6359
30827.375202 6360
30715.6460473 6361
30620.086952 6362
30606.4862198 6363
30697.252906 6364
30853.4813322 6365
31031.5558637 6366
31187.8128655 6367
31292.6768348 6368
31349.5809854 6369
31366.6801255 6370
31352.147126 6371
31316.8625489 6372
31282.5437833 6373
31273.6397052 6374
31314.6547952 6375
31423.4042633 6376
31570.3019171 6377
31705.322953 6378
31778.2483571 6379
31743.7073589 6380
31621.2313297 6381
31476.4749634 6382
31376.1803015 6383
31385.1596638 6384
31507.121633 6385
31675.6876409 6386
31820.5048913 6387
31871.5019047 6388
31800.3984819 6389
31656.9532838 6390
31499.5176757 6391
31386.5661718 6392
31353.9102047 6393
31366.407408 6394
31375.0380217 6395
31330.6992324 6396
31195.9836748 6397
30996.9763466 6398
30781.1496877 6399
30596.0531599 6400
30484.5445971 6401
30443.3789487 6402
30443.5484015 6403
30455.7282726 6404
30451.3951276 6405
30418.412715 6406
30359.4497664 6407
30277.7192471 6408
30176.4199202 6409
30058.2769665 6410
29925.3290706 6411
29779.5625186 6412
29622.9579258 6413
29456.0395354 6414
29275.8225856 6415
29078.8255957 6416
28861.5601005 6417
28625.0976107 6418
28388.6455021 6419
28175.9813471 6420
28010.9149537 6421
27912.2219006 6422
27863.8769973 6423
27835.1980994 6424
27795.3777965 6425
27716.4845099 6426
27607.1103396 6427
27500.8949321 6428
27432.018264 6429
27433.655541 6430
27510.7073063 6431
27637.1818549 6432
27785.4979746 6433
27928.2139316 6434
28054.937892 6435
28185.0234476 6436
28340.8278503 6437
28544.7492258 6438
28805.4472841 6439
29092.2592217 6440
29367.5032498 6441
29593.416558 6442
29737.6121467 6443
29793.8776848 6444
29763.8681106 6445
29649.246021 6446
29454.9626448 6447
29213.4225197 6448
28970.6879267 6449
28773.0373901 6450
28664.5365396 6451
28653.478754 6452
28719.635471 6453
28841.9332143 6454
28999.2778067 6455
29170.8117689 6456
29335.9687917 6457
29474.1711014 6458
29564.9079269 6459
29602.3722832 6460
29610.2391431 6461
29615.7375337 6462
29646.1445169 6463
29718.1970422 6464
29813.8311402 6465
29907.8097139 6466
29974.8511586 6467
29994.3455013 6468
29971.6519207 6469
29921.1117403 6470
29857.0766675 6471
29792.8377925 6472
29731.0757393 6473
29668.539681 6474
29601.9116067 6475
29527.7326718 6476
29440.0371199 6477
29330.6315412 6478
29191.2584327 6479
29013.8939997 6480
28803.2246655 6481
28581.4844701 6482
28372.2381141 6483
28199.0351488 6484
28075.2593897 6485
27991.9410265 6486
27937.1388722 6487
27898.8885217 6488
27865.2027601 6489
27824.0714719 6490
27763.4870899 6491
27671.4066552 6492
27540.2050389 6493
27388.9674182 6494
27246.719325 6495
27142.549427 6496
27101.107021 6497
27100.1084075 6498
27089.2589536 6499
27017.8141933 6500
26837.5249696 6501
26552.4648362 6502
26215.4369976 6503
25881.1754784 6504
25603.8175425 6505
25402.0586278 6506
25243.3504462 6507
25091.0793502 6508
24908.6536465 6509
24677.1103492 6510
24417.9460094 6511
24158.3397743 6512
23925.4980986 6513
23740.27613 6514
23599.6239497 6515
23494.9523125 6516
23417.6477315 6517
23358.0137156 6518
23299.7297963 6519
23223.9341428 6520
23111.7136449 6521
22947.2094946 6522
22747.2447075 6523
22548.4395693 6524
22387.7427554 6525
22300.5446965 6526
22288.9604348 6527
22323.8666316 6528
22374.879582 6529
22411.9233203 6530
22422.2909844 6531
22418.382449 6532
22414.5855751 6533
22425.26885 6534
22459.1641733 6535
22512.1562025 6536
22578.3768625 6537
22651.938734 6538
22729.5039146 6539
22817.0751843 6540
22922.7785801 6541
23054.7548375 6542
23218.6937285 6543
23405.5274911 6544
23600.7422788 6545
23789.7740093 6546
23959.2501785 6547
24108.0528314 6548
24242.2565349 6549
24368.0115879 6550
24491.6500257 6551
24622.3524782 6552
24771.8787777 6553
24952.1141417 6554
25174.4659971 6555
25428.8599838 6556
25675.7495644 6557
25873.3859042 6558
25980.0746645 6559
25978.6337672 6560
25903.9675047 6561
25797.7038954 6562
25701.5350201 6563
25644.4776034 6564
25612.5872682 6565
25582.8107874 6566
25532.0688101 6567
25442.9497296 6568
25329.2790977 6569
25215.5353335 6570
25126.2516031 6571
25083.4387861 6572
25085.8237269 6573
25119.6338747 6574
25170.9494088 6575
25226.2062109 6576
25277.9702299 6577
25323.840799 6578
25361.5581127 6579
25388.882518 6580
25404.4623515 6581
25408.0385572 6582
25399.4196542 6583
25378.350385 6584
25337.8239315 6585
25258.0117215 6586
25117.621936 6587
24895.3385862 6588
24581.847717 6589
24203.5480598 6590
23793.4625127 6591
23384.675871 6592
23008.0243796 6593
22683.3698975 6594
22427.3549545 6595
22256.6513746 6596
22183.5791925 6597
22186.5687516 6598
22228.2283014 6599
22271.0301351 6600
22279.8655121 6601
22252.9436959 6602
22212.2621915 6603
22180.3710069 6604
22179.0338212 6605
22208.7620016 6606
22247.2320218 6607
22270.9617044 6608
22256.6533265 6609
22196.1552419 6610
22105.8179027 6611
22004.2219248 6612
21909.9882093 6613
21835.2023991 6614
21775.6738132 6615
21724.7496343 6616
21675.7553233 6617
21623.3085277 6618
21567.1287999 6619
21508.1638385 6620
21447.3673423 6621
21386.2135839 6622
21329.3690821 6623
21282.7307754 6624
21252.2116302 6625
21242.7397114 6626
21249.0506714 6627
21259.8825088 6628
21263.8760942 6629
21250.0950622 6630
21216.1027212 6631
21166.9499696 6632
21107.9458224 6633
21044.363908 6634
20979.6613487 6635
20914.8926633 6636
20850.9619163 6637
20788.7850713 6638
20732.5139446 6639
20692.6932682 6640
20680.6408541 6641
20707.6730743 6642
20775.900292 6643
20859.3933671 6644
20926.879087 6645
20947.0321922 6646
20897.7739062 6647
20801.3060803 6648
20693.0737833 6649
20608.6053895 6650
20578.1709316 6651
20591.8321324 6652
20621.1465185 6653
20637.5273068 6654
20615.1476006 6655
20563.8480109 6656
20518.1102902 6657
20512.9744915 6658
20582.1208347 6659
20725.5769512 6660
20908.9382831 6661
21096.1840176 6662
21251.6608367 6663
21363.4010394 6664
21455.2992213 6665
21554.249632 6666
21687.1137554 6667
21864.4413959 6668
22059.7907975 6669
22241.600566 6670
22378.2573317 6671
22445.161428 6672
22442.2705864 6673
22374.8639819 6674
22248.229026 6675
22070.3961045 6676
21864.1958737 6677
21657.4581809 6678
21478.0859292 6679
21351.1094372 6680
21276.591825 6681
21241.8146985 6682
21233.9539127 6683
21240.0949482 6684
21246.4732082 6685
21238.6639884 6686
21202.2159443 6687
21123.3887481 6688
21009.3193377 6689
20890.2512864 6690
20797.6576074 6691
20762.7415354 6692
20792.9745408 6693
20857.322975 6694
20921.144453 6695
20949.8013713 6696
20924.1651231 6697
20862.7302826 6698
20789.6142175 6699
20728.9786166 6700
20698.6502959 6701
20693.0027167 6702
20701.0256404 6703
20711.6481232 6704
20715.7461281 6705
20715.1647632 6706
20715.6163325 6707
20722.8381766 6708
20741.9011236 6709
20771.8802475 6710
20808.6564051 6711
20848.1009813 6712
20886.4520683 6713
20926.0777755 6714
20974.0357935 6715
21037.5475822 6716
21123.4039814 6717
21226.0536979 6718
21326.1254185 6719
21403.4397365 6720
21437.9894478 6721
21422.4709464 6722
21370.3435535 6723
21296.9961866 6724
21217.8377338 6725
21141.614352 6726
21061.0577856 6727
20966.5303062 6728
20848.3597681 6729
20702.6944537 6730
20546.7358745 6731
20402.5041393 6732
20292.0481308 6733
20232.5160782 6734
20213.6956881 6735
20215.9576402 6736
20219.6288275 6737
20207.064243 6738
20178.488799 6739
20143.2508462 6740
20110.7886345 6741
20090.0344007 6742
20082.6843109 6743
20085.0294128 6744
20093.2449295 6745
20103.5562625 6746
20113.8527 6747
20123.7941407 6748
20133.1417775 6749
20141.6314693 6750
20148.4648995 6751
20152.0320196 6752
20150.6343553 6753
20142.5864818 6754
20126.0024182 6755
20098.6008126 6756
20058.0425555 6757
20001.9745819 6758
19931.4095213 6759
19858.4886755 6760
19797.6552334 6761
19763.4028784 6762
19766.8731496 6763
19802.5386677 6764
19859.6909267 6765
19927.5830087 6766
19994.5912269 6767
20042.4252835 6768
20049.711921 6769
19995.0336573 6770
19860.101427 6771
19664.9712814 6772
19455.1093545 6773
19276.5442039 6774
19173.4483758 6775
19150.0704904 6776
19172.9007221 6777
19206.8744838 6778
19217.2557636 6779
19186.1985707 6780
19118.5440057 6781
19020.7421398 6782
18899.2763993 6783
18762.5245648 6784
18622.5142675 6785
18491.7000719 6786
18382.5673991 6787
18300.6504308 6788
18232.0582252 6789
18159.5060458 6790
18065.6543509 6791
17939.2703873 6792
17794.4575318 6793
17651.9299096 6794
17532.4309799 6795
17452.4870349 6796
17402.1804403 6797
17361.4391449 6798
17310.1304934 6799
17230.6216633 6800
17129.449297 6801
17026.5078366 6802
16941.8884558 6803
16894.2246627 6804
16879.2806118 6805
16874.8267084 6806
16858.1023337 6807
16807.0968767 6808
16721.6589652 6809
16625.8244848 6810
16544.9081149 6811
16503.9672773 6812
16508.153711 6813
16531.6615695 6814
16545.937567 6815
16522.4742086 6816
16451.1340411 6817
16362.6213449 6818
16293.1911148 6819
16279.1672681 6820
16342.1347612 6821
16456.1966393 6822
16585.871874 6823
16695.5980787 6824
16758.8502557 6825
16792.0522086 6826
16824.3084234 6827
16884.8037817 6828
16997.9183475 6829
17154.1664517 6830
17329.5080276 6831
17499.8041127 6832
17643.3141751 6833
17764.4714825 6834
17883.6407806 6835
18021.450095 6836
18196.3055791 6837
18387.0258833 6838
18538.7277673 6839
18595.3381091 6840
18502.471403 6841
18263.0397349 6842
17947.7119566 6843
17631.2350389 6844
17388.0068268 6845
17255.6381957 6846
17210.8560394 6847
17224.6379173 6848
17267.920303 6849
17319.9283866 6850
17379.2507344 6851
17447.2453508 6852
17525.2634949 6853
17611.8704874 6854
17696.2472287 6855
17765.6124739 6856
17807.1404957 6857
17809.2695062 6858
17766.615639 6859
17675.6755974 6860
17532.9259882 6861
17335.9978172 6862
17090.7175569 6863
16806.4627761 6864
16492.6693162 6865
16159.7304979 6866
15828.3499553 6867
15525.5472262 6868
15278.4716453 6869
15112.3907244 6870
15018.7801492 6871
14960.5396158 6872
14899.6086056 6873
14798.8134623 6874
14651.1595099 6875
14484.7683422 6876
14329.8059824 6877
14216.2069271 6878
14154.9340659 6879
14126.4601987 6880
14108.479275 6881
14078.6694438 6882
14023.3800962 6883
13948.3662344 6884
13862.0072523 6885
13772.7110645 6886
13689.0098115 6887
13619.8043094 6888
13574.0803138 6889
13560.8445095 6890
13586.0437463 6891
13641.6991038 6892
13715.8675893 6893
13796.5839348 6894
13871.7906273 6895
13929.0247945 6896
13955.6369408 6897
13938.9451518 6898
13868.9098178 6899
13760.962556 6900
13644.796135 6901
13550.3209864 6902
13505.4273134 6903
13507.0226723 6904
13528.1961636 6905
13541.358196 6906
13519.6129544 6907
13454.7879511 6908
13358.302403 6909
13242.5086061 6910
13119.7427924 6911
13000.1109245 6912
12890.5174441 6913
12797.6468901 6914
12728.1555554 6915
12683.6886751 6916
12656.118143 6917
12636.1668441 6918
12614.5454731 6919
12586.0702339 6920
12556.7054159 6921
12534.2811678 6922
12526.6620423 6923
12538.2932083 6924
12560.5831291 6925
12581.8199166 6926
12590.2628507 6927
12577.1627684 6928
12550.0290354 6929
12521.8421412 6930
12505.6232943 6931
12511.8011058 6932
12530.5533777 6933
12542.5681628 6934
12528.4312374 6935
12471.1928443 6936
12382.402979 6937
12291.8147846 6938
12229.5468986 6939
12224.2600041 6940
12277.5040612 6941
12367.4746682 6942
12471.5597197 6943
12567.4180697 6944
12642.7665446 6945
12696.9911614 6946
12730.1357745 6947
12742.3413966 6948
12740.0853899 6949
12739.6990769 6950
12758.4125365 6951
12813.4200678 6952
12910.539373 6953
13031.4364651 6954
13154.6525069 6955
13258.6846883 6956
13327.8960769 6957
13363.7946376 6958
13371.0126475 6959
13354.1931548 6960
13317.4404627 6961
13262.6810923 6962
13191.2980486 6963
13104.6688801 6964
13004.3950419 6965
12893.2817836 6966
12774.5621893 6967
12651.4783922 6968
12527.0931258 6969
12402.974159 6970
12279.9610895 6971
12158.8989754 6972
12041.0585213 6973
11932.7919472 6974
11843.7204279 6975
11783.5546457 6976
11760.9773099 6977
11765.8974574 6978
11771.9692616 6979
11752.2519859 6980
11680.8056974 6981
11563.474976 6982
11442.7000823 6983
11363.0254046 6984
11368.4847071 6985
11468.2485777 6986
11618.1707213 6987
11769.5248132 6988
11873.6441332 6989
11906.7463902 6990
11896.0716556 6991
11875.1567942 6992
11877.5923488 6993
11923.9964823 6994
11998.9613288 6995
12080.847664 6996
12147.9817913 6997
12183.9821082 6998
12192.7327015 6999
12182.9194257 7000
12163.2504572 7001
12140.3156588 7002
12109.5405422 7003
12062.7088323 7004
11991.5814119 7005
11890.6493054 7006
11774.2925592 7007
11665.6885435 7008
11588.0919687 7009
11562.0068721 7010
11579.1767131 7011
11614.4290987 7012
11642.3186681 7013
11638.9143188 7014
11604.0054012 7015
11555.8192657 7016
11513.0939155 7017
11493.8309053 7018
11497.3207671 7019
11503.7290461 7020
11492.3250772 7021
11442.7816446 7022
11353.3861014 7023
11247.3238725 7024
11149.5542282 7025
11084.8978415 7026
11060.6703767 7027
11053.3637029 7028
11036.2855973 7029
10982.7386763 7030
10881.7432943 7031
10759.0810813 7032
10645.8125572 7033
10573.0634792 7034
10560.0998625 7035
10588.9412532 7036
10634.2969091 7037
10670.83338 7038
10678.4965039 7039
10659.827762 7040
10623.3650106 7041
10577.6527795 7042
10531.1239928 7043
10491.4131901 7044
10465.8886156 7045
10461.9344537 7046
10484.6715023 7047
10521.3303298 7048
10550.6364532 7049
10551.221776 7050
10504.0531118 7051
10416.3383567 7052
10311.6385202 7053
10213.8077571 7054
10145.5429866 7055
10109.9561326 7056
10094.2966946 7057
10085.3219932 7058
10070.0913036 7059
10043.6089586 7060
10009.2144219 7061
9970.66002542 7062
9931.64351638 7063
9893.55602923 7064
9854.65664202 7065
9812.97845452 7066
9766.5848597 7067
9716.95789329 7068
9671.56932394 7069
9638.50910592 7070
9625.86644142 7071
9635.63785207 7072
9655.79358971 7073
9672.30646958 7074
9671.13007431 7075
9643.96860674 7076
9600.05995014 7077
9551.96391656 7078
9512.26851015 7079
9490.43892008 7080
9483.21060209 7081
9484.10209999 7082
9486.60661868 7083
9485.4052673 7084
9481.51871957 7085
9478.11617918 7086
9478.3777646 7087
9484.19237929 7088
9488.13062926 7089
9478.64605755 7090
9444.14630386 7091
9375.31073467 7092
9285.47933879 7093
9200.97947595 7094
9148.34017215 7095
9151.82643887 7096
9203.27800621 7097
9270.70646184 7098
9321.49443958 7099
9324.5374801 7100
9280.72485617 7101
9221.0539208 7102
9177.73512465 7103
9182.13210793 7104
9235.57747286 7105
9303.49526082 7106
9349.12945625 7107
9336.1521158 7108
9257.06272926 7109
9148.48207437 7110
9050.82324388 7111
9004.39446671 7112
9025.29171667 7113
9082.21930493 7114
9138.32546943 7115
9156.7131783 7116
9118.27477989 7117
9048.86859018 7118
8981.39868695 7119
8948.83831985 7120
8972.30086769 7121
9033.76290972 7122
9107.12804447 7123
9166.24914896 7124
9190.6670473 7125
9184.66363749 7126
9159.18342987 7127
9125.19634772 7128
9092.82365571 7129
9067.22532051 7130
9051.82095267 7131
9050.04257803 7132
9064.24576902 7133
9088.69821243 7134
9113.99755773 7135
9130.70544398 7136
9130.86857258 7137
9121.66986245 7138
9119.07347977 7139
9139.17898332 7140
9196.97525516 7141
9291.56580119 7142
9410.40990424 7143
9540.68826706 7144
9669.87442859 7145
9792.16079113 7146
9907.94102839 7147
10017.8303667 7148
10122.2883221 7149
10216.7732958 7150
10290.9780986 7151
10334.2540093 7152
10336.0842024 7153
10294.6072433 7154
10220.5064776 7155
10125.4874545 7156
10021.2444821 7157
9916.34097924 7158
9813.56774637 7159
9715.12281007 7160
9623.18630059 7161
9538.23560402 7162
9456.77819839 7163
9374.7572055 7164
9288.09503444 7165
9195.76194998 7166
9105.70622048 7167
9027.5413106 7168
8970.92615404 7169
8941.18199904 7170
8927.17155707 7171
8913.81704799 7172
8886.00352059 7173
8832.59840016 7174
8762.0911547 7175
8688.9805839 7176
8627.80540495 7177
8590.07072538 7178
8567.91935251 7179
8545.95319869 7180
8508.71017369 7181
8443.49181653 7182
8360.60856323 7183
8281.69077423 7184
8228.51384092 7185
8220.57728569 7186
8251.93877963 7187
8301.00875836 7188
8345.8963584 7189
8365.87190972 7190
8358.19196458 7191
8333.8606881 7192
8304.26276773 7193
8280.53975306 7194
8267.9773598 7195
8266.3356496 7196
8275.17296411 7197
8294.03083088 7198
8322.46814957 7199
8360.05013411 7200
8406.34399748 7201
8460.96577183 7202
8526.25962422 7203
8608.472234 7204
8714.18883088 7205
8849.82985837 7206
9005.72928802 7207
9143.52126029 7208
9221.72855662 7209
9198.84680817 7210
9063.85602583 7211
8873.40466829 7212
8693.45215324 7213
8590.19719077 7214
8599.88714848 7215
8675.38035722 7216
8755.02861406 7217
8776.90485104 7218
8699.96879745 7219
8556.4712364 7220
8394.7475329 7221
8263.35313509 7222
8200.40269628 7223
8197.48960581 7224
8233.41224778 7225
8286.85315084 7226
8339.09172455 7227
8386.18856878 7228
8429.30463076 7229
8469.6116935 7230
8507.73341346 7231
8540.4240481 7232
8562.7548359 7233
8569.77459877 7234
8556.90020037 7235
8523.12726284 7236
8469.35091089 7237
8396.48758315 7238
8306.33865386 7239
8210.91452977 7240
8128.92203362 7241
8079.26665305 7242
8079.35815188 7243
8121.63783717 7244
8178.71782636 7245
8222.50800806 7246
8225.91617351 7247
8186.6254831 7248
8126.23177985 7249
8067.43022516 7250
8032.53641902 7251
8028.26106874 7252
8043.0213875 7253
8064.14359945 7254
8079.00281529 7255
8081.20307176 7256
8073.18811306 7257
8058.08373727 7258
8039.07575238 7259
8021.93351325 7260
8016.87528233 7261
8034.61606902 7262
8085.88185272 7263
8171.00314218 7264
8268.51690264 7265
8354.07129173 7266
8403.17145199 7267
8400.46442769 7268
8354.2468795 7269
8276.60802773 7270
8179.71358397 7271
8075.73566312 7272
7976.64435771 7273
7894.44708288 7274
7841.24151896 7275
7825.07166797 7276
7838.01269177 7277
7868.20756127 7278
7903.70410882 7279
7934.61380855 7280
7961.33095997 7281
7987.32509583 7282
8016.10667254 7283
8050.82524739 7284
8092.44301802 7285
8141.11672224 7286
8196.9975279 7287
8258.80528765 7288
8314.72825537 7289
8348.16955099 7290
8342.35256876 7291
8283.41941133 7292
8185.51872431 7293
8078.08315325 7294
7990.95169141 7295
7951.69752039 7296
7958.53416078 7297
7990.53045062 7298
8026.24021735 7299
