0.0 1883.01102
0.0 1887.64923
-0.0 1892.28699
-0.0 1896.92459
-0.0 1901.56158
-0.0 1906.19812
-0.0 1910.83435
-0.0 1915.47043
0.0 1920.1059
0.0 1924.74091
0.0 1929.37561
0.0 1934.01001
0.0 1938.6441
0.0 1943.27759
0.0 1947.91077
0.0 1952.54349
0.0 1957.17575
0.0 1961.80786
0.0 1966.43951
0.0 1971.07071
-0.0 1975.70145
0.0 1980.33203
-0.0 1984.96216
-0.0 1989.59167
-0.0 1994.22089
-0.0 1998.84979
-0.0 2003.47855
-0.0 2008.10654
0.0 2012.73422
-0.0 2017.3616
-0.0 2021.98853
-0.0 2026.61514
-0.0 2031.2413
0.0 2035.867
0.0 2040.4924
-0.0 2045.11734
0.0 2049.74197
0.0 2054.36615
-0.0 2058.99002
-0.0 2063.61343
-0.0 2068.23654
0.0 2072.85919
0.0 2077.48123
0.0 2082.10327
-0.0 2086.72485
-0.0 2091.34583
0.0 2095.96649
-0.0 2100.5867
-0.0 2105.20676
0.0 2109.82635
-0.0 2114.44534
-0.0 2119.06403
0.0 2123.6824
-0.0 2128.30048
-0.0 2132.91779
-0.0 2137.53494
-0.0 2142.15179
-0.0 2146.76819
0.0 2151.38412
-0.0 2155.9996
-0.0 2160.61493
-0.0 2165.22949
-0.0 2169.84406
-0.0 2174.45801
-0.0 2179.07166
0.0 2183.68484
-0.0 2188.29773
-0.0 2192.91031
0.0 2197.52228
0.0 2202.13379
-0.0 2206.745
-0.0 2211.35574
-0.0 2215.96634
-0.0 2220.57648
-0.0 2225.186
-0.0 2229.79553
0.0 2234.4043
-0.0 2239.01276
-0.0 2243.62076
0.0 2248.22845
-0.0 2252.83569
-0.0 2257.44278
0.0 2262.0491
-0.0 2266.65512
-0.0 2271.26114
-0.0 2275.86639
-0.0 2280.47119
-0.0 2285.07568
-0.0 2289.67972
-0.0 2294.28345
-0.0 2298.88687
0.0 2303.48984
-0.0 2308.09219
-0.0 2312.6944
-0.0 2317.29614
-0.0 2321.89758
-0.0 2326.49841
-0.0 2331.09894
-0.0 2335.69901
-0.0 2340.29892
0.0 2344.89822
-0.0 2349.49707
0.0 2354.09561
-0.0 2358.69385
-0.0 2363.29163
-0.0 2367.88895
-0.0 2372.48581
-0.0 2377.08237
-0.0 2381.67847
0.0 2386.27441
-0.0 2390.8696
0.0 2395.46463
-0.0 2400.0592
-0.0 2404.65332
-0.0 2409.24698
-0.0 2413.84033
-0.0 2418.43338
-0.0 2423.02597
-0.0 2427.6181
-0.0 2432.20993
-0.0 2436.80115
-0.0 2441.39221
-0.0 2445.98282
-0.0 2450.57297
-0.0 2455.16266
0.0 2459.75189
-0.0 2464.34082
-0.0 2468.92944
0.0 2473.51761
-0.0 2478.10516
-0.0 2482.69272
0.0 2487.27951
-0.0 2491.866
-0.0 2496.45218
-0.0 2501.0379
0.0 2505.62317
0.0 2510.20813
-0.0 2514.79279
-0.0 2519.37668
-0.0 2523.96057
-0.0 2528.54385
0.0 2533.12683
0.0 2537.7092
-0.0 2542.29126
-0.0 2546.87302
-0.0 2551.45432
-0.0 2556.035
-0.0 2560.61584
-0.0 2565.19592
-0.0 2569.7757
-0.0 2574.35455
0.0 2578.93372
-0.0 2583.51196
-0.0 2588.0899
-0.0 2592.66754
0.0 2597.24487
-0.0 2601.8219
-0.0 2606.39832
-0.0 2610.97443
-0.0 2615.54993
-0.0 2620.12512
-0.0 2624.69971
-0.0 2629.27429
-0.0 2633.84827
0.0 2638.42194
0.0 2642.9953
-0.0 2647.56805
-0.0 2652.1405
0.0 2656.71234
-0.0 2661.28387
-0.0 2665.8551
-0.0 2670.42572
-0.0 2674.99573
-0.0 2679.56604
-0.0 2684.13574
0.0 2688.70483
-0.0 2693.27362
0.0 2697.8418
-0.0 2702.40936
0.0 2706.97693
-0.0 2711.54419
-0.0 2716.11053
0.0 2720.67688
0.0 2725.24292
-0.0 2729.80835
-0.0 2734.37347
0.0 2738.93799
-0.0 2743.5025
-0.0 2748.0661
-0.0 2752.62939
0.0 2757.19238
-0.0 2761.75507
-0.0 2766.31714
-0.0 2770.87891
-0.0 2775.44067
-0.0 2780.00122
-0.0 2784.56177
-0.0 2789.12201
-0.0 2793.68164
-0.0 2798.24097
0.0 2802.79968
0.0 2807.3584
-0.0 2811.9162
0.0 2816.474
-0.0 2821.03149
-0.0 2825.58838
-0.0 2830.14465
-0.0 2834.70062
-0.0 2839.25629
-0.0 2843.81134
-0.0 2848.36639
-0.0 2852.92053
0.0 2857.47467
-0.0 2862.0282
-0.0 2866.58142
-0.0 2871.13434
-0.0 2875.68634
0.0 2880.23804
-0.0 2884.78973
-0.0 2889.34113
-0.0 2893.8913
-0.0 2898.44208
0.0 2902.99164
-0.0 2907.54089
-0.0 2912.08984
-0.0 2916.63879
-0.0 2921.18683
0.0 2925.73456
-0.0 2930.28198
-0.0 2934.82849
-0.0 2939.37561
0.0 2943.92151
-0.0 2948.46741
-0.0 2953.01239
-0.0 2957.55737
-0.0 2962.10175
-0.0 2966.64581
-0.0 2971.18958
-0.0 2975.73242
-0.0 2980.27557
-0.0 2984.81812
-0.0 2989.35974
-0.0 2993.90137
-0.0 2998.44238
-0.00722245699087 3002.9834
-0.00405234037217 3007.5235
0.00026595219488 3012.0636
-0.00442380175396 3016.60278
-6.78733949616e-06 3021.14197
0.00311590541389 3025.68054
-0.000583584830547 3030.21881
0.000577897224261 3034.75677
0.000881773074269 3039.29413
-0.00150451565952 3043.83118
-0.00302209625792 3048.36761
-0.00121564794359 3052.90375
-0.0135726520645 3057.43958
0.0023819142915 3061.9751
-0.00442971192253 3066.5097
-0.00956828177058 3071.04431
-0.00425933182853 3075.578
-0.00249835366716 3080.11169
-0.00406033997848 3084.64508
-0.000534400387787 3089.17755
-0.00388726362555 3093.71063
-0.00637134962714 3098.24219
-0.00176766538787 3102.77374
-0.00100649634388 3107.30499
-0.00800318121263 3111.83563
-0.00551528249355 3116.36597
0.00200475777979 3120.89569
-0.00455520393518 3125.42511
0.00100816472071 3129.95422
-0.000260166443821 3134.48273
-0.00584143321706 3139.01093
-0.00303407439323 3143.53882
-0.00626056916754 3148.0658
0.00196997182132 3152.59308
0.000967665128851 3157.11975
0.0014304249837 3161.64581
-0.00447699814029 3166.17126
-0.000467916980119 3170.69672
0.00181269927427 3175.22156
-0.00493381020217 3179.74579
0.000215658831829 3184.27002
0.00108820903148 3188.79333
-0.00195852562828 3193.31665
-0.000436784275319 3197.83936
-0.00323076680832 3202.36176
-0.00902220079045 3206.88354
-0.00386307047943 3211.40503
-0.000647556542245 3215.92651
-0.000433203588118 3220.44647
-0.00364202952122 3224.96704
-0.00920046488777 3229.48639
-0.000431903040531 3234.00604
-0.00128301617931 3238.52509
-0.00276735577516 3243.04352
0.000206595033996 3247.56165
0.00210340183033 3252.07916
0.00775311249383 3256.59668
0.00228852905545 3261.11328
-0.00497597597124 3265.62988
-0.00493281307484 3270.14557
-0.00366360619277 3274.66156
-0.00241657907428 3279.17664
-0.000997344791042 3283.6911
-0.00216018122589 3288.20557
-0.00851414251255 3292.71942
-0.00743853286063 3297.23297
-0.000942876001814 3301.74561
-0.00481190792001 3306.25854
-0.00164216571825 3310.77026
0.00106998657407 3315.28229
-0.00264883180949 3319.7937
-0.00191293051689 3324.3045
-0.00188352668788 3328.815
0.000500747103913 3333.32489
-0.00149774785734 3337.83478
0.00327036387208 3342.34406
-0.000813214904589 3346.85303
-0.00609214829334 3351.36078
-0.000954984327696 3355.86914
-0.00393177084936 3360.37659
-0.00233905352801 3364.88342
-0.000312259228046 3369.39026
-0.00199106661779 3373.89648
0.00135820254122 3378.4024
-0.000902470099622 3382.90771
-0.00222653349041 3387.41272
0.00102149187838 3391.91681
0.000864812374342 3396.4212
-0.00143409433433 3400.92468
-0.000144800475053 3405.42816
-0.000422723269918 3409.93103
-0.00110951264127 3414.43329
-0.00328830754125 3418.93555
-0.0013579028776 3423.43689
-0.00268657131747 3427.93793
-0.00159736806022 3432.43866
-0.00460972950656 3436.93878
-0.0032601052852 3441.4389
-3.12621027216e-06 3445.93842
-0.00140600250494 3450.43732
-0.00126449718935 3454.93591
-0.00299764206906 3459.43359
0.00172288242545 3463.93158
-0.00280891999359 3468.42896
-0.00314049570028 3472.92542
-0.000957796496676 3477.42218
-0.000239179923104 3481.91803
0.00210304023268 3486.41357
-0.00116308846907 3490.90881
-0.0038015481645 3495.40314
-0.0024002002751 3499.89777
-0.00430846606011 3504.39148
-0.00281224518489 3508.88489
-0.00122839287458 3513.37799
0.0011014221277 3517.87048
0.00185657239953 3522.36267
-0.00108595795261 3526.85425
-0.000752755215386 3531.34552
0.000209289930815 3535.83649
-0.0022019400514 3540.32684
-0.00145091644572 3544.81659
-0.00194470683987 3549.30634
0.000603313797033 3553.79517
-0.00249930102452 3558.2843
-0.00247220857941 3562.77222
-0.00137101201064 3567.26013
-0.000679985434912 3571.74774
-0.00172934543729 3576.23444
-0.00180935397751 3580.72113
0.00254116287818 3585.20721
-0.000936954338668 3589.69299
-9.48862539513e-05 3594.17786
-0.00119603782014 3598.66302
-9.31642310379e-05 3603.14697
0.00161864029856 3607.63123
-0.00241155802044 3612.11456
-0.000531878241157 3616.5976
-0.00201245207444 3621.08032
8.4347710538e-05 3625.56244
-0.000515414287438 3630.04456
-0.00305193812452 3634.52576
-0.00243320487218 3639.00696
-0.000333763315556 3643.48663
0.000900912323547 3647.96722
-0.00276797192074 3652.4469
-0.000968304921872 3656.92596
-0.00239576987594 3661.40472
-0.000871101945468 3665.88287
0.000154637022271 3670.36102
-0.00209730666162 3674.83826
-0.00130918762899 3679.31549
-0.00228933924045 3683.79181
0.000224789794638 3688.26843
0.000896828818017 3692.74384
0.00088934556577 3697.21924
-7.54585767226e-05 3701.69403
-7.48421510582e-05 3706.16821
-7.42344154096e-05 3710.6427
0.000429523066004 3715.11566
-0.000714941600997 3719.58923
-0.00134611378896 3724.06158
-0.000142024614513 3728.53424
0.0012504493375 3733.00568
0.000826425127942 3737.47711
-0.00137154312257 3741.94794
-0.00108850344103 3746.41846
-0.0020232502111 3750.88898
-1.61992232786e-06 3755.35828
-0.000266452740625 3759.82758
0.000916867106142 3764.29596
-0.000261727422349 3768.76465
-0.00141973361336 3773.23242
6.22772197678e-05 3777.69989
-0.000950277780217 3782.16675
-0.00207010001715 3786.6333
0.000308812153343 3791.09985
-0.000555343340842 3795.56519
-0.00134446222259 3800.03052
-0.0012734041225 3804.49524
0.000299027733736 3808.95996
0.000774459238776 3813.42377
-0.00035747201636 3817.88727
-0.00254017518486 3822.35046
-0.00141005890613 3826.81274
-0.0015194966468 3831.27533
-0.000233665277712 3835.73669
0.00109582329645 3840.19836
-0.000633962254487 3844.65912
-0.00103180536993 3849.11957
-0.00199670511431 3853.57971
0.00033893758718 3858.03925
0.00045058616454 3862.49847
-0.0010152154723 3866.95679
0.000167001079201 3871.41541
-1.35763236255e-06 3875.87311
-0.00229224249197 3880.33051
-0.00066995168521 3884.78729
-0.00139183775853 3889.24408
-0.000722873168161 3893.69995
-0.00116504512209 3898.15552
-0.000222552849291 3902.61078
-0.000387874033044 3907.06543
0.0022570153559 3911.52008
-0.000992645324062 3915.97351
-0.00165177964561 3920.42725
-0.000605515311325 3924.87976
-0.000934121415901 3929.33289
0.000272596847278 3933.78479
-0.00137041362432 3938.23639
-0.000876484517237 3942.68768
-0.00142230172761 3947.13837
-5.5890802911e-05 3951.58905
0.000162178933429 3956.03851
-0.000545810850503 3960.48798
-0.00141554430591 3964.93683
-0.000598541178495 3969.38568
-0.00146522042933 3973.83392
0.00162022100104 3978.28156
-0.00129733206582 3982.72888
-0.000539978367638 3987.1756
-0.00150674766909 3991.62201
0.000213128353656 3996.06781
-0.00112515958387 4000.51361
0.000639101753878 4004.95819
-0.00112052224127 4009.40308
0.000211382152369 4013.84705
-0.000160538777176 4018.29102
-0.00153897946985 4022.73438
0.00211325107935 4027.17682
-0.000476817482939 4031.61926
0.00142216145024 4036.0611
0.00315533684325 4040.50293
0.000524675067853 4044.94385
0.000576547105654 4049.38446
0.00104794907943 4053.82477
-0.00141773435594 4058.26447
0.000103497912384 4062.70386
0.000155768367604 4067.14233
-5.35886690533e-05 4071.58081
0.000260152538457 4076.01868
0.000416778578656 4080.45624
0.00088649957932 4084.89319
0.000886061864922 4089.33014
0.000155281963453 4093.76617
0.00161446461064 4098.2019
0.000259296270581 4102.63702
-0.000522144891359 4107.07184
0.00140277653491 4111.50635
0.00269872493704 4115.94025
0.000102577333023 4120.37384
0.00139807369343 4124.80682
0.000775258500423 4129.23981
0.00160051711297 4133.67126
0.00319472430174 4138.10333
0.0022119803243 4142.53479
0.00246397335932 4146.96533
0.00199763411849 4151.39587
0.00240147220427 4155.82581
0.00341370591095 4160.25543
0.00517978388535 4164.68414
0.00541762786347 4169.11285
0.0044941795622 4173.54065
0.0054348379302 4177.96875
0.00601813662709 4182.39594
0.00629790660605 4186.82281
0.00751951464212 4191.24908
0.00789136898445 4195.67505
0.00707731757874 4200.10071
0.0101037917227 4204.52545
0.00865509398494 4208.9502
0.00917068531693 4213.37372
0.00978349021595 4217.79785
0.0114167357855 4222.22107
0.0128033692718 4226.64368
0.0132699149325 4231.06628
0.0145599564145 4235.48798
0.0145491634743 4239.90967
0.0180083645011 4244.33044
0.0164649278492 4248.75092
0.0182437007035 4253.17078
0.0188712610859 4257.59064
0.0199343012913 4262.00989
0.0227756726732 4266.42853
0.0231251037068 4270.84686
0.0261140745134 4275.26459
0.0260371536918 4279.68201
0.0274940520158 4284.09912
0.0297151377195 4288.51563
0.0320255280402 4292.93121
0.0328913429345 4297.34711
0.0331719868592 4301.76239
0.0344899552966 4306.17706
0.0400731872607 4310.59113
0.0401593926829 4315.00488
0.0416978056753 4319.41833
0.0459495346236 4323.83087
0.0460766808191 4328.24341
0.049378846374 4332.65533
0.0528385968735 4337.06726
0.0528842684655 4341.47827
0.0576475640507 4345.88867
0.0572679879325 4350.29877
0.0620802595005 4354.70825
0.0634804198646 4359.11804
0.0661028062349 4363.52661
0.0699306362555 4367.93518
0.072056987771 4372.34283
0.0735764746261 4376.75049
0.0778960279201 4381.15723
0.0842576745422 4385.56396
0.0849214612381 4389.9704
0.0876390569509 4394.37561
0.0907158274415 4398.78113
0.0928400148149 4403.18573
0.0983759193472 4407.59033
0.102351324212 4411.99341
0.100713755695 4416.39709
0.109342807724 4420.79956
0.116634203651 4425.20264
0.116191821923 4429.6051
0.120508224179 4434.00604
0.126711095439 4438.40759
0.127290369711 4442.80762
0.132513251132 4447.20825
0.133972051804 4451.60767
0.134633436295 4456.00739
0.138175146257 4460.40558
0.139123065074 4464.80438
0.14599556276 4469.20258
0.144986402379 4473.59955
0.152433969441 4477.99713
0.143405547587 4482.39319
0.151840385829 4486.78955
0.156330024637 4491.185
0.148538355324 4495.58014
0.150864815014 4499.97498
0.145906142222 4504.36951
0.148020311164 4508.76343
0.146275726504 4513.15674
0.146029297114 4517.54974
0.139881096705 4521.94183
0.139965405139 4526.33392
0.137095178408 4530.7251
0.133341028314 4535.11688
0.127035177999 4539.50684
0.124014205026 4543.8974
0.121219996382 4548.28735
0.116105697949 4552.67639
0.112921594711 4557.06543
0.111068869851 4561.45325
0.105438032036 4565.84137
0.10399613706 4570.22858
0.0971485254082 4574.61578
0.0968425638117 4579.00208
0.0924670575675 4583.38867
0.0862117454791 4587.77405
0.0799969186283 4592.15912
0.0806902670874 4596.54388
0.0781354106699 4600.92773
0.0719923142103 4605.31189
0.0754361071192 4609.69513
0.0691020358984 4614.07806
0.0680320962478 4618.46008
0.0639494676399 4622.84241
0.0642580989984 4627.22351
0.0610337699699 4631.60461
0.062762490165 4635.98541
0.0601835135134 4640.3653
0.0584108479172 4644.74518
0.0584106476381 4649.12384
0.0563624560602 4653.50281
0.0549913924873 4657.88086
0.0538794752415 4662.25891
0.0511657204389 4666.63605
0.0497139920755 4671.01318
0.0481342927489 4675.39001
0.0504301099498 4679.76563
0.0470345259902 4684.14124
0.0469892746948 4688.51593
0.0446711674282 4692.89063
0.0444609821632 4697.2644
0.0425297959451 4701.63849
0.0423876765531 4706.01135
0.0409849644477 4710.38422
0.0386220601586 4714.75677
0.0396391063294 4719.12811
0.0390282773451 4723.50006
0.0391360789904 4727.87048
0.0351712636622 4732.24121
0.0330014002554 4736.61072
0.0341698471918 4740.98053
0.0331512275824 4745.34943
0.033562658665 4749.71802
0.0321287364116 4754.0863
0.0314714581291 4758.45367
0.031448584721 4762.82104
0.0298322410594 4767.1875
0.0302913265014 4771.55426
0.0294847784416 4775.91949
0.0281588645116 4780.28503
0.0284526590891 4784.64966
0.0287100353063 4789.01428
0.0290624444284 4793.3786
0.0277023987702 4797.7417
0.0275345650463 4802.1051
0.0282190258746 4806.46698
0.0281092523315 4810.82947
0.0282286475648 4815.19073
0.0271815795584 4819.552
0.0274486252662 4823.91266
0.0284026560115 4828.27301
0.027956466636 4832.63306
0.0266774676548 4836.99188
0.0276722597215 4841.35101
0.0256435553172 4845.70923
0.0280468025182 4850.06744
0.0269581370625 4854.42413
0.0276001751368 4858.78174
0.0279305875303 4863.13782
0.0275831789301 4867.4939
0.0281155704002 4871.84998
0.0273054505224 4876.20453
0.0282311986785 4880.55939
0.0285536464186 4884.91333
0.030238938392 4889.26727
0.0290396736501 4893.6203
0.03017351256 4897.97302
0.0297961324692 4902.32513
0.0313670616366 4906.67755
0.0305441626744 4911.02905
0.0317378752856 4915.37964
0.032637799068 4919.73022
0.0327763020012 4924.0799
0.0324266912651 4928.42957
0.033812249936 4932.77832
0.0347645353368 4937.12738
0.0360153390584 4941.47491
0.0353304699216 4945.82275
0.0362368562014 4950.17029
0.0371005614657 4954.5166
0.0390162890601 4958.86292
0.0399319969883 4963.20831
0.0409645166232 4967.55402
0.0411290889224 4971.8985
0.0428672596816 4976.24298
0.04389594236 4980.58655
0.0449438245363 4984.93042
0.0453115397528 4989.27368
0.0470215868334 4993.61572
0.0495014716918 4997.95807
0.0509160811276 5002.29919
0.0514090958766 5006.64063
0.0548360335664 5010.98083
0.0546423671068 5015.32104
0.0562049277778 5019.66064
0.0575314437795 5023.99994
0.0592265383838 5028.33893
0.0620383190381 5032.677
0.0625256453541 5037.01477
0.0630158220107 5041.35193
0.0652136727114 5045.68909
0.0662676575651 5050.02502
0.0682387890954 5054.36127
0.0696791842523 5058.69629
0.0712294392341 5063.03162
0.0733188417909 5067.36603
0.0758021988419 5071.69983
0.0765097258442 5076.03363
0.0789725401803 5080.36621
0.0797435517128 5084.6994
0.0815331416159 5089.03107
0.0826283184146 5093.36304
0.0868800134013 5097.69379
0.0899150864952 5102.02484
0.0900805354764 5106.35529
0.0917189326669 5110.68481
0.0930968865729 5115.01434
0.0968871842022 5119.34265
0.0984194247608 5123.67126
0.101349949385 5127.99927
0.100567050192 5132.32605
0.102377746843 5136.65344
0.10698037083 5140.97961
0.106993496004 5145.30579
0.111314976177 5149.63135
0.111015094231 5153.95691
0.114478985046 5158.28064
0.115862772295 5162.60498
0.118955742219 5166.92871
0.121195705048 5171.25183
0.123590279022 5175.57373
0.124368660629 5179.89624
0.127220382007 5184.21753
0.127330284016 5188.53943
0.130169581629 5192.86072
0.134401338081 5197.18018
0.135536307235 5201.50024
0.137099950108 5205.81909
0.13884760893 5210.13855
0.139384320053 5214.45679
0.143330874338 5218.77502
0.144836335016 5223.09204
0.147341537408 5227.40906
0.148135055776 5231.72546
0.15163872699 5236.04187
0.153880520126 5240.35767
0.155187734748 5244.67224
0.161111147265 5248.98682
0.16056280379 5253.30078
0.163810550942 5257.61475
0.163862703086 5261.92749
0.168434936022 5266.24023
0.169575988008 5270.55237
0.175106734684 5274.86389
0.17575896835 5279.17542
0.17658021144 5283.48572
0.181780226478 5287.79663
0.184635120707 5292.10571
0.186740823663 5296.41541
0.189528135276 5300.72388
0.19012372892 5305.03235
0.194934379695 5309.34082
0.195223191233 5313.64746
0.195204525254 5317.95532
0.200565731419 5322.26135
0.200845182081 5326.56738
0.204538945281 5330.8728
0.205534882191 5335.17822
0.206717086632 5339.48242
0.209314793936 5343.78662
0.212855883855 5348.09082
0.214009805102 5352.39319
0.219644819336 5356.69617
0.221593341174 5360.99792
0.225744593183 5365.29968
0.225445905707 5369.60083
0.228335565676 5373.90137
0.232363235616 5378.2019
0.234229372021 5382.50183
0.234573326163 5386.80115
0.23892712795 5391.09985
0.241580000297 5395.39795
0.240295141998 5399.69543
0.247398585513 5403.99292
0.247946223633 5408.28979
0.249648372752 5412.58606
0.252754231368 5416.88171
0.257043858011 5421.17737
0.257888041051 5425.47302
0.261616602038 5429.76685
0.26532684662 5434.06128
0.268916021124 5438.35388
0.268276763793 5442.64771
0.268059241445 5446.9397
0.275870736497 5451.2323
0.277278048232 5455.52307
0.278260496633 5459.81506
0.284168016082 5464.10583
0.287230624029 5468.39539
0.284340822647 5472.68555
0.288280151196 5476.97449
0.291810508707 5481.26282
0.294156102543 5485.55054
0.297108249661 5489.83887
0.303157752403 5494.12598
0.305754150802 5498.41309
0.30894296142 5502.69958
0.314477542125 5506.98486
0.315311497567 5511.27075
0.318920436633 5515.55481
0.319907783276 5519.83948
0.325538564708 5524.12292
0.32676758747 5528.40698
0.330963226367 5532.6886
0.33123849814 5536.97205
0.335073465098 5541.25366
0.332257283799 5545.53467
0.344793907568 5549.81628
0.347222523193 5554.09607
0.350193103012 5558.37646
0.35203359039 5562.65564
0.355521658831 5566.93481
0.358104696939 5571.21338
0.359568950052 5575.49133
0.361076268262 5579.76929
0.36216745449 5584.04602
0.360774078636 5588.32275
0.367297223467 5592.59888
0.368605958842 5596.87439
0.369302831238 5601.14929
0.373965462796 5605.42419
0.378639088214 5609.69788
0.383230995651 5613.97156
0.384361600216 5618.24524
0.384583745203 5622.5177
0.387352982253 5626.79016
0.39007067035 5631.0614
0.393719658702 5635.33264
0.395236946423 5639.60327
0.394378279665 5643.87329
0.4016809296 5648.14331
0.402336715498 5652.41272
0.408408936306 5656.68213
0.408389647248 5660.94971
0.410904813606 5665.2179
0.416133837559 5669.48425
0.417436098049 5673.75183
0.419507999841 5678.01819
0.420764667711 5682.28394
0.422925910282 5686.54846
0.419708736318 5690.81421
0.422360543262 5695.07874
0.424791663606 5699.34265
0.430497327899 5703.60596
0.422860613557 5707.86865
0.426307478634 5712.13074
0.427764741894 5716.39282
0.429742609631 5720.6543
0.431965260019 5724.91516
0.432727220297 5729.17603
0.438435348136 5733.43567
0.434227425489 5737.69531
0.438066692148 5741.95435
0.440461327439 5746.21277
0.441524183582 5750.47119
0.441361058312 5754.72839
0.445762258589 5758.9856
0.444926403287 5763.24158
0.44464197994 5767.49817
0.443983231557 5771.75293
0.443007635834 5776.0083
0.445576016525 5780.26306
0.445576530203 5784.51721
0.447158559456 5788.77136
0.44754596975 5793.02429
0.451654327671 5797.27661
0.451966055975 5801.52832
0.453396669391 5805.78064
0.455053423909 5810.03113
0.454906411577 5814.28223
0.457769938148 5818.53271
0.455005567308 5822.78198
0.458834154915 5827.03125
0.461300571194 5831.2793
0.460638365342 5835.52795
0.460959527256 5839.77539
0.465711301166 5844.02283
0.461417646879 5848.26965
0.461966291166 5852.51587
0.459655705838 5856.76208
0.461963512734 5861.00647
0.457639812081 5865.25208
0.461154430261 5869.49524
0.460753558179 5873.73962
0.465150648041 5877.98218
0.459654169727 5882.22534
0.463182345391 5886.46729
0.461145692349 5890.70984
0.461644056515 5894.95117
0.461316445573 5899.19128
0.457685833209 5903.43201
0.460749391648 5907.67151
0.457889816912 5911.91101
0.456860364509 5916.1499
0.459433446288 5920.38818
0.455342453596 5924.62524
0.455208603471 5928.86292
0.450958541708 5933.10059
0.447423724729 5937.33582
0.450016904406 5941.57227
0.45146210882 5945.8075
0.451233434943 5950.04272
0.449929614057 5954.27673
0.44902032358 5958.51074
0.449647219669 5962.74353
0.445545574387 5966.97632
0.448533800497 5971.20911
0.444425764216 5975.44067
0.442143767286 5979.67224
0.442450359635 5983.9032
0.44213120498 5988.13354
0.445809731732 5992.36328
0.447123949173 5996.59241
0.445122465699 6000.82153
0.443322332163 6005.05005
0.43939774981 6009.27795
0.44451344527 6013.50525
0.441232208251 6017.73254
0.437224400687 6021.95862
0.438245621005 6026.18408
0.440738387328 6030.40955
0.432025113536 6034.6344
0.429127198207 6038.85925
0.425640912569 6043.0835
0.423519511943 6047.30652
0.418868576788 6051.52893
0.417583320267 6055.75195
0.414295918408 6059.97375
0.414812533918 6064.19495
0.40853742721 6068.41553
0.41275990158 6072.63672
0.409447464965 6076.85608
0.411288297662 6081.07605
0.409224273945 6085.2948
0.400155675665 6089.51294
0.399486960589 6093.73108
0.397948297567 6097.948
0.392862251426 6102.16553
0.397291037685 6106.38123
0.393984769065 6110.59753
0.388816533509 6114.81262
0.384753695378 6119.02832
0.386809636794 6123.24219
0.386006862574 6127.45605
0.38344608701 6131.66931
0.381215048162 6135.88196
0.375987645368 6140.0946
0.378456831292 6144.30664
0.36977474278 6148.51807
0.376060042822 6152.72827
0.369415965117 6156.93909
0.367283070871 6161.14929
0.367175038627 6165.35889
0.363769205955 6169.56787
0.366499972052 6173.77563
0.362789331867 6177.9834
0.359843029826 6182.19055
0.359568304643 6186.39832
0.352667468509 6190.60364
0.350062309915 6194.81018
0.346417119693 6199.01611
0.351949486655 6203.22083
0.346426967608 6207.42493
0.337709502514 6211.62842
0.339409636202 6215.83191
0.337371090364 6220.03418
0.330966224948 6224.23706
0.328775611066 6228.43872
0.325765034833 6232.64038
0.325602858417 6236.84143
0.323236259893 6241.04126
0.32395100744 6245.2417
0.319234766278 6249.44031
0.317792147474 6253.64014
0.313689536283 6257.83752
0.308312340523 6262.03552
0.303075332743 6266.2323
0.303418495847 6270.42969
0.30180467922 6274.62585
0.298176116293 6278.82141
0.296014990593 6283.01697
0.293238759229 6287.2113
0.293284734671 6291.40625
0.293977456693 6295.59998
0.287962400008 6299.79309
0.289040431917 6303.9856
0.282842816767 6308.1781
0.282123655207 6312.37
0.276957752313 6316.56067
0.274580414184 6320.75195
0.276162821804 6324.94202
0.273456095602 6329.13208
0.269429746166 6333.32092
0.270364486358 6337.50977
0.266747832887 6341.69739
0.260353426503 6345.88562
0.260655985999 6350.07263
0.253312465073 6354.25964
0.252312192855 6358.44543
0.253757760464 6362.63123
0.249780260018 6366.81641
0.246304861342 6371.00037
0.241495313589 6375.18494
0.245394326364 6379.36829
0.236987305883 6383.55164
0.239024397572 6387.73438
0.231695903795 6391.9165
0.23273145963 6396.09863
0.232290856168 6400.27893
0.230802067033 6404.45984
0.229168982608 6408.63953
0.22552821491 6412.81921
0.224957440695 6416.99829
0.224417789776 6421.17676
0.22024797767 6425.35461
0.216873996624 6429.53247
0.214203607706 6433.70972
0.21435977213 6437.88635
0.211575399876 6442.06177
0.206446929 6446.23718
0.20676267457 6450.4126
0.204567317713 6454.58618
0.206537382409 6458.76099
0.20240304245 6462.93396
0.200016432777 6467.10693
0.197136719676 6471.27991
0.192378992667 6475.45166
0.19347355297 6479.62341
0.191058583733 6483.79333
0.194431027859 6487.96448
0.190560853879 6492.13379
0.185994596362 6496.3031
0.18120890939 6500.4718
0.183837557963 6504.63989
0.178517890677 6508.80859
0.177892444894 6512.97546
0.174846229102 6517.14233
0.173574706616 6521.30859
0.170742355685 6525.47485
0.167127405945 6529.63928
0.167418633067 6533.80432
0.166719053128 6537.96814
0.165925189941 6542.13196
0.162876116971 6546.29578
0.164567955354 6550.45837
0.159960838642 6554.62036
0.155479286394 6558.78174
0.158495475715 6562.94312
0.15356779374 6567.10327
0.153095922447 6571.26404
0.151390339888 6575.42358
0.152176950984 6579.58252
0.145716716431 6583.74084
0.144793889053 6587.89917
0.145491463726 6592.05688
0.143234361349 6596.21338
0.141793938925 6600.37048
0.140176535699 6604.52637
0.139855918951 6608.68164
0.134610950602 6612.83691
0.133749365452 6616.99158
0.138166245717 6621.14502
0.131143981439 6625.29846
0.129483385358 6629.45129
0.129485177797 6633.60413
0.126039311643 6637.75635
0.12702986373 6641.90674
0.126223660222 6646.05835
0.126636280201 6650.20813
0.122709899946 6654.35791
0.117188236507 6658.50769
0.119472414235 6662.65625
0.117795780963 6666.8042
0.115876903895 6670.95215
0.117075734623 6675.09949
0.110065867662 6679.24622
0.112697409755 6683.39233
0.11023541096 6687.53784
0.108347320915 6691.68335
0.110018074466 6695.82825
0.109833471143 6699.97192
0.104976991558 6704.1156
0.106279356909 6708.25867
0.102973640591 6712.40173
0.101061119513 6716.54358
0.101919659264 6720.68481
0.103323917209 6724.82605
0.104331362179 6728.96667
0.100477075253 6733.10669
0.0999830654481 6737.24609
0.0938293310149 6741.38489
0.0945649819802 6745.52307
0.094939858099 6749.66064
0.0941558358106 6753.79822
0.0928527387381 6757.93579
0.0917288874843 6762.07153
0.0891287021722 6766.20789
0.0900252578189 6770.34241
0.0868188464921 6774.47754
0.0867501837053 6778.61206
0.0877380259411 6782.74597
0.0859187904383 6786.87866
0.0856346220884 6791.01135
0.0853904218043 6795.14404
0.0837141360772 6799.27551
0.079993581618 6803.40698
0.0808006939979 6807.53723
0.0792727028285 6811.66748
0.0758288888334 6815.79712
0.0746194680697 6819.92615
0.0760799253192 6824.05457
0.0729858872809 6828.18298
0.0746053701897 6832.31018
0.0729062272772 6836.43738
0.0724187928141 6840.56335
0.0726389809917 6844.68994
0.0721211495219 6848.81531
0.0713237653178 6852.93945
0.0663239244955 6857.06482
0.0672045765302 6861.18774
0.0679762094061 6865.31128
0.0674292526968 6869.43481
0.0689965167858 6873.55713
0.0643155698344 6877.67883
0.0659569199101 6881.79932
0.0667151293987 6885.92041
0.0617500108197 6890.04089
0.0611319763922 6894.16016
0.0599282956005 6898.27881
0.0612902207543 6902.39868
0.0604287404483 6906.51611
0.0564202839908 6910.63354
0.0583528849649 6914.75098
0.0624060935856 6918.86719
0.056985198822 6922.9834
0.0578403566921 6927.099
0.0539988555897 6931.2146
0.0565668346049 6935.32837
0.053165513269 6939.44214
0.0537782655881 6943.55652
0.0548432108728 6947.66846
0.0531574593866 6951.78101
0.0525577632474 6955.89294
0.0524246914644 6960.00366
0.0512603873866 6964.11438
0.0528960090317 6968.2251
0.0501824049948 6972.33459
0.0492232645103 6976.44409
0.0485077753737 6980.55298
0.0484518881372 6984.66064
0.0462574489802 6988.76831
0.0459653692464 6992.87537
0.0445841404916 6996.98181
0.0477384246206 7001.08826
0.0451209432628 7005.19348
0.0460223643897 7009.2981
0.0443268273604 7013.40271
0.044083845278 7017.50732
0.0435691499446 7021.61011
0.0422162816224 7025.7135
0.0407068222423 7029.81567
0.0428771758442 7033.91724
0.0440935970867 7038.0188
0.0431579414994 7042.11914
0.0391776802088 7046.21948
0.0403111214955 7050.31921
0.0376477928599 7054.41895
0.0365748062563 7058.51746
0.0385740319851 7062.61536
0.0363180492887 7066.71265
0.0359271471657 7070.81055
0.0353562576908 7074.90662
0.0369948184638 7079.0033
0.0357289981666 7083.09814
0.0360218687501 7087.19299
0.0352637428769 7091.28784
0.0333691281005 7095.38147
0.0342316133584 7099.4751
0.0314293912289 7103.5675
0.0339391120555 7107.66052
0.0333738189566 7111.75171
0.0326627945654 7115.8429
0.0326162248514 7119.93347
0.029660019919 7124.02405
0.0294669694998 7128.11401
0.029342928512 7132.20276
0.0297676459584 7136.2915
0.0275302183723 7140.37964
0.030160596465 7144.46777
0.0284053328751 7148.55408
0.0296187489427 7152.64099
0.0292522266272 7156.72668
0.0280534166529 7160.81177
0.0279736968886 7164.89746
0.0295926426199 7168.98132
0.029041271993 7173.06519
0.0253538801714 7177.14844
0.025071017324 7181.23108
0.02608787096 7185.31372
0.0274081587241 7189.39514
0.0265516214852 7193.47595
0.0234732105193 7197.55676
0.0277505314081 7201.63696
0.0273094754955 7205.71716
0.0243877539315 7209.79614
0.0231552214059 7213.87451
0.0277943996827 7217.95227
0.0247319718831 7222.02942
0.0239184933057 7226.10718
0.0225543792051 7230.18311
0.0232462067423 7234.25903
0.0253972297072 7238.33374
0.0182787453861 7242.40906
0.0218929122703 7246.48376
0.021089160958 7250.55725
0.0215252668131 7254.63013
0.0201675457386 7258.703
0.0185695367924 7262.77466
0.0204209915652 7266.84631
0.01811514246 7270.91797
0.0208538616132 7274.98779
0.0215551064157 7279.05823
0.0182123962167 7283.12805
0.0182768974485 7287.19666
0.01818029053 7291.26526
0.0181591007 7295.33264
0.0178082518187 7299.40063
0.0172038118548 7303.4668
0.0178818542606 7307.53357
0.018226467542 7311.59851
0.0186418680869 7315.66406
0.0178319091802 7319.729
0.0166092209407 7323.79272
0.0180568091042 7327.85645
0.0178799572669 7331.91895
0.0193183605099 7335.98206
0.0181690547211 7340.04333
0.0145167354203 7344.10522
0.0162769397704 7348.16528
0.0162586914462 7352.22656
0.0164000093611 7356.28662
0.0147706193745 7360.34546
0.015473094206 7364.4043
0.0138470919314 7368.46252
0.0150298025827 7372.52014
0.0133305368537 7376.57715
0.0145955610399 7380.63354
0.0142647028991 7384.68933
0.0154554570126 7388.74512
0.0122605857716 7392.80029
0.0125840117702 7396.85486
0.0139515867452 7400.90881
0.0141258394966 7404.96216
0.0134235217029 7409.0155
0.013685429167 7413.06702
0.0131470083338 7417.11914
0.0132530671842 7421.17004
0.012311517242 7425.22095
0.0120955111307 7429.27124
0.0106623057207 7433.32031
0.0119088168909 7437.37
0.0132446961498 7441.41785
0.0113203366546 7445.46631
0.013572229591 7449.51355
0.0114812744875 7453.56079
0.0111156382998 7457.6062
0.0090888558379 7461.65283
0.00963899645367 7465.69824
0.00750688737108 7469.74243
0.00924880201639 7473.78723
0.0109303237622 7477.8302
0.0108355564809 7481.87378
0.00658867222572 7485.91614
0.00864166236193 7489.9585
0.0122121982316 7493.99963
0.0101802514366 7498.04077
0.00900543346688 7502.0813
0.00942454942071 7506.12122
0.00930556367686 7510.16052
0.00727595669621 7514.19922
0.00814257856873 7518.23792
0.00837484455813 7522.27478
0.00916344314268 7526.31226
0.00875270130661 7530.34851
0.00665313098783 7534.38477
0.00754114505165 7538.42102
0.0079673030656 7542.45544
0.00801861992853 7546.48987
0.00903089076807 7550.52368
0.00841570377465 7554.5575
0.00769516515866 7558.59009
0.00559248759102 7562.62268
0.00987299089745 7566.65405
0.00547225134499 7570.68542
0.004910054159 7574.7168
0.00686049747387 7578.74634
0.00629999211219 7582.77588
0.00624203218493 7586.8042
0.0097830839805 7590.83374
0.00746748359841 7594.86084
0.00501235088273 7598.88916
0.00493844691127 7602.91504
0.00908419066748 7606.94214
0.000529515468003 7610.96802
0.00694170497097 7614.99268
0.00515203508179 7619.01733
0.0121711456975 7623.04199
0.00476468358904 7627.06543
0.00706587777751 7631.08826
0.00960056631458 7635.11108
0.00690263779867 7639.13208
0.00539033945112 7643.15369
0.00618360164914 7647.17529
0.00498891858391 7651.19568
0.00600991887678 7655.21545
0.0059227644315 7659.23462
0.00505031463768 7663.25317
0.0054101281541 7667.27112
0.00679152743992 7671.28845
0.00307043290777 7675.30518
0.00365545246062 7679.32251
0.00596568629469 7683.33862
0.00299598541529 7687.35413
0.00254551477238 7691.36841
0.00232338304939 7695.38269
0.00443280968764 7699.39636
0.0053865792108 7703.41003
0.00446721699064 7707.42249
0.00436666155721 7711.43433
0.00142069700839 7715.44617
0.00249833522603 7719.4574
0.00681101684515 7723.46802
0.00528287758173 7727.47803
0.000963556564159 7731.48682
0.00788065274173 7735.49622
0.00646062457002 7739.50439
0.00257339214943 7743.51196
0.00517466008113 7747.51892
0.00396292779416 7751.52588
0.00211489493129 7755.53162
0.00149908286271 7759.53735
0.00489764422561 7763.54309
0.00378334194607 7767.54639
0.00215199836654 7771.5509
0.0034331490912 7775.5542
0.00472497389691 7779.5575
0.00256502851011 7783.55896
0.00373787837939 7787.56104
-0.000132894310625 7791.56189
0.00625225908504 7795.56274
0.00143970836001 7799.56299
0.00303103171243 7803.56201
0.00583430584768 7807.56165
0.00346866327235 7811.56006
0.00281823768046 7815.55786
0.00378025006664 7819.55505
0.00800860941513 7823.55225
0.00559561881683 7827.54761
0.00315404795182 7831.54358
0.00482186821388 7835.53894
0.00235105247149 7839.53369
0.00194336657375 7843.52783
0.000973866013977 7847.52075
0.00839574988573 7851.51367
0.00070003695502 7855.50598
0.00296200596406 7859.49768
-0.00113859824992 7863.48877
0.00668737262322 7867.47986
0.00271533991795 7871.47034
0.00287189226538 7875.45959
-0.00217200360446 7879.44885
0.00130319115742 7883.4375
-0.000879141465656 7887.42493
-0.00102991814951 7891.41235
0.0024991819178 7895.39917
0.0028058374713 7899.38538
0.0028176532583 7903.37158
0.00461663150011 7907.35718
0.00358713982289 7911.34094
0.00374951112966 7915.32532
0.0019546423722 7919.30847
0.00377226303432 7923.29224
0.00226841796191 7927.27417
-0.000915210049177 7931.2561
-0.001983695132 7935.23682
-0.00183569085231 7939.21753
0.00336063876074 7943.19824
0.00137646602572 7947.17773
0.003378305997 7951.15723
0.00739304466726 7955.1355
0.000615193943955 7959.11377
0.00573780287549 7963.09082
0.00171063588658 7967.06787
-0.00188270023058 7971.0437
-0.000161039434992 7975.01953
-3.83123601197e-06 7978.99536
0.00205834890857 7982.96936
0.00127123814515 7986.94397
0.000316388190816 7990.91736
-3.90179339495e-06 7994.89014
0.001287880646 7998.8623
0.000644427068264 8002.83447
-0.0034210622411 8006.80542
-0.00212523136509 8010.77637
-0.000167530638933 8014.7467
0.000815634890838 8018.71643
-0.00214040687821 8022.68555
0.00164201257561 8026.65405
0.0011506781846 8030.62256
0.00313615516451 8034.58923
0.000161693413065 8038.55652
-0.00133338255725 8042.52258
0.00216105122951 8046.48804
-0.00217659993031 8050.4541
0.000833747052836 8054.41833
0.000164023053021 8058.38257
0.00454712516151 8062.34619
0.00320983466566 8066.30859
-0.00119291168926 8070.271
-0.0018790093553 8074.23279
-0.000175188110051 8078.19458
-0.00137799217077 8082.15515
-0.0020736366077 8086.11572
0.0044958465764 8090.07507
0.000691663182779 8094.03381
0.00209340156805 8097.99194
-0.00193786467558 8101.95068
0.00158522846554 8105.90759
-0.00142486147435 8109.8645
-0.00125326310998 8113.8208
-0.000721150283082 8117.77649
-0.00162377870044 8121.73157
-0.000365462739763 8125.68665
0.000538820052138 8129.6405
0.00162939748202 8133.59375
0.00381604581057 8137.54639
-0.00182902401496 8141.49841
-0.00366251882055 8145.45105
0.00146120400062 8149.40186
0.00311663229078 8153.35266
-0.00258246835923 8157.30347
0.000549056820522 8161.25244
-0.000374426419167 8165.20203
0.000180891437635 8169.14978
0.00111049202354 8173.09753
-0.00373315779791 8177.04468
-0.00262212601973 8180.99182
-0.00188073473447 8184.93774
-0.00320798501 8188.88367
0.000563290687471 8192.82898
0.000756892972256 8196.77307
-0.00287990849052 8200.71716
-4.68075997607e-06 8204.66003
0.00154985434161 8208.60291
-0.0029421445306 8212.54517
-0.00394915732078 8216.48743
0.00059041882449 8220.42786
-0.00299977360217 8224.3689
-0.00241321915675 8228.30872
-0.0024242619055 8232.24792
-0.0022314839258 8236.18774
-0.00305222185014 8240.12512
-0.00122762971602 8244.06311
-0.000413776452799 8247.99988
0.000200058636423 8251.93665
-0.00144520199427 8255.8728
-0.00248257202578 8259.80835
-0.000626463413606 8263.74329
-0.00541226571693 8267.67761
-0.00104801472928 8271.61194
0.000204158113178 8275.54443
-0.00483456891495 8279.47754
-0.00674394560025 8283.40942
-0.00697175610023 8287.34131
-0.00698744354736 8291.27136
-0.00466889182797 8295.20264
-0.00404131388927 8299.13208
-0.00128226815166 8303.06152
0.002767542604 8306.99097
-0.0015028660597 8310.91797
0.00171100008752 8314.84619
-0.00452781439272 8318.77319
-0.00194987573463 8322.7002
-0.00152339850301 8326.62537
-0.00174723437398 8330.55054
-0.00066117855078 8334.4751
-0.00527696781298 8338.39966
-0.00199021217731 8342.32361
-0.00443671443314 8346.24634
-0.00534715118285 8350.16907
-0.00581841745909 8354.09058
0.00178983273574 8358.01208
-0.00541876538214 8361.93298
0.00180558383649 8365.85327
-0.00387262151823 8369.77295
0.00204921164034 8373.69202
-0.00321641987249 8377.61047
-5.58365872006e-06 8381.52832
-0.00439709393256 8385.44617
-0.00116501642405 8389.36218
0.0023200399072 8393.27942
-0.00677631740514 8397.19421
-0.00140976378285 8401.11023
0.00351199007834 8405.0238
-0.000711181963238 8408.9386
-0.00212701942795 8412.85217
-0.00591235954067 8416.76453
-0.00592421767078 8420.67749
-0.00119136429857 8424.58862
0.00284486006161 8428.49976
0.0011850306471 8432.41028
-0.00143908264439 8436.32019
-0.00767881643252 8440.22949
-0.0050588174688 8444.13879
-0.00556382823852 8448.04749
-0.00219041836388 8451.95496
-0.00195771409707 8455.86182
-0.00835116525249 8459.76807
-0.00173286390227 8463.67432
-0.00298361621662 8467.57996
-0.00349961842879 8471.48499
-0.00502473910573 8475.38879
-0.00378930554204 8479.2926
0.00328689879717 8483.19641
-0.00229779791881 8487.09839
-0.00026194408648 8491.00098
-0.00257543887566 8494.90234
-0.00465195914611 8498.8031
0.000511961787444 8502.70325
-0.00208904110605 8506.60339
-0.00209846079546 8510.50171
-0.00657605054764 8514.40125
-0.00607708203266 8518.29895
0.00608444179822 8522.19604
-0.002933480397 8526.09314
0.00479858534513 8529.98901
-0.000274504103078 8533.8855
-0.00161990757152 8537.78015
-0.00783148494327 8541.6748
-0.00622876269522 8545.56885
-0.00271808754988 8549.46228
-0.00680415616411 8553.35571
-0.00572987361945 8557.24731
-0.00683727294108 8561.13953
-0.0142586594267 8565.03052
-0.00797241944454 8568.92151
-0.0055152296547 8572.81067
0.00109792106975 8576.70105
0.00193293174144 8580.5896
-0.00418067498221 8584.47754
-0.0041975923033 8588.36609
-0.00590004102533 8592.25281
0.00196536220877 8596.13892
-0.00652178716631 8600.02502
0.00511209278026 8603.91052
-0.00343859688231 8607.79541
-0.00173106902372 8611.67969
-0.00145078141816 8615.56335
-0.00465068080892 8619.44702
-0.00525657657918 8623.32947
-0.00352312803734 8627.21069
-0.00147898238123 8631.09253
-0.000598742694561 8634.97314
-0.00119623236663 8638.85376
-0.00120227200188 8642.73315
0.00539548866105 8646.61255
-0.0027243567895 8650.49072
-0.0100271283851 8654.3689
-0.00794181042356 8658.24707
-0.000314024285332 8662.1228
-0.00185652898998 8665.99915
0.000611816245517 8669.87488
-7.54973946023e-06 8673.75061
-0.0021974545224 8677.62451
-0.00378137731444 8681.49841
0.00125648620436 8685.3717
-0.00859360458889 8689.24438
-0.000647070825159 8693.11707
0.000956754856943 8696.98853
-0.00227265720384 8700.85938
-0.00586897132961 8704.72961
-0.00426668575424 8708.59985
-0.00462266419164 8712.46887
-0.00929661866317 8716.33789
-0.0073498205405 8720.20569
-0.00235768223726 8724.07349
-0.00811651628814 8727.94067
-0.00680726487801 8731.80725
-0.00445558189928 8735.67322
-0.00861959381018 8739.53796
0.00345670305889 8743.40332
-0.0104828567286 8747.26624
-0.00563039999295 8751.13037
-0.0130984776668 8754.99329
-0.00498899995975 8758.85559
0.0028515596424 8762.71729
-0.00755785859833 8766.57898
-0.00722786256399 8770.44006
-0.00399187901345 8774.29932
-0.00218693252633 8778.15918
-0.00546617695997 8782.01782
0.00181233753366 8785.87585
0.000355875562371 8789.73389
-0.00804698099735 8793.5907
-0.00439863410575 8797.44751
-0.0128419247096 8801.3031
-0.00882770819358 8805.1593
-0.0103302093397 8809.01367
-0.00555796238495 8812.86804
-0.00372492729721 8816.7218
-0.0104720930132 8820.57434
0.000742056811116 8824.42749
-0.000764960872299 8828.27942
0.00455187078266 8832.13013
-0.000391745976952 8835.98145
0.00537343542865 8839.83154
-0.0150976393121 8843.68042
-0.00195117797496 8847.53052
-0.0042988037944 8851.37817
-0.0125368778483 8855.22644
-0.00118700962966 8859.07349
-0.0130097887632 8862.92053
-0.00909686471435 8866.76636
-0.00397279770614 8870.61157
-0.00756877805447 8874.4574
0.00677575585611 8878.30078
-0.00281720557865 8882.14539
-0.00282994189215 8885.98816
-0.00891684474813 8889.83093
-0.00895751442863 8893.67249
-0.00654517359279 8897.51465
-0.016014177695 8901.35498
-0.00618650673758 8905.19531
0.000403100674664 8909.03503
-0.00374185944643 8912.87415
-0.0104132035733 8916.71326
0.00541182586354 8920.55054
0.000408258739104 8924.38843
-0.00126929697865 8928.2251
-0.00295717257631 8932.06116
-0.00719105279861 8935.89661
-0.00170507305338 8939.73206
-0.00468874291718 8943.56628
-0.00598927280041 8947.3999
-0.007733093403 8951.23352
0.00300639922034 8955.06592
-0.00174446792054 8958.89832
-0.0109187077461 8962.72949
0.00306157661324 8966.56067
-0.0123939129396 8970.39063
-0.0080270134893 8974.22058
-0.00808597938732 8978.04993
0.00224755505616 8981.87866
-0.00820494971411 8985.70618
-0.0169804869604 8989.53369
-0.0041645531713 8993.36121
-0.00326240926113 8997.18689
-0.00421696465729 9001.01257
-0.0127043316826 9004.83704
-0.0127702335169 9008.66211
-0.00428281489664 9012.48596
-0.0143151796465 9016.3092
-0.0105372935056 9020.13184
-0.00528932448607 9023.95386
-0.00722666057443 9027.77588
0.000951686521551 9031.59668
-0.00966114003194 9035.41687
0.0163823228309 9039.23645
-0.01014839891 9043.05603
-0.00242290718042 9046.875
-0.000975056733734 9050.69275
-0.0187831209107 9054.5105
0.00238808831997 9058.32642
-0.0158264178225 9062.14294
-0.0100461191088 9065.95825
-0.000963896726466 9069.77417
-0.00475692950585 9073.58826
-0.00662799603406 9077.40234
-0.0122433844256 9081.21582
-0.00281736593232 9085.02869
-0.000475966337556 9088.84033
-0.000934078647629 9092.65198
-0.00230063461368 9096.46301
-0.00137326444018 9100.27344
-0.00541310831805 9104.08325
0.000435161235879 9107.89246
-0.00796917970902 9111.70105
-0.00395391937057 9115.50903
-0.00783239798536 9119.31641
-0.00992901401583 9123.12317
-0.000438480155982 9126.92932
0.000840786352408 9130.73547
0.00210721885609 9134.53979
-1.02362976668e-05 9138.34473
-0.00927286349621 9142.14783
0.00376964809244 9145.95154
-0.00126905149178 9149.75464
-0.00336553023533 9153.55652
-0.0104974539697 9157.3584
0.0071155963284 9161.15845
-0.00378606241533 9164.95972
-0.012610386532 9168.75854
-0.00967959550768 9172.55859
0.00882572027821 9176.3562
0.00505340632583 9180.15503
-0.0127302587808 9183.95203
-0.00981370369073 9187.74902
-0.0017268412059 9191.5448
-0.00044345636952 9195.34058
0.00436502260863 9199.13574
-0.00843500358499 9202.92969
0.0139148945001 9206.72363
-0.00868740591778 9210.51636
-0.0027951803417 9214.30969
-0.0155895931333 9218.10181
-0.00913033836736 9221.89331
-0.00684301857601 9225.6842
-0.0124136833063 9229.47388
-0.0196721202206 9233.26416
0.00152169176535 9237.05261
0.000506325729297 9240.84106
-0.0263577677279 9244.62891
-0.0101557910183 9248.41675
-0.00866912857806 9252.20337
-0.0181088693761 9255.98938
-0.00389972146146 9259.77478
-0.0163281187425 9263.55957
-0.00627818541922 9267.34436
-0.00635701033431 9271.12732
-0.00293288235365 9274.91089
0.0194720362705 9278.69324
-0.00420257391119 9282.47559
-0.00970813455913 9286.25671
-0.0190381108397 9290.03723
-0.0298598416938 9293.81775
-0.00253298343687 9297.59705
-0.0102282210022 9301.37634
-0.0149123317723 9305.15381
-0.00264557178907 9308.9325
-0.029442712833 9312.70935
-0.012259702721 9316.4856
-0.00348093791628 9320.26123
-0.0106220946801 9324.03687
0.0173042905069 9327.8125
0.00515340557181 9331.5863
-0.0174423369254 9335.36011
-0.0155696490978 9339.13208
-0.000818459488244 9342.90527
-0.0296644781702 9346.67664
-0.00596215765932 9350.448
-2.12656673884e-05 9354.21814
-0.00727761714696 9357.98889
-0.00190113769038 9361.75842
0.00581704389614 9365.52673
0.0110831700262 9369.29504
-0.0430448136058 9373.06274
0.0141178789473 9376.83044
-0.0034168413977 9380.5957
0.012863642926 9384.36218
0.00847913277617 9388.12744
0.00374809408338 9391.89148
-0.0470018657303 9395.65613
-0.00542363916093 9399.41956
-0.023687348502 9403.18237
-0.0430558476831 9406.94458
-0.047232293353 9410.70557
-0.0272766876895 9414.46655
-0.0108841777162 9418.22693
-0.0586577114205 9421.98669
-0.0371729132811 9425.74646
-0.032873123891 9429.50562
-0.0216860461108 9433.26294
-0.0573549409849 9437.02026
-0.0119480161811 9440.77698
-0.0308946348 9444.53369
-0.0121033661435 9448.28918
-0.0519538903216 9452.04468
-0.0208453366171 9455.79834
0.0207697134124 9459.55261
-0.0434236385793 9463.30627
-0.048570489152 9467.05811
-0.0657681450385 9470.81055
-0.0172729247837 9474.56177
-0.0429553291662 9478.31238
-0.0410290392675 9482.06238
0.00165543903468 9485.81238
-0.050621030828 9489.56116
-0.0368363710368 9493.30933
-0.00667003625862 9497.05811
-0.0674113583261 9500.80505
-0.016296511611 9504.55139
-0.0418770365035 9508.29773
-0.00799316692374 9512.04346
0.0235494492416 9515.78735
-0.018706105958 9519.53186
-0.00772750284627 9523.27515
-0.0548329118777 9527.01843
-0.043701769829 9530.76172
-0.0417682221557 9534.50195
-0.0487594563892 9538.24341
-0.00881205954545 9541.98486
-0.00729089050562 9545.72449
-0.03462840514 9549.4635
0.0114158302123 9553.20251
-0.032793405007 9556.94092
-0.0297982067684 9560.67871
-0.0183795308225 9564.41589
-0.00987652418883 9568.15125
-3.40075948109e-05 9571.88721
-0.0602458772193 9575.62256
-0.0195997638179 9579.3573
-0.0251776400411 9583.09021
-0.0531438594942 9586.82373
-0.00282901017613 9590.55664
-0.0154265426518 9594.28955
-0.0378769877064 9598.02063
-0.00704742112657 9601.7511
0.00838838341044 9605.48157
-0.0802029323768 9609.21143
-0.0351769956126 9612.94128
-0.00424810639986 9616.66809
-0.0239054743109 9620.39612
-0.0519713027479 9624.12415
-0.00704275465567 9627.85095
-0.0154481154671 9631.57715
-0.026662848268 9635.30151
-0.00143582516632 9639.02649
0.00698259040894 9642.75146
-0.0112845564812 9646.47522
-0.0225920103078 9650.19714
-0.0113419860769 9653.92029
-0.0312295481806 9657.6416
-0.0142509217852 9661.36292
0.00281539921489 9665.08423
-0.0257530228587 9668.80371
-0.0257986752772 9672.52319
-0.0243977589268 9676.24207
-3.47795243761e-05 9679.96094
-0.053143931534 9683.67737
-0.027297212941 9687.39441
-0.0229857119559 9691.11084
-0.0315831131356 9694.82666
-0.00290012291493 9698.54248
-0.0329826421841 9702.25586
-0.0243727027451 9705.96985
-0.0272290751167 9709.68323
-0.00862030636277 9713.39661
-0.038706485424 9717.10754
-0.00146792688639 9720.81909
-0.0244532220355 9724.53064
-0.0101153678695 9728.24097
-0.0144893462732 9731.94946
-0.0450645595356 9735.65918
-0.0423776949694 9739.36768
-0.0749666335295 9743.07556
-0.0236721035125 9746.78284
-0.0149024165689 9750.48828
-0.0389559798029 9754.19495
-0.0135923108453 9757.90039
0.00147878223118 9761.60522
-0.0656795616649 9765.30884
-0.019990661342 9769.01245
0.0107648274046 9772.71606
-0.0310908556683 9776.41846
-0.0203263057979 9780.12024
0.0313099540419 9783.82019
-0.0205259729345 9787.52136
-0.00953606764618 9791.22131
-0.0366199368727 9794.92065
-0.0495664176129 9798.61877
-0.0257050368712 9802.31689
-0.00487185234103 9806.0144
0.00481570734869 9809.71191
0.0243524487109 9813.4082
-0.0213080815427 9817.10266
-0.0230812496048 9820.79773
-0.00997695740886 9824.4928
0.0116289850601 9828.18604
-0.0437294874885 9831.87866
-0.0322034519037 9835.57129
-0.0358644954544 9839.26331
-0.0739952362894 9842.95471
-0.0398833063198 9846.64612
-0.0279595059866 9850.33569
0.00522712668881 9854.02527
-0.051368129578 9857.71362
-0.0820258831553 9861.40259
-0.0179689599172 9865.08911
-0.00906529778593 9868.77625
0.0417215069774 9872.46277
-0.0531645405986 9876.14929
0.0184113700724 9879.83459
0.0018179039788 9883.51807
-0.06031911517 9887.20215
-0.0133688900478 9890.88623
-0.0347072796123 9894.56909
0.0349910002092 9898.25012
-0.0197479338897 9901.93115
-0.0159788542013 9905.61279
-0.0080929132375 9909.29321
0.00806523835879 9912.97302
-0.0614278236492 9916.651
0.00200837294613 9920.3302
-0.00212075242578 9924.00818
-0.0291950661577 9927.68494
-0.0209652038127 9931.36047
-0.071519730062 9935.03723
-0.0401589692579 9938.71277
-0.027619362601 9942.3877
-0.0938799042134 9946.0614
-0.07291403633 9949.7345
-0.0474385070069 9953.40759
-0.00654720409911 9957.08008
-0.0218248922398 9960.75195
0.0130782987822 9964.422
-0.0484978599738 9968.09265
-0.0443366669833 9971.7627
-0.0869236462806 9975.43152
-0.0224421476181 9979.10095
-0.09696077019 9982.76733
-0.0340506261352 9986.43494
-0.0434077781798 9990.10193
0.00224133478588 9993.76831
-0.0232118728477 9997.43286
-0.0724758853106 10001.09802
-0.0589840059197 10004.76257
-0.00481583481773 10008.42651
-0.0168881640025 10012.08923
-0.0803298693056 10015.75134
-0.0517284214011 10019.41284
0.0546805349152 10023.07434
-0.0126649823451 10026.73523
0.0586087882058 10030.39429
0.0567510041961 10034.05334
-0.0549879176405 10037.71179
-0.0476638865771 10041.37024
-0.0588423858219 10045.02808
-0.0405037471488 10048.68408
-0.0598676239625 10052.34009
-0.0712537307415 10055.99609
-0.0248560446197 10059.65149
-0.0388538324378 10063.30444
-0.0279204270674 10066.95862
0.00273164620857 10070.61218
-0.0225969717995 10074.26453
-0.00573523283046 10077.91626
-0.00577529173744 10081.56677
0.0315536794303 10085.21729
-0.0610282188028 10088.8678
-0.00300214282111 10092.51709
-0.0771786525258 10096.16577
-7.2788087324e-05 10099.81384
-0.066992313111 10103.4613
-0.0648424831144 10107.10754
-0.0970869703916 10110.75439
-0.152543409903 10114.39941
0.0127981427275 10118.04443
-0.0850181586121 10121.68884
-0.0861737168173 10125.33325
-0.0939874404603 10128.97522
-0.108689008054 10132.6178
-0.078986718969 10136.26038
0.0345469315118 10139.90112
0.0733196394308 10143.54187
0.00344350862826 10147.1814
-0.139114624665 10150.82153
0.0286731197605 10154.46045
0.0253285621677 10158.09937
-0.128627338393 10161.73523
-0.066907168729 10165.3717
-0.135324871594 10169.00879
0.0302865182486 10172.64404
-0.0769807698004 10176.27991
-0.0817552016311 10179.91333
-0.0905174182314 10183.54675
-0.03583129372 10187.18018
0.063999078511 10190.81299
0.0362736414614 10194.44397
-0.118319076643 10198.07495
-0.106855445852 10201.70593
-0.0744997677114 10205.33691
-0.116617931988 10208.96606
-0.108998699849 10212.5946
-0.0296067985601 10216.22253
-0.263623171068 10219.85046
-0.0471759444172 10223.47778
-0.0907785744551 10227.10327
-0.00882253895239 10230.72876
-0.0662087231789 10234.35364
-0.165164074966 10237.97852
-0.126572008603 10241.60278
-0.114510390598 10245.22461
-0.0835808996185 10248.84766
-0.0941122303016 10252.46948
0.0950424498163 10256.09131
0.00470300359169 10259.71069
0.0730312641229 10263.3313
-0.00505333849138 10266.94946
-0.030042160462 10270.56885
-0.0908186674008 10274.18823
-0.0509928876512 10277.80396
-0.0566139165704 10281.4209
0.0413278918022 10285.03784
0.0364900046427 10288.65479
-0.227474135989 10292.26807
0.047873669026 10295.88135
-0.0702108152878 10299.49707
-0.15816956678 10303.10913
0.0163819697675 10306.72241
-0.100380054849 10310.33325
-0.0958885505993 10313.94531
0.00555677308321 10317.55493
-0.0923464407191 10321.16577
-0.110898682865 10324.77417
0.0234263663893 10328.38257
-0.0955117441374 10331.99097
-0.144786819846 10335.59937
-0.061050034136 10339.20654
0.0183142935302 10342.81128
-0.0686152924633 10346.41724
0.0627620492996 10350.02197
-0.0447253152332 10353.62671
-0.17423222681 10357.229
-0.0523619967924 10360.83252
-0.119147355168 10364.43481
-0.134073275114 10368.03711
-0.135759040715 10371.6394
-0.137383892181 10375.23804
-0.11114171412 10378.83789
0.0768220444609 10382.43774
-0.296866208678 10386.03638
-0.142281360425 10389.63257
-0.200015912199 10393.2312
-0.0359202505651 10396.82861
