0.0 1883.01102
0.0 1887.64923
-0.0 1892.28699
-0.0 1896.92459
-0.0 1901.56158
-0.0 1906.19812
-0.0 1910.83435
-0.0 1915.47043
-0.0 1920.1059
-0.0 1924.74091
0.0 1929.37561
0.0 1934.01001
0.0 1938.6441
0.0 1943.27759
-0.0 1947.91077
-0.0 1952.54349
0.0 1957.17575
0.0 1961.80786
-0.0 1966.43951
0.0 1971.07071
-0.0 1975.70145
-0.0 1980.33203
-0.0 1984.96216
-0.0 1989.59167
0.0 1994.22089
-0.0 1998.84979
-0.0 2003.47855
-0.0 2008.10654
-0.0 2012.73422
0.0 2017.3616
-0.0 2021.98853
-0.0 2026.61514
-0.0 2031.2413
0.0 2035.867
-0.0 2040.4924
-0.0 2045.11734
-0.0 2049.74197
-0.0 2054.36615
-0.0 2058.99002
0.0 2063.61343
0.0 2068.23654
0.0 2072.85919
-0.0 2077.48123
-0.0 2082.10327
-0.0 2086.72485
-0.0 2091.34583
-0.0 2095.96649
-0.0 2100.5867
-0.0 2105.20676
-0.0 2109.82635
-0.0 2114.44534
0.0 2119.06403
-0.0 2123.6824
-0.0 2128.30048
-0.0 2132.91779
-0.0 2137.53494
0.0 2142.15179
-0.0 2146.76819
-0.0 2151.38412
-0.0 2155.9996
0.0 2160.61493
-0.0 2165.22949
-0.0 2169.84406
-0.0 2174.45801
-0.0 2179.07166
-0.0 2183.68484
-0.0 2188.29773
-0.0 2192.91031
-0.0 2197.52228
-0.0 2202.13379
-0.0 2206.745
-0.0 2211.35574
0.0 2215.96634
-0.0 2220.57648
-0.0 2225.186
-0.0 2229.79553
-0.0 2234.4043
-0.0 2239.01276
-0.0 2243.62076
-0.0 2248.22845
-0.0 2252.83569
0.0 2257.44278
-0.0 2262.0491
-0.0 2266.65512
-0.0 2271.26114
-0.0 2275.86639
-0.0 2280.47119
-0.0 2285.07568
-0.0 2289.67972
-0.0 2294.28345
0.0 2298.88687
-0.0 2303.48984
-0.0 2308.09219
-0.0 2312.6944
-0.0 2317.29614
-0.0 2321.89758
-0.0 2326.49841
-0.0 2331.09894
-0.0 2335.69901
-0.0 2340.29892
-0.0 2344.89822
-0.0 2349.49707
-0.0 2354.09561
-0.0 2358.69385
-0.0 2363.29163
-0.0 2367.88895
-0.0 2372.48581
-0.0 2377.08237
-0.0 2381.67847
0.0 2386.27441
-0.0 2390.8696
-0.0 2395.46463
-0.0 2400.0592
-0.0 2404.65332
-0.0 2409.24698
-0.0 2413.84033
-0.0 2418.43338
-0.0 2423.02597
-0.0 2427.6181
0.0 2432.20993
0.0 2436.80115
0.0 2441.39221
-0.0 2445.98282
-0.0 2450.57297
-0.0 2455.16266
-0.0 2459.75189
-0.0 2464.34082
-0.0 2468.92944
-0.0 2473.51761
-0.0 2478.10516
-0.0 2482.69272
-0.0 2487.27951
-0.0 2491.866
0.0 2496.45218
0.0 2501.0379
-0.0 2505.62317
-0.0 2510.20813
-0.0 2514.79279
-0.0 2519.37668
-0.0 2523.96057
-0.0 2528.54385
-0.0 2533.12683
-0.0 2537.7092
0.0 2542.29126
-0.0 2546.87302
-0.0 2551.45432
-0.0 2556.035
-0.0 2560.61584
0.0 2565.19592
-0.0 2569.7757
-0.0 2574.35455
0.0 2578.93372
-0.0 2583.51196
-0.0 2588.0899
0.0 2592.66754
-0.0 2597.24487
-0.0 2601.8219
-0.0 2606.39832
-0.0 2610.97443
-0.0 2615.54993
-0.0 2620.12512
-0.0 2624.69971
-0.0 2629.27429
-0.0 2633.84827
-0.0 2638.42194
-0.0 2642.9953
0.0 2647.56805
-0.0 2652.1405
-0.0 2656.71234
-0.0 2661.28387
0.0 2665.8551
0.0 2670.42572
-0.0 2674.99573
-0.0 2679.56604
0.0 2684.13574
-0.0 2688.70483
-0.0 2693.27362
0.0 2697.8418
0.0 2702.40936
0.0 2706.97693
-0.0 2711.54419
-0.0 2716.11053
-0.0 2720.67688
-0.0 2725.24292
-0.0 2729.80835
0.0 2734.37347
-0.0 2738.93799
-0.0 2743.5025
-0.0 2748.0661
-0.0 2752.62939
-0.0 2757.19238
-0.0 2761.75507
0.0 2766.31714
-0.0 2770.87891
-0.0 2775.44067
-0.0 2780.00122
-0.0 2784.56177
-0.0 2789.12201
0.0 2793.68164
0.0 2798.24097
-0.0 2802.79968
-0.0 2807.3584
-0.0 2811.9162
-0.0 2816.474
-0.0 2821.03149
-0.0 2825.58838
-0.0 2830.14465
-0.0 2834.70062
-0.0 2839.25629
-0.0 2843.81134
-0.0 2848.36639
-0.0 2852.92053
-0.0 2857.47467
-0.0 2862.0282
-0.0 2866.58142
-0.0 2871.13434
-0.0 2875.68634
-0.0 2880.23804
-0.0 2884.78973
-0.0 2889.34113
-0.0 2893.8913
-0.0 2898.44208
-0.0 2902.99164
-0.0 2907.54089
0.0 2912.08984
-0.0 2916.63879
0.0 2921.18683
0.0 2925.73456
-0.0 2930.28198
-0.0 2934.82849
-0.0 2939.37561
-0.0 2943.92151
-0.0 2948.46741
-0.0 2953.01239
-0.0 2957.55737
-0.0 2962.10175
-0.0 2966.64581
-0.0 2971.18958
0.0 2975.73242
-0.0 2980.27557
-0.0 2984.81812
-0.0 2989.35974
-0.0 2993.90137
-0.0 2998.44238
-0.00360778949364 3002.9834
-0.00202342831422 3007.5235
-0.00586400333975 3012.0636
0.000689027188982 3016.60278
-0.00153995692176 3021.14197
0.0029799937313 3025.68054
0.000431486492033 3030.21881
-0.0121508416868 3034.75677
-0.00281673729838 3039.29413
0.00404004269643 3043.83118
-0.014030499157 3048.36761
-0.000756139064438 3052.90375
-0.00105510347121 3057.43958
0.00403031454303 3061.9751
-0.00575080580124 3066.5097
-0.00564912897012 3071.04431
-0.00978557163852 3075.578
-0.00540060809295 3080.11169
0.000944660790342 3084.64508
-0.000132827623158 3089.17755
-0.00918980407156 3093.71063
0.0019074415314 3098.24219
-0.00591666216658 3102.77374
0.00162454409083 3107.30499
-0.00012566142552 3111.83563
-0.00112725908336 3116.36597
-0.00565999178984 3120.89569
-0.000127115285743 3125.42511
-0.00799462345656 3129.95422
-0.00749834907274 3134.48273
0.00240776551987 3139.01093
-0.00769983953624 3143.53882
-0.00988594528718 3148.0658
-0.0050672478422 3152.59308
0.00498710665553 3157.11975
-0.00754696334154 3161.64581
-0.00694454769383 3166.17126
0.000345964880761 3170.69672
-0.00534528496643 3175.22156
-0.00369655034885 3179.74579
-0.00409142045977 3184.27002
-0.00470545892888 3188.79333
-0.00423367976173 3193.31665
0.00398937126697 3197.83936
0.00483382638048 3202.36176
-0.0043998126018 3206.88354
0.00160590779788 3211.40503
0.000534552953004 3215.92651
0.0041704939055 3220.44647
-0.00139092131824 3224.96704
-0.00395472197625 3229.48639
-0.00864881101716 3234.00604
0.00266045818359 3238.52509
-0.00350678557741 3243.04352
-0.00561503353567 3247.56165
-0.00495917762077 3252.07916
-0.000735167123677 3256.59668
0.00114626723924 3261.11328
-0.00673336822266 3265.62988
0.000101964298317 3270.14557
-0.00132150592622 3274.66156
-0.00452357750943 3279.17664
0.00188459304957 3283.6911
-0.000882265157842 3288.20557
-0.00396325265982 3292.71942
-0.00200082688733 3297.23297
-9.44163888455e-05 3301.74561
-0.00453050427387 3306.25854
0.00154561077741 3310.77026
-0.0011647296951 3315.28229
0.000968690089446 3319.7937
-0.00720628614094 3324.3045
-0.00624004051449 3328.815
-0.00530511543234 3333.32489
-0.00190926400683 3337.83478
-0.00581927017453 3342.34406
-0.00412965334184 3346.85303
-0.00248269209244 3351.36078
-0.00658411867529 3355.86914
-0.00526491334791 3360.37659
-0.00428295890673 3364.88342
-0.00192912056493 3369.39026
-0.00680789127153 3373.89648
-0.0056805385351 3378.4024
-0.00457189212062 3382.90771
-0.000519026483693 3387.41272
-0.00227128059568 3391.91681
-0.00224464856428 3396.4212
0.000929125807938 3400.92468
-0.00431488603457 3405.42816
-0.000909046379686 3409.93103
-0.00186728996896 3414.43329
-0.00513469505253 3418.93555
-0.00182928485312 3423.43689
-0.00167723035083 3427.93793
-0.0057830536334 3432.43866
-0.00427768600659 3436.93878
-0.00110738785739 3441.4389
-0.00212755312157 3445.93842
-0.000829313205281 3450.43732
-0.00119874936118 3454.93591
-0.00268292808349 3459.43359
-0.00314657326466 3463.93158
-6.13556677134e-05 3468.42896
-0.00440602417514 3472.92542
-0.000537469279104 3477.42218
-0.00206876122382 3481.91803
-0.00204928391592 3486.41357
-0.00365687529779 3490.90881
-0.00339596653616 3495.40314
-0.0015413195604 3499.89777
-0.00402258932894 3504.39148
-0.0030909863669 3508.88489
0.00016674045051 3513.37799
-0.000166006077957 3517.87048
0.000382544845346 3522.36267
-0.00200485377008 3526.85425
-0.000161069482418 3531.34552
0.000899953156738 3535.83649
-0.00141400420093 3540.32684
-0.000258911585315 3544.81659
0.00188929615472 3549.30634
-0.00399210825208 3553.79517
-0.00294691301971 3558.2843
-0.00222302529754 3562.77222
-4.91751474945e-05 3567.26013
-0.00431156797514 3571.74774
-0.00119948316719 3576.23444
-0.00137922923229 3580.72113
-0.000707322370016 3585.20721
-0.0023845178584 3589.69299
-0.00088051048201 3594.17786
0.000963461987674 3598.66302
-0.00177463158288 3603.14697
0.00130547936307 3607.63123
-0.000847718832009 3612.11456
0.00251413166433 3616.5976
0.00126610576027 3621.08032
-0.00211939178747 3625.56244
-0.0034678169893 3630.04456
0.000465276250579 3634.52576
-0.00188625784111 3639.00696
-0.000456435693206 3643.48663
-0.00135540210538 3647.96722
0.000446808505658 3652.4469
-0.000121022786843 3656.92596
0.000996282374128 3661.40472
-0.00130417577985 3665.88287
-0.00121386126008 3670.36102
-0.000892446844632 3674.83826
-0.000499989627245 3679.31549
-0.000876767695796 3683.79181
-0.0017008256314 3688.26843
-0.000337346993847 3692.74384
0.000705294437336 3697.21924
-0.000479144364999 3701.69403
-0.00230337352405 3706.16821
0.00112274569765 3710.6427
0.0032675264544 3715.11566
-0.00146262508493 3719.58923
-0.000318536116267 3724.06158
-0.000456305426408 3728.53424
-0.00024380090598 3733.00568
-0.000448946249856 3737.47711
-3.44493755016e-05 3741.94794
-0.000781316718844 3746.41846
-0.00266254192282 3750.88898
0.000634060702816 3755.35828
-0.000761762371029 3759.82758
-0.000886378220645 3764.29596
-0.000488021221547 3768.76465
-0.00106370463571 3773.23242
-0.000478997636836 3777.69989
-0.00199325517272 3782.16675
-0.000783411081393 3786.6333
-0.000652079357628 3791.09985
-0.000215554643272 3795.56519
-0.00125156529662 3800.03052
-0.000212101721108 3804.49524
-0.000451039580949 3808.95996
-0.000448020650472 3813.42377
-0.00187035467167 3817.88727
-0.000560674343167 3822.35046
-0.000146853537682 3826.81274
0.00230295913051 3831.27533
-0.000609939197987 3835.73669
-0.000838128490589 3840.19836
-0.000488958349554 3844.65912
2.84314313883e-05 3849.11957
-0.00116850761939 3853.57971
-0.00059593562912 3858.03925
-0.000480552213154 3862.49847
-0.000309884598354 3866.95679
-0.00064576588102 3871.41541
-0.000419990689787 3875.87311
-0.00131275416826 3880.33051
-0.000529457152418 3884.78729
-0.00075085543561 3889.24408
-0.000416391230885 3893.69995
0.000249053461042 3898.15552
0.000303928345106 3902.61078
-0.00190634632519 3907.06543
-0.00140671879259 3911.52008
-0.000523272468386 3915.97351
-0.000962676497428 3920.42725
-0.000631825828403 3924.87976
-0.000960408647573 3929.33289
-0.00101420728061 3933.78479
-0.00112271416478 3938.23639
-0.000629131687888 3942.68768
-0.00079244608885 3947.13837
-0.0016108485938 3951.58905
0.00100775727987 3956.03851
0.000135913433318 3960.48798
-0.000625502074702 3964.93683
0.000461128705233 3969.38568
-0.00154545112565 3973.83392
-0.000676412985424 3978.28156
-0.000243075100115 3982.72888
-0.00218319013572 3987.1756
-0.000403238681908 3991.62201
-0.000938730751812 3996.06781
-0.0009366501367 4000.51361
0.000240016464081 4004.95819
0.000559075221087 4009.40308
-0.00130358155909 4013.84705
-0.000185959398176 4018.29102
7.93157178476e-05 4022.73438
-0.00119115264193 4027.17682
-0.000660680919049 4031.61926
-0.000765272908771 4036.0611
0.000552809110143 4040.50293
-0.000868468661926 4044.94385
2.610516091e-05 4049.38446
-0.000498856703083 4053.82477
-0.00175786857847 4058.26447
-0.00186130605134 4062.70386
0.0013863259417 4067.14233
-0.000497283672329 4071.58081
-0.000497021060818 4076.01868
7.8228199579e-05 4080.45624
-0.000183018838429 4084.89319
-0.000130709544835 4089.33014
-0.000913756970486 4093.76617
-0.000287046735313 4098.2019
-0.00143423823647 4102.63702
0.000598573565543 4107.07184
-0.00013025000833 4111.50635
0.000649402919647 4115.94025
-0.000857160199079 4120.37384
-0.00288158587726 4124.80682
-0.000854896071201 4129.23981
-0.000388001036764 4133.67126
-0.00033570226298 4138.10333
-0.000592748373873 4142.53479
-0.00172362407306 4146.96533
-0.000692841633121 4151.39587
0.000127760205507 4155.82581
0.00068868721361 4160.25543
-0.000993146263289 4164.68414
0.000583383821664 4169.11285
-0.000987330449028 4173.54065
-0.000126282871938 4177.96875
0.000125547122432 4182.39594
0.000576111023085 4186.82281
0.00012473562034 4191.24908
-0.00112119814674 4195.67505
-0.00186333598535 4200.10071
-0.00126303164429 4204.52545
-0.00160546167325 4208.9502
-0.000960620153095 4213.37372
-2.47167187671e-05 4217.79785
-0.00120189584535 4222.22107
-0.000954957780278 4226.64368
-0.000611298675332 4231.06628
-0.000122232950199 4235.48798
-0.00109849755579 4239.90967
-0.000268414154582 4244.33044
-0.000219580998711 4248.75092
-0.00217180694824 4253.17078
0.000365509857175 4257.59064
-0.000756470329969 4262.00989
-0.000756828429464 4266.42853
-0.0010993712012 4270.84686
-0.000171191994833 4275.26459
-0.000758350657673 4279.68201
-0.00134662642405 4284.09912
-0.000220512468378 4288.51563
0.000318198115027 4292.93121
-0.00149535624314 4297.34711
-0.00134794756575 4301.76239
-0.00134716818076 4306.17706
-0.00114999822198 4310.59113
-0.00188190212772 4315.00488
-0.000756025948056 4319.41833
-0.000511067230685 4323.83087
-0.00118984045211 4328.24341
0.000169274372834 4332.65533
0.000892764590395 4337.06726
-0.00156631753704 4341.47827
-0.00223573460195 4345.88867
-0.002277947258 4350.29877
-0.001267141678 4354.70825
-0.00217103278451 4359.11804
-0.00221334701504 4363.52661
-0.00182774347943 4367.93518
-0.000875747857942 4372.34283
-7.0931201378e-05 4376.75049
-0.000447251937933 4381.15723
-0.00105620742454 4385.56396
6.99961116749e-05 4389.9704
0.00169976233127 4394.37561
-0.00169673803112 4398.78113
-0.00020842846221 4403.18573
-0.00136138374181 4407.59033
-0.00167871593517 4411.99341
-0.000572761282686 4416.39709
-0.000936392534923 4420.79956
-0.000888069168946 4425.20264
-0.000613119930155 4429.6051
-0.000747548377056 4434.00604
-0.000384251131448 4438.40759
-0.000428575604298 4442.80762
0.000652200952242 4447.20825
-0.000471897562119 4451.60767
-0.00172769469507 4456.00739
-0.00114180936561 4460.40558
-0.000201101657036 4464.80438
-0.00158295462214 4469.20258
-0.000422450218319 4473.59955
-0.000554408031705 4477.99713
-0.000729850477551 4482.39319
-0.00138978790427 4486.78955
-0.000549818492565 4491.185
-0.000241290291891 4495.58014
-0.000634296523546 4499.97498
0.000675558969338 4504.36951
-0.00202483496658 4508.76343
-0.000803281154565 4513.15674
-0.000844825966095 4517.54974
-0.00023781414848 4521.94183
-0.000496189108727 4526.33392
-0.0013570119656 4530.7251
-0.000967556750341 4535.11688
0.00066479858957 4539.50684
-0.000621769708817 4543.8974
0.000320905441372 4548.28735
-0.00156261511178 4552.67639
-0.000235261130986 4557.06543
-0.000619793126307 4561.45325
-0.000363176200474 4565.84137
-2.14776333855e-05 4570.22858
-0.000448200860757 4574.61578
-0.00113058593004 4579.00208
-0.000490079365409 4583.38867
0.000446396219448 4587.77405
0.000530459298835 4592.15912
0.000105756919793 4596.54388
-0.000866317752814 4600.92773
-0.00136887046512 4605.31189
-0.000901679380754 4609.69513
0.000437809300725 4614.07806
0.000269588166202 4618.46008
-0.00092901979092 4622.84241
-0.000800142944422 4627.22351
-0.000794832940241 4631.60461
-0.00058681259732 4635.98541
-0.000502062001208 4640.3653
-0.00141495075709 4644.74518
-0.000572902116641 4649.12384
-0.000959594698198 4653.50281
-0.000213449442487 4657.88086
-0.00055727350711 4662.25891
-0.00100863275991 4666.63605
-0.000583949382544 4671.01318
0.000838059208605 4675.39001
-0.000645838076228 4679.76563
-0.00173559825825 4684.14124
-0.00178968774531 4688.51593
-0.00144843751051 4692.89063
-0.000654252368587 4697.2644
-0.001102022776 4701.63849
-0.000570681142185 4706.01135
-0.00087202566568 4710.38422
-0.00120006576331 4714.75677
-0.000217061889157 4719.12811
-0.000808187658087 4723.50006
-0.000407141644514 4727.87048
-0.00110973923241 4732.24121
-0.000142871181402 4736.61072
-0.000172311559858 4740.98053
0.000231564784298 4745.34943
0.000319894032416 4749.71802
0.000255500402667 4754.0863
-0.000549290601009 4758.45367
-0.000571290844813 4762.82104
-0.00117121811596 4767.1875
0.00012819212939 4771.55426
-0.000492622376772 4775.91949
0.000374632883739 4780.28503
-4.11914394341e-05 4784.64966
-0.000500638091565 4789.01428
-9.35369531599e-05 4793.3786
-0.000224190540581 4797.7417
-0.000143284690426 4802.1051
-0.00104259037019 4806.46698
0.000139701176038 4810.82947
-0.000389745991149 4815.19073
-0.00108252049065 4819.552
-0.000135426983605 4823.91266
-0.000231612080216 4828.27301
-0.000181184041178 4832.63306
-0.000490962837185 4836.99188
0.000177951260848 4841.35101
-0.000223920819554 4845.70923
-0.000479698496823 4850.06744
3.47605725336e-05 4854.42413
-0.000196197529819 4858.78174
1.13886396009e-05 4863.13782
-0.000125379556627 4867.4939
-0.000441830853289 4871.84998
-0.000168962801399 4876.20453
1.11252584009e-05 4880.55939
-0.000144872898865 4884.91333
-0.000343716088546 4889.26727
-3.31599049038e-05 4893.6203
-7.69396500292e-05 4897.97302
-7.66182255931e-05 4902.32513
-0.000795776671867 4906.67755
0.000140974902954 4911.02905
-0.000248812553101 4915.37964
-0.000204842657249 4919.73022
-0.000763176717028 4924.0799
-0.000353478806725 4928.42957
-0.000331027239388 4932.77832
-0.000138413670936 4937.12738
0.000328723859902 4941.47491
0.000116296047919 4945.82275
-0.000327250426686 4950.17029
-0.000347448747776 4954.5166
3.14213591842e-05 4958.86292
-0.000115259259104 4963.20831
5.21629387266e-05 4967.55402
0.000447923438399 4971.8985
-0.000655760420486 4976.24298
-0.000508948336263 4980.58655
-0.000736200999474 4984.93042
-0.000279377398941 4989.27368
-0.00065097047317 4993.61572
-1.03746354914e-05 4997.95807
-0.000257509927121 5002.29919
0.000339125558072 5006.64063
-0.000256886103723 5010.98083
-0.00019502357782 5015.32104
-3.08098482757e-05 5019.66064
-0.000460930061174 5023.99994
-0.000317120592765 5028.33893
-0.000337123024814 5032.677
-0.000153004881798 5037.01477
-0.000539708199643 5041.35193
-0.000172747112494 5045.68909
-0.000456314504141 5050.02502
-0.000738761083913 5054.36127
-3.03312169091e-05 5058.69629
0.000150922762243 5063.03162
9.03607098997e-05 5067.36603
0.000230615806922 5071.69983
-0.000250610669669 5076.03363
-0.000691256681366 5080.36621
-5.008638062e-05 5084.6994
-0.000610494448024 5089.03107
-0.000650461415921 5093.36304
8.99194757155e-05 5097.69379
-0.000230107056059 5102.02484
-0.000430251289289 5106.35529
-0.000210104436434 5110.68481
0.000129905510548 5115.01434
4.99203086727e-05 5119.34265
4.99067356572e-05 5123.67126
-8.99883426634e-05 5127.99927
-0.00100970293716 5132.32605
-0.000189712311346 5136.65344
-0.000389133290324 5140.97961
0.000428167022912 5145.30579
0.0005669441533 5149.63135
-0.000387977491822 5153.95691
-0.000268260878987 5158.28064
-0.000327461027071 5162.60498
-0.000227922833357 5166.92871
-0.000762318206625 5171.25183
-0.000365714768457 5175.57373
-0.000483794248622 5179.89624
-0.000483305797616 5184.21753
-0.000305492536797 5188.53943
-0.000561539155697 5192.86072
9.78088054151e-06 5197.18018
-0.000798167170288 5201.50024
-0.000423797354717 5205.81909
-0.00036495343334 5210.13855
-0.00054317332946 5214.45679
-0.000168089675927 5218.77502
-0.000247553321412 5223.09204
-0.000664708772499 5227.40906
-6.95774697342e-05 5231.72546
-0.000746715677368 5236.04187
-0.000209385023072 5240.35767
-0.000329652054583 5244.67224
-0.000150135263046 5248.98682
-0.000451310913305 5253.30078
-0.000311505457674 5257.61475
-0.000654662960603 5261.92749
-0.000393520788435 5266.24023
-0.00017187522378 5270.55237
-0.000374801276079 5274.86389
-0.000680066215361 5279.17542
-9.14984571368e-05 5283.48572
-0.000173031871739 5287.79663
-5.09930866893e-05 5292.10571
-0.000683651061215 5296.41541
-0.000602502051976 5300.72388
-0.000439384565552 5305.03235
-0.000378315669354 5309.34082
-0.000460434444938 5313.64746
-0.000255937974196 5317.95532
9.20794001885e-05 5322.26135
3.06748186829e-05 5326.56738
-0.000236001958875 5330.8728
-0.000195143840254 5335.17822
-0.000298153921308 5339.48242
0.000359858064535 5343.78662
0.000133811716315 5348.09082
0.000133981522877 5352.39319
-0.000568346482848 5356.69617
0.000196367147361 5360.99792
0.000341543399322 5365.29968
0.000196936672904 5369.60083
0.000176470652722 5373.90137
0.00036389280478 5378.2019
0.000364476465603 5382.50183
-0.000511707995256 5386.80115
0.000323879467517 5391.09985
-0.00103768150447 5395.39795
-0.000115425931811 5399.69543
7.34350302301e-05 5403.99292
-0.00032612575779 5408.28979
-7.37589126324e-05 5412.58606
-0.000537760656416 5416.88171
-1.06134164118e-05 5421.17737
-0.000580919528165 5425.47302
0.000179462164542 5429.76685
-5.2919803911e-05 5434.06128
-0.000201083385598 5438.35388
0.000264516026531 5442.64771
-0.000159024778045 5446.9397
-0.000137964096778 5451.2323
-0.000903387868044 5455.52307
-0.000457389263252 5459.81506
-0.000244948694628 5464.10583
-0.000245287365205 5468.39539
-0.000117501274308 5472.68555
-0.000802475522631 5476.97449
-0.000675007107708 5481.26282
-0.00101967725304 5485.55054
-0.000504967099351 5489.83887
5.36880113855e-05 5494.12598
-5.3899052697e-05 5498.41309
-0.000636378300894 5502.69958
-0.000701892975014 5506.98486
0.000205102772296 5511.27075
-0.000118999019215 5515.55481
-0.000530514068573 5519.83948
-0.00011919585592 5524.12292
0.000249110132546 5528.40698
-0.000466565730375 5532.6886
-0.000184557493356 5536.97205
-5.43504561849e-05 5541.25366
-0.000249898221478 5545.53467
5.42362456524e-05 5549.81628
-0.000576057078698 5554.09607
-0.000358553008061 5558.37646
-0.00053223357616 5562.65564
-0.000227930953664 5566.93481
-0.000466380210378 5571.21338
9.73851463505e-05 5575.49133
1.07496965204e-05 5579.76929
0.000161995318344 5584.04602
3.2312142544e-05 5588.32275
-7.55525497733e-05 5592.59888
-9.70325797398e-05 5596.87439
1.0697068513e-05 5601.14929
0.000591384012998 5605.42419
-0.000247569713073 5609.69788
-0.00100183455015 5613.97156
0.000591873318849 5618.24524
0.000527980437274 5622.5177
0.000442595061494 5626.79016
-0.00016249673053 5631.0614
-0.000510676279162 5635.33264
-0.000905256471896 5639.60327
1.08702865701e-05 5643.87329
9.87993464008e-05 5648.14331
0.000386084655697 5652.41272
-0.000543734138091 5656.68213
0.000144762904261 5660.94971
0.000481105931448 5665.2179
5.6158583339e-05 5669.48425
-7.91493491191e-05 5673.75183
-0.000351831506171 5678.01819
0.000307333428416 5682.28394
0.000262799941746 5686.54846
5.72941012939e-05 5690.81421
0.000103550753225 5695.07874
-0.000312151425244 5699.34265
-0.000127635084799 5703.60596
0.000685965146734 5707.86865
-0.000245298528705 5712.13074
-0.000222698674806 5716.39282
8.22027610657e-05 5720.6543
0.00090739773967 5724.91516
3.54286280029e-05 5729.17603
-0.000297038211787 5733.43567
0.000202456043531 5737.69531
0.00137324195931 5741.95435
0.000395673094355 5746.21277
0.000733694390096 5750.47119
0.00018104256221 5754.72839
0.000811103786455 5758.9856
0.00027939821079 5763.24158
0.000304631554039 5767.49817
0.000354431921975 5771.75293
0.00104144039862 5776.0083
0.000405665950274 5780.26306
0.000456144833148 5784.51721
8.6516221803e-05 5788.77136
0.0016233256532 5793.02429
0.00103228962371 5797.27661
0.00108564291538 5801.52832
0.000338275779361 5805.78064
0.000967934005598 5810.03113
0.00150101484549 5814.28223
0.000722186928604 5818.53271
0.00110624315275 5822.78198
0.000880811044894 5827.03125
0.00142144684155 5831.2793
0.00188800877006 5835.52795
0.00235655492483 5839.77539
0.00143417831568 5844.02283
0.00203222335756 5848.26965
0.00216566674519 5852.51587
0.00185798554532 5856.76208
0.00279558668412 5861.00647
0.00194132463372 5865.25208
0.00230859409138 5869.49524
0.00181621646964 5873.73962
0.0021848683916 5877.98218
0.00260728176381 5882.22534
0.00295304288868 5886.46729
0.00204027711696 5890.70984
0.00288791205537 5894.95117
0.00284268112568 5899.19128
0.00253283013638 5903.43201
0.00423648062872 5907.67151
0.00244022678023 5911.91101
0.00439215295849 5916.1499
0.00466966254524 5920.38818
0.00508104713989 5924.62524
0.00527888741172 5928.86292
0.00467186403338 5933.10059
0.00588860009345 5937.33582
0.00560250174182 5941.57227
0.00496479246987 5945.8075
0.00564772605582 5950.04272
0.00652188663011 5954.27673
0.00702098263094 5958.51074
0.00752319442807 5962.74353
0.00713388397199 5966.97632
0.00845774408135 5971.20911
0.00875451333565 5975.44067
0.00919164009069 5979.67224
0.00914027012644 5983.9032
0.0106286238308 5988.13354
0.0104194340301 5992.36328
0.010402517306 5996.59241
0.0113004250757 6000.82153
0.0116736980916 6005.05005
0.0114604596956 6009.27795
0.0132281239904 6013.50525
0.0133180943201 6017.73254
0.0135714037384 6021.95862
0.0147469169373 6026.18408
0.0151604065809 6030.40955
0.0161314404824 6034.6344
0.0160304204381 6038.85925
0.0169660153012 6043.0835
0.017336792976 6047.30652
0.0197826837864 6051.52893
0.0200104512756 6055.75195
0.0208546439031 6059.97375
0.0221465864039 6064.19495
0.0240245549876 6068.41553
0.0241415578956 6072.63672
0.0252071877655 6076.85608
0.0266045344416 6081.07605
0.02743977313 6085.2948
0.0302430811316 6089.51294
0.0310638645572 6093.73108
0.0323205426973 6097.948
0.0349779873331 6102.16553
0.0372645124499 6106.38123
0.0375930195408 6110.59753
0.0404507273211 6114.81262
0.0420239229732 6119.02832
0.0444303370038 6123.24219
0.0466642167889 6127.45605
0.0498234063543 6131.66931
0.0521975085591 6135.88196
0.0545277825784 6140.0946
0.0596795143194 6144.30664
0.0621529734864 6148.51807
0.0672925280707 6152.72827
0.0699126636688 6156.93909
0.0728184078837 6161.14929
0.0786469660628 6165.35889
0.0838026599152 6169.56787
0.0861788295953 6173.77563
0.0912295952674 6177.9834
0.0956135634128 6182.19055
0.1029086466 6186.39832
0.107427430904 6190.60364
0.116094210972 6194.81018
0.122520984394 6199.01611
0.128689340001 6203.22083
0.136284680081 6207.42493
0.138826793897 6211.62842
0.148788479605 6215.83191
0.156936358074 6220.03418
0.16549288067 6224.23706
0.172084623352 6228.43872
0.183733873882 6232.64038
0.190766168344 6236.84143
0.20064931305 6241.04126
0.211771404176 6245.2417
0.222119225473 6249.44031
0.230368308005 6253.64014
0.238730823899 6257.83752
0.245532607188 6262.03552
0.259020399462 6266.2323
0.271526399407 6270.42969
0.282316049746 6274.62585
0.292077230669 6278.82141
0.305269604676 6283.01697
0.312922020735 6287.2113
0.328638229656 6291.40625
0.336866081607 6295.59998
0.34451360569 6299.79309
0.348914673087 6303.9856
0.356357036245 6308.1781
0.352502651605 6312.37
0.357792694909 6316.56067
0.353073049207 6320.75195
0.350367680152 6324.94202
0.342062112505 6329.13208
0.33399616725 6333.32092
0.323203969433 6337.50977
0.309031244116 6341.69739
0.28969308111 6345.88562
0.273296343896 6350.07263
0.254554776935 6354.25964
0.241154991005 6358.44543
0.220998690315 6362.63123
0.201970820923 6366.81641
0.185500693418 6371.00037
0.167922622921 6375.18494
0.153092362407 6379.36829
0.136505628468 6383.55164
0.126858374779 6387.73438
0.110541755833 6391.9165
0.101489293112 6396.09863
0.0910585756274 6400.27893
0.0834377413061 6404.45984
0.0771423090866 6408.63953
0.0680330228133 6412.81921
0.0593687568354 6416.99829
0.0565316188262 6421.17676
0.0524537885238 6425.35461
0.046705275014 6429.53247
0.0440055305105 6433.70972
0.0402711959797 6437.88635
0.0359008916475 6442.06177
0.0324426349336 6446.23718
0.0294529118789 6450.4126
0.0288215974243 6454.58618
0.025216264685 6458.76099
0.0244896896226 6462.93396
0.0238746948755 6467.10693
0.0213751417157 6471.27991
0.0193627077592 6475.45166
0.016063184149 6479.62341
0.0165889928361 6483.79333
0.0137244216329 6487.96448
0.012918698058 6492.13379
0.0113412728823 6496.3031
0.0107201159944 6500.4718
0.00960877941857 6504.63989
0.00962577761037 6508.80859
0.00651247060235 6512.97546
0.0070122861308 6517.14233
0.00653400970322 6521.30859
0.00527641571608 6525.47485
0.00467043864998 6529.63928
0.00480302842673 6533.80432
0.00506044671389 6537.96814
0.00354254341667 6542.13196
0.00524944062142 6546.29578
0.00343500881889 6550.45837
0.00235964307969 6554.62036
0.00345262447387 6558.78174
0.00253967079347 6562.94312
0.000610783359658 6567.10327
0.00141456311119 6571.26404
0.00272953307989 6575.42358
0.00273740335602 6579.58252
0.00291562960051 6583.74084
0.00121775455632 6587.89917
0.00147866557639 6592.05688
0.00169829300113 6596.21338
0.00114333003967 6600.37048
0.00149306759518 6604.52637
0.0017146586011 6608.68164
0.00224182048653 6612.83691
0.00111377371686 6616.99158
0.000197063948965 6621.14502
0.000373314905636 6625.29846
0.00253010815857 6629.45129
0.00116968866926 6633.60413
-0.000465202947055 6637.75635
-0.00113291007272 6641.90674
0.00149026493349 6646.05835
-0.000513761866768 6650.20813
0.00158883855107 6654.35791
0.000112218620712 6658.50769
0.000563626488331 6662.65625
0.000792197432839 6666.8042
0.000204519505282 6670.95215
6.83845076723e-05 6675.09949
-0.000344441908798 6679.24622
-2.3203382312e-05 6683.39233
-0.000764881445821 6687.53784
0.00053500332811 6691.68335
-0.000584748196102 6695.82825
-0.00138626569023 6699.97192
-0.000825603535652 6704.1156
-0.000402586792455 6708.25867
0.000498653820946 6712.40173
-0.00126462573413 6716.54358
0.000406589323425 6720.68481
0.000696096683849 6724.82605
-0.00195412290582 6728.96667
0.000217541612373 6733.10669
-0.000461590252684 6737.24609
-0.00148792238764 6741.38489
0.000904841760351 6745.52307
-0.00056530806796 6749.66064
-0.00170326679999 6753.79822
-7.44558821332e-05 6757.93579
0.000173903213134 6762.07153
-0.000424743430371 6766.20789
-0.000175701150882 6770.34241
0.000176095157605 6774.47754
-0.00022776011192 6778.61206
-0.00160089981118 6782.74597
-7.66527504475e-05 6786.87866
-0.000589094338036 6791.01135
-0.000745745396518 6795.14404
-0.000903612262223 6799.27551
0.00054370389855 6803.40698
-0.000546388132809 6807.53723
-0.000548516044302 6811.66748
-0.00159991528068 6815.79712
-0.00065814729111 6819.92615
0.000554478123477 6824.05457
-0.00114121216625 6828.18298
-0.000239867876778 6832.31018
0.00013350774932 6836.43738
-0.000563954653288 6840.56335
-0.00159072481977 6844.68994
0.000135011348736 6848.81531
-0.00111294376633 6852.93945
0.000244738094093 6857.06482
-0.0032525634326 6861.18774
-0.000410860861067 6865.31128
-0.00195073197687 6869.43481
-0.00107429355748 6873.55713
-2.77864660257e-05 6877.67883
0.000636730359308 6881.79932
-0.000139145815283 6885.92041
-0.000641904880828 6890.04089
-0.00193397615146 6894.16016
-0.0007597809112 6898.27881
-0.000593620531734 6902.39868
8.49746321366e-05 6906.51611
2.83426210297e-05 6910.63354
-0.000430134938324 6914.75098
-0.000777810559821 6918.86719
-2.91043518718e-05 6922.9834
-0.000610190792566 6927.099
8.72699638641e-05 6931.2146
0.000263080088886 6935.32837
-0.00108647861818 6939.44214
-0.00085403536176 6943.55652
-0.00162451202405 6947.66846
0.00109446754886 6951.78101
0.000266900992028 6955.89294
-0.000982854072839 6960.00366
-0.00062745484752 6964.11438
-0.00146943142223 6968.2251
-0.000270992095781 6972.33459
0.000150876502058 6976.44409
-0.00142761463521 6980.55298
0.000762264291393 6984.66064
0.000521020483371 6988.76831
-0.000832836509734 6992.87537
-0.00133368195219 6996.98181
-9.36940166693e-05 7001.08826
-0.0010343800939 7005.19348
-0.00192203335621 7009.2981
-0.00218447913221 7013.40271
-0.00232115323081 7017.50732
-0.00130832466364 7021.61011
0.000351742800084 7025.7135
0.00054523182427 7029.81567
-0.000289729673326 7033.91724
-0.0019674709273 7038.0188
-0.000613697166129 7042.11914
-0.00242687555692 7046.21948
0.000355900045267 7050.31921
-0.00178484341344 7054.41895
-0.00159311086319 7058.51746
-0.00120569381831 7062.61536
3.24553853275e-05 7066.71265
-0.00154124306145 7070.81055
-0.000888707806755 7074.90662
-0.00109081002619 7079.0033
-0.0015606475594 7083.09814
-0.00130081159146 7087.19299
-0.00190995081411 7091.28784
0.000369643884589 7095.38147
-0.0013174691571 7099.4751
-0.00193288548874 7103.5675
-0.00180322112741 7107.66052
-0.0025600748547 7111.75171
-0.00290996592156 7115.8429
-0.000240291084018 7119.93347
0.00010292993834 7124.02405
-0.000379486880082 7128.11401
-0.00245642585658 7132.20276
-0.00128339989461 7136.2915
-0.000730593464193 7140.37964
-0.000174656132073 7144.46777
-0.000945664264583 7148.55408
-0.000175922903035 7152.64099
-0.00116485752551 7156.72668
-0.00116991349587 7160.81177
-0.00103287946691 7164.89746
-0.00118121765257 7168.98132
-0.0018354200038 7173.06519
0.000686783994171 7177.14844
-0.000400421422659 7181.23108
-0.000842118433857 7185.31372
-0.000626240256136 7189.39514
-0.000407727849518 7193.47595
-0.000932004247411 7197.55676
0.000861494438921 7201.63696
-0.00184765636167 7205.71716
-0.00170570099464 7209.79614
0.00011396263239 7213.87451
-0.002717887271 7217.95227
-0.00103776318933 7222.02942
-0.000115966502623 7226.10718
-0.000968442390856 7230.18311
-0.00276070037852 7234.25903
-0.000195113729946 7238.33374
-0.00316841337464 7242.40906
-0.00247012371698 7246.48376
-0.000118061471651 7250.55725
-0.00303316128675 7254.63013
-0.000591991127102 7258.703
-0.0030468411459 7262.77466
-0.00241935876192 7266.84631
-0.00107353879141 7270.91797
-0.00259290368397 7274.98779
-0.00140040665397 7279.05823
0.000922463998694 7283.12805
-0.00213576573385 7287.19666
0.00230174891785 7291.26526
-0.000121886590783 7295.33264
-0.000610225756512 7299.40063
-0.000611666889274 7303.4668
-0.000857797310519 7307.53357
-0.000531678698033 7311.59851
-0.000368354780721 7315.66406
-0.00135033712913 7319.729
-0.00208638464726 7323.79272
-0.00273953799743 7327.85645
-0.0024102517443 7331.91895
0.00183415688593 7335.98206
-0.00167149264152 7340.04333
0.000528810527773 7344.10522
-0.00370390401518 7348.16528
-0.000284579393382 7352.22656
-0.00312634861532 7356.28662
0.000283312912016 7360.34546
-0.000850041798277 7364.4043
-0.00157651532703 7368.46252
0.00173379296134 7372.52014
-0.00012114295425 7376.57715
-0.00165129186868 7380.63354
-0.00100603028644 7384.68933
-0.00205167883604 7388.74512
-0.00285654347157 7392.80029
0.000200791949999 7396.85486
-0.00116753530885 7400.90881
-0.000121099492892 7404.96216
-0.00125099424897 7409.0155
0.00173602098242 7413.06702
-4.07250487983e-05 7417.11914
-0.00182574791808 7421.17004
-0.00142286681536 7425.22095
-0.00281195655047 7429.27124
-0.00175601327238 7433.32031
-0.00184219845237 7437.37
0.00127095391267 7441.41785
-0.0016053503687 7445.46631
-0.00177579540953 7449.51355
-0.00244584169416 7453.56079
0.000457260666219 7457.6062
-0.000376456495183 7461.65283
-0.00155549781705 7465.69824
0.00173176183707 7469.74243
0.000212372245535 7473.78723
-0.00115666008197 7477.8302
-0.00150995980641 7481.87378
0.0012587783691 7485.91614
-0.00310849053375 7489.9585
-0.00189579721918 7493.99963
0.00164100124884 7498.04077
-0.0019226155599 7502.0813
-0.00256606080008 7506.12122
-0.00167627903474 7510.16052
-0.00332903210111 7514.19922
0.00197000861463 7518.23792
-0.00124573878161 7522.27478
-0.000696194508722 7526.31226
-0.000887006073968 7530.34851
-0.00183164090106 7534.38477
-0.001086730326 7538.42102
-0.000142868669541 7542.45544
-0.00110058584724 7546.48987
-0.00014473806073 7550.52368
-0.00237640778331 7554.5575
-0.00141589352908 7558.59009
-0.000246006989294 7562.62268
-0.00163368572207 7566.65405
-0.0014457309199 7570.68542
-0.000753115972266 7574.7168
5.02155781651e-05 7578.74634
0.000457658021508 7582.77588
5.09264413815e-05 7586.8042
0.00128944063577 7590.83374
-0.00171535700881 7594.86084
-0.00214517394645 7598.88916
-0.00184254840772 7602.91504
-0.00503318612625 7606.94214
-0.00314201692239 7610.96802
-0.00208730332784 7614.99268
-0.00231254859791 7619.01733
-0.00286350703513 7623.04199
-0.00244157222515 7627.06543
0.00157813099902 7631.08826
0.000491572798143 7635.11108
0.0026871880165 7639.13208
-0.00303189063516 7643.15369
-0.0010512462233 7647.17529
0.0011651962499 7651.19568
-0.00273278170542 7655.21545
-0.00229580622155 7659.23462
-0.00241795030622 7663.25317
0.000168956309345 7667.27112
-0.00255260696076 7671.28845
-0.00176617701229 7675.30518
-0.00440820461019 7679.32251
-0.00454282011535 7683.33862
-0.00525616177838 7687.35413
-0.002029127517 7691.36841
-0.00075680326099 7695.38269
-0.0033317461682 7699.39636
-0.00123201727616 7703.41003
0.000293928279812 7707.42249
-0.00147809825501 7711.43433
-0.00029704797197 7715.44617
-0.00447236934412 7719.4574
-0.000179912445932 7723.46802
-0.00162410639615 7727.47803
-0.00417211910554 7731.48682
-0.00224808642004 7735.49622
-0.00225991714006 7739.50439
-0.000184503533646 7743.51196
-0.00426029919937 7747.51892
0.000557634472854 7751.52588
-0.00492731122227 7755.53162
0.000312607667019 7759.53735
0.000942664919808 7763.54309
-6.35463810238e-05 7767.54639
-0.00234738068975 7771.5509
-0.00528965637827 7775.5542
-0.00211123108142 7779.5575
-0.00546491878207 7783.55896
0.00109656150418 7787.56104
-0.00499955676204 7791.56189
-0.0025452700036 7795.56274
0.000196379744116 7799.56299
0.00164898246351 7803.56201
-0.00352140353461 7807.56165
-6.72269473259e-05 7811.56006
-0.00342989078776 7815.55786
-0.00114988090394 7819.55505
-0.00129232966488 7823.55225
6.79072935607e-05 7827.54761
-0.0050173485753 7831.54358
-0.00227763462724 7835.53894
-0.0035352194136 7839.53369
-0.00368850254 7843.52783
-0.0051008034324 7847.52075
-0.00357646454519 7851.51367
0.00316393593592 7855.50598
-0.000636238538999 7859.49768
0.000496061997282 7863.48877
-0.00121189889092 7867.47986
0.000643668131853 7871.47034
0.000646711392757 7875.45959
-0.00151825713635 7879.44885
-0.00225207772069 7883.4375
-0.000219341837464 7887.42493
-0.00476828602109 7891.41235
0.000662196719928 7895.39917
-0.0030342091025 7899.38538
-0.00364173944429 7903.37158
-0.0045520751875 7907.35718
-0.00157257064475 7911.34094
-0.0029306792448 7915.32532
-0.00203522497821 7919.30847
-0.000227161909287 7923.29224
-0.000985496761248 7927.27417
-0.00387603286616 7931.2561
0.000227905957638 7935.23682
0.00297451975336 7939.21753
0.00221728062845 7943.19824
0.00145636484284 7947.17773
-0.000385011199608 7951.15723
0.00161882205671 7955.1355
0.0013146612812 7959.11377
0.00302657020295 7963.09082
-0.00132581987601 7967.06787
0.0041453870023 7971.0437
-0.00165166821708 7975.01953
-0.0024493232916 7978.99536
-0.00166694528015 7982.96936
-0.0026317723919 7986.94397
-0.00232331801137 7990.91736
0.000884036746019 7994.89014
-0.0023430137002 7998.8623
-0.00154082533734 8002.83447
-0.000244495994952 8006.80542
0.00366816797859 8010.77637
-0.00204552171901 8014.7467
-0.0018862915785 8018.71643
-0.00386335169112 8022.68555
-0.00815852307596 8026.65405
-0.00123805525303 8030.62256
-0.00339141188481 8034.58923
0.00190482903 8038.55652
-0.00141297570747 8042.52258
-0.00558528696735 8046.48804
0.00375683057276 8050.4541
-0.000754716834201 8054.41833
-0.00328004919869 8058.38257
-0.00514793970662 8062.34619
-0.00143918378094 8066.30859
-0.00195373841597 8070.271
-0.00349531894516 8074.23279
-0.000428150735343 8078.19458
-0.00489691250332 8082.15515
-0.00612571517408 8086.11572
-0.00632624859521 8090.07507
-0.00269823941828 8094.03381
0.00218447007068 8097.99194
-0.00378070092161 8101.95068
-0.00220922295326 8105.90759
-0.00488571743845 8109.8645
-0.00651694061173 8113.8208
-0.00277884922141 8117.77649
-0.00188993625859 8121.73157
-0.00189656581379 8125.68665
-0.00262707377226 8129.6405
-0.00390606117929 8133.59375
-0.00464425710511 8137.54639
-0.0026464819464 8141.49841
-0.00228651578551 8145.45105
0.000274263995415 8149.40186
-0.00303199996665 8153.35266
-0.00396028270413 8157.30347
-0.00230773227279 8161.25244
-0.0041641430691 8165.20203
-0.00194771338102 8169.14978
-0.00455644331586 8173.09753
-0.00326296370442 8177.04468
-0.00289873149618 8180.99182
-0.0038476006948 8184.93774
-0.00122515611502 8188.88367
-0.00596772721329 8192.82898
-0.00333375966501 8196.77307
-0.00680833545684 8200.71716
0.000288811933104 8204.66003
-0.00126408894849 8208.60291
0.000880230036985 8212.54517
0.000689299872223 8216.48743
-9.98402997524e-05 8220.42786
-0.00709170622796 8224.3689
0.0021056721996 8228.30872
-0.000302994361812 8232.24792
-0.00111380120245 8236.18774
-0.00721569810737 8240.12512
-0.000306288086908 8244.06311
-0.000716087481675 8247.99988
-0.00133361829276 8251.93665
0.00154196515225 8255.8728
-0.0021684456305 8259.80835
0.00362278935306 8263.74329
-0.00467963285506 8267.67761
-0.000104944622628 8271.61194
-0.00429206474954 8275.54443
-0.0026247958151 8279.47754
-0.00263193913778 8283.40942
-0.00897465637683 8287.34131
-0.00285588149016 8291.27136
-0.00371011156958 8295.20264
-0.00286812846062 8299.13208
0.00159524754603 8303.06152
-0.002454729417 8306.99097
-0.00139135719651 8310.91797
-0.00461586578655 8314.84619
-0.00269221869886 8318.77319
-0.00291789739442 8322.7002
-0.00336288120923 8326.62537
-0.00511933398529 8330.55054
-0.00295273318651 8334.4751
-0.00340468510685 8338.39966
-0.000993032249428 8342.32361
-0.000111438013858 8346.24634
0.000332971087679 8350.16907
0.00145154378943 8354.09058
-0.00325620439589 8358.01208
-0.00124077960643 8361.93298
-0.00101971982648 8365.85327
0.00261368706964 8369.77295
-0.0019420410388 8373.69202
-0.001491239937 8377.61047
0.00264567117324 8381.52832
-0.00473905313684 8385.44617
-0.00266768771575 8389.36218
-0.00570280114164 8393.27942
0.00384783380213 8397.19421
0.00268941218051 8401.11023
-0.00410751383887 8405.0238
0.00105728192927 8408.9386
0.00129520185374 8412.85217
-0.00484371264688 8416.76453
-0.00201232970694 8420.67749
-0.00486332334216 8424.58862
-0.00178312446168 8428.49976
-0.000358050249399 8432.41028
-0.00489928498634 8436.32019
0.00299368922285 8440.22949
-0.000842610662978 8444.13879
-0.00906543756265 8448.04749
-0.00133566031901 8451.95496
-0.00353887869139 8455.86182
0.0069852596889 8459.76807
-0.002838066561 8463.67432
-0.00210975886408 8467.57996
-0.00561645944944 8471.48499
0.00614129922589 8475.38879
0.00062949859909 8479.2926
0.00620383675571 8483.19641
0.0029260974371 8487.09839
-0.0029424299589 8491.00098
-0.00295548033207 8494.90234
0.00734768334292 8498.8031
0.00194241098055 8502.70325
-0.00429720025528 8506.60339
0.00300534434689 8510.50171
0.0048562690652 8514.40125
0.00355964636539 8518.29895
0.0035749472666 8522.19604
0.0107643191551 8526.09314
-0.000401435032973 8529.98901
-0.0068383559319 8533.8855
-0.0014797667122 8537.78015
-0.000405359618362 8541.6748
-0.000676895725337 8545.56885
-0.00230556031043 8549.46228
0.0077396377424 8553.35571
0.00231425028635 8557.24731
0.00177392316811 8561.13953
-0.00725996579782 8565.03052
-0.00178544047977 8568.92151
0.00536548885209 8572.81067
-0.00677081600231 8576.70105
-0.00152529618398 8580.5896
-0.0112765572434 8584.47754
-0.0158002254225 8588.36609
-0.0141816179779 8592.25281
0.004646930332 8596.13892
0.000423763466245 8600.02502
-0.00754428147362 8603.91052
-0.000715697398318 8607.79541
-0.00129393489415 8611.67969
-0.00534438566357 8615.56335
-0.00711275408421 8619.44702
-0.00568806503562 8623.32947
0.00248850172333 8627.21069
0.000734867994511 8631.09253
0.00783253357463 8634.97314
-0.00104131807961 8638.85376
-0.00433385881552 8642.73315
-0.00525757327881 8646.61255
-0.000755589289828 8650.49072
-0.00318754027105 8654.3689
-0.00137360384705 8658.24707
0.0010719697013 8662.1228
-0.00724572208232 8665.99915
-0.0113130597966 8669.87488
-0.00700691217723 8673.75061
-0.0076683507023 8677.62451
-0.00267386745759 8681.49841
-0.00173958374812 8685.3717
-0.00779147601204 8689.24438
0.00271543536846 8693.11707
0.000802786175461 8696.98853
0.00533481819719 8700.85938
-0.00179144612435 8704.72961
0.000490197857056 8708.59985
0.000493217333206 8712.46887
-0.00912364788074 8716.33789
-0.0105151771961 8720.20569
-0.0152855487993 8724.07349
0.00320620738753 8727.94067
-0.00458976528465 8731.80725
-0.00598835608778 8735.67322
-0.000517511590135 8739.53796
-0.00745602796912 8743.40332
-0.00750638211794 8747.26624
0.00368618321722 8751.13037
0.00971463975885 8754.99329
0.000176696887818 8758.85559
-0.00590342255649 8762.71729
-0.00880911170023 8766.57898
-0.0131806034793 8770.44006
-0.0027166880447 8774.29932
-0.00236078789061 8778.15918
-0.00309322604183 8782.01782
-0.00455579769042 8785.87585
-0.00310204708183 8789.73389
0.0195152288235 8793.5907
-0.00640361702491 8797.44751
-0.0170549369224 8801.3031
0.00201854909419 8805.1593
-0.0049759548196 8809.01367
0.00277201285138 8812.86804
0.00167045606291 8816.7218
0.00429254312888 8820.57434
-0.00920824354931 8824.42749
0.00245465789066 8828.27942
-0.00285305848554 8832.13013
-0.00287006832567 8835.98145
0.000575652442226 8839.83154
-0.00792909933723 8843.68042
-0.00679913551659 8847.53052
0.00331188880395 8851.37817
-0.000588085174858 8855.22644
-0.0135511721345 8859.07349
-0.000985486871419 8862.92053
-0.00730987676869 8866.76636
0.000196867546512 8870.61157
-0.00258658183347 8874.4574
-0.0141865561405 8878.30078
-0.00541642164085 8882.14539
0.00503267168607 8885.98816
-0.00627581845239 8889.83093
-0.00508415892669 8893.67249
-0.00919275878584 8897.51465
-0.00389733311464 8901.35498
-0.00679566782531 8905.19531
0.00185766737599 8909.03503
0.00435065960986 8912.87415
-0.00811479845673 8916.71326
-0.00730477758617 8920.55054
-0.0119338720438 8924.38843
-0.00482872966458 8928.2251
0.00778288258005 8932.06116
-0.0166941307867 8935.89661
0.000634123358576 8939.73206
-0.00574333925191 8943.56628
0.00277337515539 8947.3999
-0.00750943422195 8951.23352
0.000214162532257 8955.06592
-0.00932478748056 8958.89832
-0.00283637333469 8962.72949
0.00416783429994 8966.56067
-0.00110645683391 8970.39063
-0.013588011029 8974.22058
-0.00157109069213 8978.04993
-0.0106228723211 8981.87866
-0.000684033516883 8985.70618
-0.0098587642692 8989.53369
-0.00900237618718 8993.36121
-0.00906062237465 8997.18689
-0.00631048941599 9001.01257
-0.015281771822 9004.83704
-0.00637903616065 9008.66211
-0.0135328251563 9012.48596
0.000713185699066 9016.3092
0.00406260165231 9020.13184
0.000238327033647 9023.95386
-0.00745708834799 9027.77588
-0.0118095557399 9031.59668
-0.00796169069662 9035.41687
0.00361680981448 9039.23645
-0.0176258601869 9043.05603
0.00168601508964 9046.875
0.000720929996034 9050.69275
-0.00842075081893 9054.5105
-0.012728636725 9058.32642
-0.000719896499169 9062.14294
-0.00406203768306 9065.95825
-0.00738417804253 9069.77417
0.00640161930439 9073.58826
-0.00590893352102 9077.40234
-0.00964478155654 9081.21582
-0.00538027660157 9085.02869
-0.00209271683975 9088.84033
-0.00715574900343 9092.65198
-0.00480998396849 9096.46301
0.00476501396303 9100.27344
0.00247365473253 9104.08325
-0.000224416127276 9107.89246
-0.00596965886125 9111.70105
0.00372143951384 9115.50903
-0.00717116537892 9119.31641
-0.0101356165201 9123.12317
-0.00149974013634 9126.92932
-0.00234230270541 9130.73547
0.00190442162353 9134.53979
-0.00612185351854 9138.34473
-0.00863214596679 9142.14783
0.00692729603125 9145.95154
-0.0107066650431 9149.75464
-0.00314693199722 9153.55652
-0.0165763292157 9157.3584
-0.00860093469516 9161.15845
-0.0123831714543 9164.95972
-0.00231017276663 9168.75854
-0.00567568739008 9172.55859
0.00567981000938 9176.3562
0.0111775102692 9180.15503
-0.00869155018611 9183.95203
-0.0151366197886 9187.74902
0.000213183004368 9191.5448
-0.0136479997726 9195.34058
-0.00766318292508 9199.13574
-0.00110948137366 9202.92969
-0.00832061048084 9206.72363
-0.00616546916286 9210.51636
0.003477435336 9214.30969
-0.00212450394762 9218.10181
-0.0194475751011 9221.89331
-0.00707676818051 9225.6842
-0.00173700516152 9229.47388
-0.00478755806455 9233.26416
-0.0186821086436 9237.05261
-0.00597095772297 9240.84106
-0.0144844375969 9244.62891
-0.0088094514995 9248.41675
-0.00351749100795 9252.20337
-0.0156282118691 9255.98938
-0.0225024643579 9259.77478
0.0148888587796 9263.55957
0.000852192720138 9267.34436
-0.00894056662203 9271.12732
-0.0213226397119 9274.91089
-0.00798132646984 9278.69324
-0.0140666951071 9282.47559
-0.00878629538856 9286.25671
-0.00460204230081 9290.03723
-0.0258016480687 9293.81775
-0.0267744927496 9297.59705
-0.00798012565118 9301.37634
-0.0178148843693 9305.15381
0.00361291377878 9308.9325
-0.00635092141563 9312.70935
-0.00918366076018 9316.4856
0.0135009052787 9320.26123
-0.0102535586685 9324.03687
0.00757814612914 9327.8125
-0.00184962993929 9331.5863
-0.0193212603279 9335.36011
-0.0104977602905 9339.13208
-0.00839436330462 9342.90527
0.00781272381306 9346.67664
-0.00297324100244 9350.448
-0.00482489666374 9354.21814
-0.0122480997431 9357.98889
-0.0183234316796 9361.75842
-0.00925385338353 9365.52673
-0.0166743772897 9369.29504
-0.0267504081293 9373.06274
-0.00816711970438 9376.83044
-0.0152591474363 9380.5957
-0.0146611156207 9384.36218
0.00181961230162 9388.12744
-0.0409701700513 9391.89148
-0.0084795299074 9395.65613
-0.0316890124048 9399.41956
-0.0243539372422 9403.18237
0.00787671721303 9406.94458
-0.0700850648629 9410.70557
-0.0113522481759 9414.46655
0.0100640717173 9418.22693
-0.0372254038395 9421.98669
-0.0799683797552 9425.74646
-0.058303349694 9429.50562
-0.0541416087972 9433.26294
-0.0109560021068 9437.02026
-0.0774625102167 9440.77698
-0.0282864246539 9444.53369
0.00257866977101 9448.28918
-0.0337406875492 9452.04468
0.0407038461478 9455.79834
-0.0338471858097 9459.55261
-0.0234257727681 9463.30627
-0.0441986807101 9467.05811
0.0112265957373 9470.81055
0.0301314778317 9474.56177
0.0385782610168 9478.31238
-0.0350130219243 9482.06238
-0.0348026900091 9485.81238
-0.0143298482635 9489.56116
-0.00418495369157 9493.30933
-0.0505858820066 9497.05811
-0.0435367303511 9500.80505
0.00080755540424 9504.55139
-0.0297696749601 9508.29773
-0.0198945508424 9512.04346
-0.0432877122505 9515.78735
-0.0365725821601 9519.53186
0.0130646563934 9523.27515
-0.03119775696 9527.01843
-0.0399036386862 9530.76172
-0.0186290113784 9534.50195
-0.0376487227945 9538.24341
-0.0256090011239 9541.98486
-0.0268581677468 9545.72449
-0.0209005549141 9549.4635
-0.0222010692282 9553.20251
-0.0263514691 9556.94092
0.00920278999913 9560.67871
-0.0472993151945 9564.41589
-0.0499496857253 9568.15125
-0.0470017860111 9571.88721
-0.0216960429886 9575.62256
-0.0286583385964 9579.3573
-0.0230520743358 9583.09021
0.00907163530479 9586.82373
-0.0174774713411 9590.55664
-0.0174965799397 9594.28955
-0.0105120159317 9598.02063
-0.0119280481727 9601.7511
0.00911978981058 9605.48157
-0.0231911360822 9609.21143
0.00210291680878 9612.94128
-0.00492077567427 9616.66809
-0.0512790075941 9620.39612
-0.0442160444651 9624.12415
-0.0694563159455 9627.85095
-0.0315409766401 9631.57715
0.00489856068887 9635.30151
-0.0413824248292 9639.02649
0.0133259726674 9642.75146
0.0288075167288 9646.47522
-0.0190365389555 9650.19714
-0.0233306971912 9653.92029
-0.0333275646651 9657.6416
-0.0319997928457 9661.36292
-0.0420700004282 9665.08423
-0.00500376424047 9668.80371
-0.0279163711589 9672.52319
-0.0465961744123 9676.24207
0.0207782969139 9679.96094
0.00214674681262 9683.67737
-0.0236784582355 9687.39441
0.00358012889741 9691.11084
-0.00358813482946 9694.82666
-0.0107507393898 9698.54248
0.0178884972045 9702.25586
-0.0336527954346 9705.96985
-0.0279148031639 9709.68323
-0.0579992553298 9713.39661
0.0236065069388 9717.10754
-0.022225003629 9720.81909
-0.0323267717279 9724.53064
-0.00792467530198 9728.24097
0.00505297741774 9731.94946
-0.00653745068386 9735.65918
-0.0270100378324 9739.36768
-0.00220620031788 9743.07556
-0.0273355003353 9746.78284
0.0170837496804 9750.48828
0.0381250757375 9754.19495
-0.0716073420998 9757.90039
-0.0447440262596 9761.60522
-0.0572444211119 9765.30884
-0.0299390450605 9769.01245
0.000766838509231 9772.71606
-0.0194100660649 9776.41846
-0.0585595015976 9780.12024
-0.0243177980925 9783.82019
-0.00236839663155 9787.52136
-0.0277130636498 9791.22131
-0.0214723139793 9794.92065
0.016755773802 9798.61877
-0.0296830420516 9802.31689
-0.0265924691264 9806.0144
-0.0234794871134 9809.71191
-0.0366219870483 9813.4082
-0.0417348628766 9817.10266
-0.0518673955087 9820.79773
-0.00745754972901 9824.4928
-0.00917655091249 9828.18604
-0.0378100331892 9831.87866
-0.022854853512 9835.57129
-0.00767910889686 9839.26331
0.00257186706725 9842.95471
0.0406620717419 9846.64612
-0.0724547506303 9850.33569
-0.0430668187656 9854.02527
-0.0610719410283 9857.71362
-0.0489976255081 9861.40259
-0.0134489977789 9865.08911
0.0297517546548 9868.77625
-0.0227213901502 9872.46277
-0.0485439978122 9876.14929
-0.0471042677935 9879.83459
-0.0270307216738 9883.51807
-0.032957806711 9887.20215
-0.0104735798187 9890.88623
0.000956360247512 9894.56909
-0.0029272404912 9898.25012
-0.0384290774416 9901.93115
-0.0488105036934 9905.61279
0.00502050727217 9909.29321
0.0375118805644 9912.97302
-0.0194344927683 9916.651
-0.0319225989673 9920.3302
-0.00104178325 9924.00818
-0.0406055577346 9927.68494
-0.0428905423386 9931.36047
-0.00735894287517 9935.03723
-0.030612265498 9938.71277
0.0815485631101 9942.3877
0.00744937091665 9946.0614
0.0246139800059 9949.7345
-0.0570911479906 9953.40759
-0.0769123413137 9957.08008
-0.0337573864024 9960.75195
-0.0339451486307 9964.422
-0.00991239401476 9968.09265
-0.0453973694293 9971.7627
-0.0144752931184 9975.43152
-0.063837096985 9979.10095
-0.0304120138616 9982.76733
-0.0306022005221 9986.43494
-0.0604820143338 9990.10193
-0.0494193878559 9993.76831
-0.00116486842184 9997.43286
0.01516526857 10001.09802
-0.0271060463347 10004.76257
-0.0154726106284 10008.42651
-0.0565274184257 10012.08923
0.00849933341031 10015.75134
-0.0455230651077 10019.41284
-0.0236617191612 10023.07434
-0.00630960339118 10026.73523
-0.0344715762475 10030.39429
-0.0193884706366 10034.05334
-0.0588578051563 10037.71179
0.00659983281784 10041.37024
-0.0200400921879 10045.02808
-0.0364017914743 10048.68408
-0.10197668982 10052.34009
-0.0314856668371 10055.99609
-0.0371959025612 10059.65149
-0.0956315920355 10063.30444
-0.0543325828398 10066.95862
-0.0210101235003 10070.61218
-0.0549357954484 10074.26453
-0.049606284404 10077.91626
0.0185321445156 10081.56677
-0.0647393180314 10085.21729
0.00144158731155 10088.8678
-0.0777226073781 10092.51709
-0.0667313426499 10096.16577
-0.0915860736524 10099.81384
-0.126294465983 10103.4613
-0.0539787613629 10107.10754
-0.0578882490976 10110.75439
-0.0873223331856 10114.39941
0.0273494608985 10118.04443
-0.00490815591157 10121.68884
-0.0844472358606 10125.33325
-0.0721070878647 10128.97522
0.0491534581177 10132.6178
-0.060038993084 10136.26038
-0.0294587640588 10139.90112
-0.0332392612321 10143.54187
-0.0865245050552 10147.1814
-0.0730613346518 10150.82153
0.0521099242655 10154.46045
-0.0417836648324 10158.09937
-0.0862946499309 10161.73523
-0.079826920117 10165.3717
-0.0995388317542 10169.00879
-0.0589000603385 10172.64404
-0.117291375985 10176.27991
-0.18482545214 10179.91333
-0.123873436817 10183.54675
-0.156950332493 10187.18018
0.0580765113447 10190.81299
0.0262570845324 10194.44397
-0.0631814587751 10198.07495
-0.0554290903233 10201.70593
-0.0640759257063 10205.33691
-0.131104443871 10208.96606
0.0104512923622 10212.5946
-0.040057446786 10216.22253
-0.0148710159674 10219.85046
-0.203436945643 10223.47778
-0.136054633965 10227.10327
-0.185402222518 10230.72876
-0.00221664847606 10234.35364
-0.0379094531476 10237.97852
-0.0609684252778 10241.60278
-0.0983905614464 10245.22461
-0.0950807840024 10248.84766
-0.0211575211962 10252.46948
-0.121457653414 10256.09131
-0.012066570127 10259.71069
-0.0122116748778 10263.3313
-0.0419577455176 10266.94946
-0.0174687183038 10270.56885
-0.027721510397 10274.18823
0.0482898385117 10277.80396
-0.0488010470867 10281.4209
-0.0596306799886 10285.03784
-0.00786450294011 10288.65479
-0.0237893206111 10292.26807
-0.0400333780558 10295.88135
-0.126727808035 10299.49707
-0.0245275752737 10303.10913
-0.140484129256 10306.72241
-0.0362082686776 10310.33325
-0.0309889805284 10313.94531
-0.122521778521 10317.55493
-0.13546779592 10321.16577
0.113561278263 10324.77417
-0.0206452150179 10328.38257
-0.140111144101 10331.99097
-0.063281198109 10335.59937
-0.0639669694961 10339.20654
-0.206356002255 10342.81128
-0.059146201521 10346.41724
-0.0535182814001 10350.02197
-0.187943958797 10353.62671
-0.203127855454 10357.229
-0.0750688747643 10360.83252
-0.181842960141 10364.43481
-0.197579135416 10368.03711
-0.125442196337 10371.6394
-0.0926304221008 10375.23804
-0.086713500185 10378.83789
-0.108571657622 10382.43774
0.0176213925672 10386.03638
-0.188342577747 10389.63257
0.0891166822233 10393.2312
-0.0607964915709 10396.82861
