0.0 3800
0.0 3801
0.0 3802
0.0 3803
0.0 3804
0.0 3805
0.0 3806
0.0 3807
0.0 3808
0.0 3809
0.0 3810
0.0 3811
0.0 3812
0.0 3813
0.0 3814
0.0 3815
0.0 3816
0.0 3817
0.0 3818
0.0 3819
0.0 3820
0.0 3821
0.0 3822
0.0 3823
0.0 3824
0.0 3825
0.0 3826
0.0 3827
0.0 3828
0.0 3829
0.0 3830
0.0 3831
0.0 3832
0.0 3833
0.0 3834
0.0 3835
0.0 3836
0.0 3837
0.0 3838
0.0 3839
0.0 3840
0.0 3841
0.0 3842
0.0 3843
0.0 3844
0.0 3845
0.0 3846
0.0 3847
0.0 3848
0.0 3849
0.0 3850
0.0 3851
0.0 3852
0.0 3853
1.47142172649 3854
0.0 3855
0.0 3856
0.0 3857
0.0 3858
0.0 3859
0.0 3860
0.0 3861
0.0 3862
0.0 3863
0.0 3864
0.0 3865
0.0 3866
0.0 3867
0.0 3868
0.0 3869
48.5231515113 3870
75.0180123912 3871
57.1699207243 3872
0.631000889916 3873
0.0 3874
0.0 3875
0.0 3876
0.0 3877
0.0 3878
0.0 3879
0.0 3880
0.0 3881
0.0 3882
0.0 3883
0.0 3884
0.0 3885
0.0 3886
0.0 3887
33.0643368023 3888
64.5267198718 3889
16.5481674588 3890
0.0 3891
0.0 3892
0.0 3893
0.0 3894
0.0 3895
0.0 3896
0.0 3897
0.0 3898
0.0 3899
15.7412969198 3900
57.1205972133 3901
61.8470850641 3902
22.7482927005 3903
0.0 3904
0.0 3905
0.0 3906
0.0 3907
0.0 3908
0.0 3909
0.0 3910
0.0 3911
0.0 3912
0.0 3913
0.0 3914
0.0 3915
0.0 3916
0.0 3917
0.0 3918
0.0 3919
0.0 3920
0.0 3921
0.0 3922
0.0 3923
0.0 3924
0.0 3925
0.0 3926
0.0 3927
0.0 3928
0.0 3929
0.0 3930
0.0 3931
0.0 3932
0.0 3933
0.0 3934
0.0 3935
0.0 3936
0.0 3937
0.0 3938
0.0 3939
0.0 3940
8.08568130125 3941
43.3611401621 3942
56.9255869615 3943
45.9472608959 3944
19.4391284325 3945
0.0 3946
0.0 3947
0.0 3948
0.0 3949
0.0 3950
0.0 3951
0.0 3952
22.1118440626 3953
42.1547858524 3954
50.5261329701 3955
40.7383297433 3956
9.12251470989 3957
0.0 3958
0.0 3959
0.0 3960
0.0 3961
0.0 3962
0.0 3963
0.0 3964
0.0 3965
0.0 3966
0.0 3967
0.0 3968
0.0 3969
0.0 3970
0.0 3971
0.0 3972
0.0 3973
0.0 3974
0.0 3975
0.0 3976
0.0 3977
0.0 3978
0.0 3979
0.0 3980
0.0 3981
0.0 3982
0.0 3983
0.0 3984
0.0 3985
0.0 3986
0.0 3987
0.0 3988
0.0 3989
0.0 3990
0.0 3991
0.0 3992
0.0 3993
0.0 3994
0.0 3995
0.0 3996
0.0 3997
0.0 3998
0.0 3999
0.0 4000
0.0 4001
0.0 4002
0.0 4003
0.0 4004
0.0 4005
0.0 4006
0.0 4007
0.0 4008
0.0 4009
0.0 4010
0.0 4011
0.0 4012
0.0 4013
0.0 4014
0.0 4015
0.0 4016
0.0 4017
0.0 4018
0.0 4019
0.0 4020
0.0 4021
0.0 4022
23.4982808708 4023
27.0679437162 4024
14.3110685507 4025
0.0 4026
0.0 4027
0.0 4028
0.0 4029
0.0 4030
0.0 4031
0.0 4032
0.0 4033
0.0 4034
0.0 4035
0.0 4036
0.0 4037
0.0 4038
0.0 4039
42.7758996347 4040
73.0380126755 4041
77.2248613214 4042
61.7499246077 4043
33.4444904829 4044
0.0 4045
0.0 4046
0.0 4047
0.0 4048
0.0 4049
0.0 4050
0.0 4051
0.0 4052
0.0 4053
0.0 4054
0.0 4055
0.0 4056
0.0 4057
0.0 4058
0.0 4059
0.0 4060
0.0 4061
0.0 4062
0.0 4063
0.0 4064
0.0 4065
0.0 4066
0.0 4067
0.0 4068
0.0 4069
0.0 4070
0.0 4071
0.0 4072
0.0 4073
0.0 4074
0.0 4075
0.0 4076
0.0 4077
0.0 4078
0.0 4079
0.0 4080
0.0 4081
0.0 4082
0.0 4083
0.0 4084
0.0 4085
0.0 4086
0.0 4087
0.0 4088
0.0 4089
0.0 4090
0.0 4091
0.0 4092
0.0 4093
0.0 4094
0.0 4095
0.0 4096
0.0 4097
0.0 4098
0.0 4099
0.0 4100
0.0 4101
0.0 4102
0.0 4103
0.0 4104
0.0 4105
0.0 4106
0.0 4107
0.0 4108
0.0 4109
0.0 4110
0.0 4111
0.0 4112
0.0 4113
0.0 4114
0.0 4115
0.0 4116
0.0 4117
0.0 4118
0.0 4119
0.0 4120
0.0 4121
0.0 4122
0.0 4123
0.0 4124
0.0 4125
0.0 4126
0.0 4127
0.0 4128
0.0 4129
0.0 4130
0.0 4131
0.0 4132
0.0 4133
0.0 4134
0.0 4135
0.0 4136
0.0 4137
0.0 4138
0.0 4139
0.0 4140
0.0 4141
0.0 4142
0.0 4143
0.0 4144
0.0 4145
0.0 4146
0.0 4147
0.0 4148
0.0 4149
0.0 4150
0.0 4151
0.0 4152
0.0 4153
0.0 4154
0.0 4155
0.0 4156
0.0 4157
0.0 4158
0.0 4159
0.0 4160
0.0 4161
0.0 4162
0.0 4163
0.0 4164
0.0 4165
0.0 4166
0.0 4167
0.0 4168
0.0 4169
0.0 4170
0.0 4171
0.0 4172
0.0 4173
0.0 4174
0.0 4175
0.0 4176
0.0 4177
0.0 4178
0.0 4179
0.0 4180
0.0 4181
0.0 4182
0.0 4183
0.0 4184
0.0 4185
0.0 4186
0.0 4187
0.0 4188
0.0 4189
0.0 4190
0.0 4191
0.0 4192
0.0 4193
0.0 4194
0.0 4195
0.0 4196
0.0 4197
0.0 4198
0.0 4199
0.0 4200
0.0 4201
0.0 4202
0.0 4203
0.0 4204
0.0 4205
0.0 4206
0.0 4207
0.0 4208
0.0 4209
0.0 4210
0.0 4211
0.0 4212
0.0 4213
0.0 4214
0.0 4215
0.0 4216
0.0 4217
0.0 4218
0.0 4219
0.0 4220
0.0 4221
0.0 4222
0.0 4223
0.0 4224
0.0 4225
0.0 4226
0.0 4227
0.0 4228
0.0 4229
0.0 4230
0.0 4231
0.0 4232
0.436638449401 4233
18.916229504 4234
24.7479671167 4235
8.30306451226 4236
0.0 4237
0.0 4238
0.0 4239
0.0 4240
0.0 4241
0.0 4242
0.0 4243
0.0 4244
15.0468208185 4245
15.940818573 4246
3.93391203791 4247
0.0 4248
0.0 4249
0.0 4250
0.0 4251
0.0 4252
0.0 4253
0.0 4254
0.0 4255
0.0 4256
0.0 4257
0.0 4258
0.0 4259
0.0 4260
0.0 4261
0.0 4262
0.0 4263
0.0 4264
0.0 4265
0.0 4266
0.0 4267
0.0 4268
0.0 4269
0.0 4270
0.0 4271
0.0 4272
0.0 4273
0.0 4274
0.0 4275
0.0 4276
0.0 4277
0.0 4278
0.0 4279
0.0 4280
0.0 4281
0.0 4282
0.387907910391 4283
15.241137383 4284
12.8484810459 4285
0.0 4286
0.0 4287
0.0 4288
0.0 4289
0.0 4290
0.0 4291
0.0 4292
0.0 4293
0.0 4294
0.0 4295
0.0 4296
0.0 4297
0.0 4298
0.0 4299
0.0 4300
0.0 4301
0.0 4302
0.0 4303
0.0 4304
0.0 4305
0.0 4306
0.0 4307
0.0 4308
0.0 4309
0.0 4310
0.0 4311
0.0 4312
0.0 4313
0.0 4314
0.0 4315
0.0 4316
0.0 4317
0.0 4318
0.0 4319
0.0 4320
0.0 4321
0.0 4322
0.0 4323
0.0 4324
0.0 4325
0.0 4326
0.0 4327
1.78736577168 4328
7.19735062485 4329
0.457648876745 4330
0.0 4331
0.0 4332
0.0 4333
0.0 4334
0.0 4335
4.6198124323 4336
21.5090652818 4337
35.818340015 4338
42.692353389 4339
36.844067612 4340
12.9992664269 4341
0.0 4342
0.0 4343
0.0 4344
0.0 4345
0.0 4346
0.0 4347
0.0 4348
0.0 4349
29.7064029046 4350
50.7992514422 4351
37.6386484218 4352
4.15410864506 4353
0.0 4354
0.0 4355
0.0 4356
0.0 4357
0.0 4358
0.0 4359
0.0 4360
0.0 4361
0.0 4362
0.0 4363
0.0 4364
0.0 4365
0.0 4366
0.0 4367
0.0 4368
0.0 4369
0.0 4370
0.0 4371
0.0 4372
0.0 4373
0.0 4374
0.0 4375
0.0 4376
0.0 4377
0.0 4378
0.0 4379
0.0 4380
0.0 4381
0.0 4382
0.0 4383
0.0 4384
0.0 4385
0.0 4386
0.0 4387
0.0 4388
0.0 4389
0.0 4390
21.9160952915 4391
22.6389863871 4392
6.86857173081 4393
0.0 4394
0.0 4395
0.0 4396
0.0 4397
0.0 4398
0.0 4399
0.0 4400
0.0 4401
0.0 4402
0.0 4403
0.0 4404
0.0 4405
0.0 4406
0.0 4407
0.0 4408
0.0 4409
0.0 4410
0.0 4411
0.0 4412
0.0 4413
0.0 4414
0.0 4415
0.0 4416
0.0 4417
0.0 4418
0.0 4419
0.0 4420
0.0 4421
0.0 4422
0.0 4423
0.0 4424
0.0 4425
0.0 4426
0.0 4427
0.0 4428
0.0 4429
0.0 4430
0.0 4431
0.0 4432
0.0 4433
0.0 4434
0.0 4435
0.0 4436
0.0 4437
0.0 4438
0.0 4439
0.0 4440
0.0 4441
0.0 4442
0.0 4443
0.0 4444
0.0 4445
0.0 4446
0.0 4447
0.0 4448
0.0 4449
0.0 4450
0.0 4451
0.0 4452
0.0 4453
0.0 4454
0.0 4455
0.0 4456
0.0 4457
0.0 4458
0.0 4459
0.0 4460
0.0 4461
0.0 4462
0.0 4463
0.0 4464
0.0 4465
0.0 4466
2.79481394719 4467
30.7735094102 4468
55.0374570578 4469
71.0066096583 4470
75.7606811113 4471
67.1319363445 4472
42.9663507692 4473
1.27903608772 4474
0.0 4475
0.0 4476
0.0 4477
0.0 4478
0.0 4479
0.0 4480
0.0 4481
0.0 4482
0.0 4483
0.0 4484
0.0 4485
0.0 4486
0.0 4487
0.0 4488
0.0 4489
0.0 4490
0.0 4491
0.0 4492
40.9629314115 4493
73.1340215521 4494
83.899603057 4495
62.9183726642 4496
12.9903228721 4497
0.0 4498
0.0 4499
0.0 4500
0.0 4501
0.0 4502
3.07853396269 4503
39.2576856439 4504
39.5570410661 4505
7.2081069813 4506
0.0 4507
0.0 4508
0.0 4509
0.0 4510
0.0 4511
17.2415249308 4512
55.030223907 4513
70.0056216347 4514
61.909747886 4515
35.6117296269 4516
0.0 4517
0.0 4518
0.0 4519
0.0 4520
0.0 4521
0.0 4522
0.0 4523
0.0 4524
0.0 4525
0.0 4526
0.0 4527
0.0 4528
0.0 4529
0.0 4530
0.0 4531
0.0 4532
0.0 4533
0.0 4534
0.0 4535
10.2047875508 4536
17.321551107 4537
14.5388463772 4538
0.0 4539
0.0 4540
0.0 4541
0.0 4542
0.0 4543
0.0 4544
0.0 4545
0.0 4546
0.0 4547
0.0 4548
0.0 4549
0.0 4550
0.0 4551
0.0 4552
0.0 4553
0.0 4554
0.0 4555
0.0 4556
0.0 4557
0.0 4558
0.0 4559
0.0 4560
0.0 4561
0.0 4562
0.0 4563
7.300455538 4564
21.5877354358 4565
18.7445075863 4566
0.0 4567
0.0 4568
0.0 4569
0.0 4570
0.0 4571
0.0 4572
0.0 4573
0.0 4574
0.0 4575
0.0 4576
0.0 4577
0.0 4578
0.0 4579
0.0 4580
0.0 4581
0.0 4582
0.0 4583
0.0 4584
0.0 4585
3.5900754967 4586
11.1578144348 4587
2.69581012381 4588
0.0 4589
0.0 4590
0.0 4591
0.0 4592
0.0 4593
0.0 4594
0.0 4595
0.0 4596
0.0 4597
0.0 4598
0.0 4599
0.0 4600
0.0 4601
0.0 4602
0.0 4603
0.0 4604
0.0 4605
0.0 4606
0.0 4607
0.0 4608
0.0 4609
0.0 4610
0.0 4611
0.0 4612
0.0 4613
0.0 4614
0.0 4615
0.0 4616
0.0 4617
0.0 4618
0.0 4619
0.0 4620
0.0 4621
0.0 4622
0.0 4623
0.0 4624
0.0 4625
0.0 4626
0.0 4627
0.0 4628
0.0 4629
0.0 4630
0.0 4631
0.0 4632
0.0 4633
0.0 4634
0.0 4635
0.0 4636
0.0 4637
0.0 4638
0.0 4639
0.0 4640
0.0 4641
0.0 4642
0.0 4643
0.0 4644
0.0 4645
0.0 4646
0.0 4647
0.0 4648
0.0 4649
0.0 4650
0.0 4651
0.0 4652
0.0 4653
0.0 4654
14.1649084842 4655
43.3213999728 4656
62.8866972497 4657
65.5316700829 4658
47.7352668202 4659
16.5301446422 4660
0.0 4661
0.0 4662
0.0 4663
0.0 4664
0.0 4665
0.0 4666
0.0 4667
0.0 4668
0.0 4669
11.1958340903 4670
17.2184916248 4671
12.3895590724 4672
0.0 4673
0.0 4674
0.0 4675
0.0 4676
0.0 4677
0.0 4678
0.0 4679
0.0 4680
0.0 4681
0.0 4682
11.4650641411 4683
15.4328869307 4684
0.596451473189 4685
0.0 4686
0.0 4687
0.0 4688
0.0 4689
0.0 4690
20.872841945 4691
49.7099113599 4692
51.2858853814 4693
17.2257988401 4694
0.0 4695
0.0 4696
0.0 4697
0.0 4698
0.0 4699
0.0 4700
0.0 4701
0.0 4702
0.0 4703
0.0 4704
0.0 4705
0.0 4706
0.0 4707
0.0 4708
0.0 4709
0.0 4710
0.0 4711
0.0 4712
11.328538319 4713
14.8716076957 4714
2.32530591521 4715
0.0 4716
0.0 4717
0.0 4718
0.0 4719
0.0 4720
0.0 4721
0.0 4722
0.0 4723
0.0 4724
0.0 4725
0.0 4726
0.0 4727
0.0 4728
0.0 4729
0.0 4730
0.0 4731
0.0 4732
0.0 4733
0.0 4734
0.0 4735
0.0 4736
0.0 4737
0.0 4738
0.0 4739
0.0 4740
0.0 4741
0.0 4742
0.0 4743
0.0 4744
0.0 4745
0.0 4746
0.0 4747
0.0 4748
0.0 4749
0.0 4750
0.0 4751
0.0 4752
0.0 4753
0.0 4754
0.0 4755
0.0 4756
0.0 4757
0.0 4758
0.0 4759
0.0 4760
0.0 4761
0.0 4762
0.0 4763
0.0 4764
0.0 4765
0.0 4766
0.0 4767
0.0 4768
0.0 4769
0.0 4770
0.0 4771
0.0 4772
0.0 4773
0.0 4774
0.0 4775
0.0 4776
0.0 4777
0.0 4778
0.0 4779
0.0 4780
0.0 4781
0.0 4782
0.0 4783
0.0 4784
0.0 4785
17.2842423332 4786
39.3974539165 4787
58.2540240459 4788
67.8960904622 4789
64.2135778907 4790
50.6259552431 4791
32.4769855348 4792
15.0669944938 4793
3.38922285847 4794
0.0 4795
0.0 4796
5.40081248429 4797
13.924884517 4798
23.4674557012 4799
30.8071179126 4800
32.6107773363 4801
25.5725007681 4802
7.45993133924 4803
0.0 4804
0.0 4805
0.0 4806
0.0 4807
0.0 4808
0.0 4809
0.0 4810
0.0 4811
0.0 4812
0.0 4813
0.0 4814
0.0 4815
0.0 4816
0.0 4817
0.0 4818
0.0 4819
0.0 4820
0.0 4821
0.0 4822
0.0 4823
0.0 4824
0.0 4825
9.4593821897 4826
32.363056727 4827
41.4850172788 4828
28.1884947385 4829
0.0 4830
0.0 4831
0.0 4832
0.0 4833
0.0 4834
0.0 4835
3.05138182898 4836
27.7955756118 4837
37.6425329942 4838
35.3621565783 4839
26.220221726 4840
15.4412057557 4841
7.83044921958 4842
3.47431521717 4843
0.0 4844
0.0 4845
0.0 4846
0.0 4847
0.0 4848
0.0 4849
0.0 4850
0.0 4851
0.0 4852
0.0 4853
0.0 4854
0.0 4855
0.0 4856
0.0 4857
0.0 4858
0.0 4859
0.0 4860
0.0 4861
0.0 4862
0.0 4863
0.0 4864
1.07058005107 4865
10.8819344844 4866
18.5081962883 4867
23.2485500886 4868
24.2313602125 4869
20.4185406127 4870
10.7724836988 4871
0.0 4872
0.0 4873
0.0 4874
0.0 4875
0.0 4876
0.0 4877
0.0 4878
0.0 4879
0.0 4880
0.0 4881
0.0 4882
0.0 4883
0.0 4884
0.0 4885
0.0 4886
0.0 4887
0.0 4888
0.0 4889
0.0 4890
0.0 4891
0.0 4892
0.0 4893
0.0 4894
0.0 4895
0.0 4896
0.0 4897
0.0 4898
0.0 4899
0.0 4900
0.0 4901
0.0 4902
0.0 4903
0.0 4904
0.0 4905
0.0 4906
0.0 4907
0.0 4908
0.0 4909
0.0 4910
0.0 4911
0.0 4912
0.0 4913
0.0 4914
0.0 4915
0.0 4916
0.0 4917
0.0 4918
0.0 4919
0.0 4920
0.0 4921
0.0 4922
0.0 4923
0.0 4924
0.0 4925
0.0 4926
0.0 4927
0.0 4928
0.0 4929
0.0 4930
0.0 4931
0.0 4932
0.0 4933
0.0 4934
0.0 4935
0.0 4936
0.0 4937
0.0 4938
0.0 4939
0.0 4940
0.0 4941
0.0 4942
0.0 4943
0.0 4944
0.0 4945
0.0 4946
0.0 4947
0.0 4948
0.0 4949
0.0 4950
0.0 4951
0.0 4952
0.0 4953
0.0 4954
0.0 4955
0.0 4956
0.0 4957
0.0 4958
0.0 4959
0.0 4960
0.0 4961
0.0 4962
0.0 4963
0.0 4964
0.0 4965
0.0 4966
0.0 4967
0.0 4968
0.0 4969
0.0 4970
15.2871929007 4971
29.9472540119 4972
38.0899555709 4973
40.8575975852 4974
40.0302965523 4975
37.3788421703 4976
34.5083446694 4977
31.686679599 4978
28.509998625 4979
24.5713124092 4980
19.4898560408 4981
13.7554608371 4982
8.94347805571 4983
6.69032658778 4984
8.62419083154 4985
15.3366142192 4986
24.0770474979 4987
31.4319168854 4988
34.0039620199 4989
28.8486695202 4990
17.1474343042 4991
2.33220943181 4992
0.0 4993
0.0 4994
0.0 4995
0.0 4996
0.0 4997
0.0 4998
0.0 4999
0.0 5000
0.0 5001
0.0 5002
0.0 5003
2.14053917705 5004
5.64213509849 5005
2.33975305446 5006
0.0 5007
0.0 5008
0.0 5009
0.0 5010
0.0 5011
0.0 5012
0.0 5013
0.0 5014
0.0 5015
0.0 5016
0.0 5017
0.0 5018
0.0 5019
0.0 5020
0.0 5021
0.0 5022
0.0 5023
0.0 5024
0.0 5025
0.0 5026
0.0 5027
0.0 5028
0.0 5029
0.0 5030
0.0 5031
0.0 5032
0.0 5033
0.0 5034
0.0 5035
0.0 5036
0.0 5037
0.0 5038
0.0 5039
0.0 5040
0.0 5041
3.65261355557 5042
11.8862207868 5043
14.6850039272 5044
12.3246314687 5045
5.08876678795 5046
0.0 5047
0.0 5048
0.0 5049
0.0 5050
0.0 5051
0.0 5052
0.0 5053
0.0 5054
0.0 5055
0.0 5056
0.0 5057
0.0 5058
0.0 5059
0.0 5060
0.0 5061
0.0 5062
0.0 5063
0.0 5064
0.0 5065
0.0 5066
0.0 5067
0.0 5068
0.0 5069
0.0 5070
0.0 5071
0.0 5072
0.0 5073
0.0 5074
0.0 5075
0.0 5076
0.0 5077
0.0 5078
0.0 5079
0.0 5080
0.0 5081
0.0 5082
0.0 5083
0.0 5084
0.0 5085
0.0 5086
0.0 5087
0.0 5088
0.0 5089
0.0 5090
0.0 5091
0.0 5092
0.0 5093
0.0 5094
0.0 5095
0.0 5096
0.0 5097
0.0 5098
0.0 5099
0.0 5100
0.0 5101
0.0 5102
0.0 5103
0.0 5104
0.0 5105
0.0 5106
0.0 5107
0.0 5108
0.0 5109
0.0 5110
0.0 5111
0.0 5112
0.0 5113
0.0 5114
0.0 5115
0.0 5116
0.0 5117
0.0 5118
0.0 5119
0.0 5120
0.0 5121
0.0 5122
0.0 5123
0.0 5124
0.0 5125
0.0 5126
0.0 5127
1.51893250943 5128
0.0992312448551 5129
0.0 5130
0.0 5131
0.0 5132
0.0 5133
0.0 5134
0.0 5135
0.0 5136
0.0 5137
0.0 5138
0.0 5139
0.0 5140
0.0 5141
0.0 5142
0.0 5143
0.0 5144
0.0 5145
0.0 5146
0.0 5147
0.0 5148
0.0 5149
0.0 5150
0.0 5151
9.09996416331 5152
22.4548349219 5153
28.174128093 5154
23.7965107766 5155
12.1514153505 5156
0.0 5157
0.0 5158
0.0 5159
0.0 5160
0.0 5161
0.0 5162
0.0 5163
0.0 5164
0.0 5165
0.0 5166
0.0 5167
0.0 5168
0.0 5169
0.0 5170
0.0 5171
0.0 5172
0.0 5173
0.0 5174
0.0 5175
2.91741381761 5176
2.41640127372 5177
0.0 5178
0.0 5179
0.0 5180
0.0 5181
0.0 5182
0.0 5183
0.0 5184
2.60198220895 5185
12.7206274516 5186
21.6021343192 5187
26.7370787496 5188
25.7017549676 5189
18.5305178768 5190
7.98551310494 5191
0.0 5192
0.0 5193
0.0 5194
0.0 5195
0.0 5196
0.0 5197
0.0 5198
0.0 5199
0.0 5200
0.0 5201
0.0 5202
0.0 5203
0.0 5204
0.0 5205
0.0 5206
0.0 5207
0.0 5208
0.0 5209
0.0 5210
0.0 5211
0.0 5212
0.0 5213
0.0 5214
0.0 5215
0.0 5216
0.0 5217
0.0 5218
0.0 5219
0.0 5220
0.0 5221
0.0 5222
0.0 5223
0.0 5224
0.0 5225
0.0 5226
0.0 5227
0.0 5228
0.0 5229
0.0 5230
0.0 5231
0.0 5232
0.0 5233
0.0 5234
0.0 5235
0.0 5236
0.0 5237
0.0 5238
0.0 5239
0.0 5240
0.0 5241
0.0 5242
0.0 5243
0.0 5244
0.0 5245
0.0 5246
0.0 5247
0.0 5248
0.0 5249
0.0 5250
0.0 5251
0.0 5252
0.0 5253
0.0 5254
0.0 5255
0.0 5256
0.0 5257
0.0 5258
1.49725076564 5259
2.30435352692 5260
0.561304836213 5261
0.0 5262
0.0 5263
0.0 5264
0.0 5265
0.0 5266
0.0 5267
0.0 5268
0.0 5269
0.0 5270
0.0 5271
0.0 5272
0.0 5273
0.0 5274
0.0 5275
0.0 5276
0.0 5277
0.0 5278
0.0 5279
0.0 5280
0.0 5281
0.0 5282
0.0 5283
0.0 5284
0.0 5285
0.0 5286
0.0 5287
0.0 5288
0.0 5289
0.0 5290
0.0 5291
0.0 5292
0.0 5293
0.0 5294
0.0 5295
0.0 5296
0.0 5297
0.0 5298
0.0 5299
0.0 5300
0.0 5301
0.0 5302
0.0 5303
0.0 5304
0.0 5305
0.0 5306
0.0 5307
0.0 5308
0.0 5309
0.0 5310
0.0 5311
0.0 5312
0.0 5313
0.0 5314
0.0 5315
0.0 5316
0.905194329344 5317
8.14125873515 5318
3.35900122741 5319
0.0 5320
0.0 5321
0.0 5322
0.0 5323
0.0 5324
0.0 5325
0.0 5326
0.0 5327
0.0 5328
0.0 5329
0.0 5330
0.0 5331
0.0 5332
0.0 5333
0.0 5334
0.0 5335
0.0 5336
0.0 5337
0.0 5338
0.0 5339
0.0 5340
0.0 5341
0.0 5342
3.58430989811 5343
21.6533971481 5344
28.4721670637 5345
25.0468189632 5346
13.1121177018 5347
0.0 5348
0.0 5349
0.0 5350
0.0 5351
0.0 5352
0.0 5353
0.0 5354
0.0 5355
0.0 5356
0.0 5357
0.0 5358
0.0 5359
0.0 5360
0.0 5361
0.0 5362
0.0 5363
0.0 5364
0.0 5365
0.0 5366
0.0 5367
6.74082634131 5368
14.0941875411 5369
11.0663631379 5370
0.0 5371
0.0 5372
0.0 5373
0.0 5374
0.0 5375
0.0 5376
0.0 5377
0.0 5378
0.0 5379
0.0 5380
0.0 5381
0.0 5382
0.0 5383
0.0 5384
0.0 5385
0.0 5386
0.0 5387
0.0 5388
0.0 5389
0.0 5390
0.0 5391
0.0 5392
0.0 5393
0.0 5394
0.0 5395
0.0 5396
0.0 5397
0.0 5398
0.0 5399
0.0 5400
0.0 5401
0.0 5402
0.0 5403
0.0 5404
0.0 5405
0.0 5406
0.0 5407
0.0 5408
0.0 5409
0.0 5410
0.0 5411
0.0 5412
0.0 5413
0.0 5414
0.0 5415
0.0 5416
0.0 5417
0.0 5418
0.0 5419
0.0 5420
0.0 5421
0.0 5422
0.0 5423
0.0 5424
0.0 5425
0.0 5426
0.0 5427
0.0 5428
0.0 5429
0.0 5430
0.0 5431
0.0 5432
0.0 5433
0.0 5434
0.0 5435
0.0 5436
0.0 5437
0.0 5438
0.0 5439
0.0 5440
0.0 5441
0.0 5442
0.0 5443
0.0 5444
0.0 5445
0.0 5446
0.0 5447
0.0 5448
0.0 5449
0.0 5450
0.0 5451
0.0 5452
2.46395735001 5453
26.4300963003 5454
41.8412062544 5455
40.913949937 5456
23.9401254257 5457
0.0 5458
0.0 5459
0.0 5460
0.0 5461
0.0 5462
1.07127351061 5463
6.31173773939 5464
0.0 5465
0.0 5466
0.0 5467
0.0 5468
0.0 5469
0.0 5470
0.0 5471
0.0 5472
0.0 5473
0.0 5474
0.0 5475
0.0 5476
0.0 5477
0.0 5478
0.0 5479
0.0 5480
0.0 5481
6.52554282834 5482
13.4232741883 5483
14.1840345468 5484
8.79714539476 5485
0.0 5486
0.0 5487
0.0 5488
0.0 5489
0.0 5490
0.0 5491
0.0 5492
0.0 5493
0.0 5494
0.0 5495
0.0 5496
0.0 5497
0.0 5498
0.0 5499
0.0 5500
0.0 5501
0.0 5502
0.0 5503
0.0 5504
0.0 5505
0.0 5506
0.0 5507
0.0 5508
0.0 5509
0.0 5510
0.0 5511
0.0 5512
0.0 5513
0.0 5514
0.0 5515
0.0 5516
0.0 5517
0.0 5518
0.0 5519
0.0 5520
0.0 5521
0.0 5522
0.0 5523
0.0 5524
0.0 5525
0.0 5526
0.0 5527
3.55977308588 5528
4.26350360883 5529
0.0 5530
0.0 5531
0.0 5532
0.0 5533
0.0 5534
1.62797110792 5535
11.7000047124 5536
19.4419639557 5537
22.5498617292 5538
21.2370817955 5539
16.2971532238 5540
8.5249021552 5541
0.0 5542
0.0 5543
0.0 5544
0.0 5545
0.0 5546
0.0 5547
0.0 5548
0.0 5549
0.0 5550
0.0 5551
0.0 5552
0.0 5553
0.0 5554
0.0 5555
0.0 5556
0.0 5557
0.0 5558
0.0 5559
0.0 5560
0.0 5561
0.0 5562
0.0 5563
0.0 5564
0.0 5565
0.0 5566
0.0 5567
0.0 5568
9.53703370422 5569
25.7210123622 5570
30.8226355541 5571
19.4007440291 5572
0.0 5573
0.0 5574
0.0 5575
0.0 5576
0.0 5577
0.0 5578
0.0 5579
0.0 5580
0.0 5581
0.0 5582
0.0 5583
0.0 5584
0.0 5585
0.0 5586
0.0 5587
0.0 5588
0.0 5589
0.0 5590
0.0 5591
0.0 5592
0.0 5593
0.0 5594
0.0 5595
0.0 5596
0.0 5597
0.0 5598
0.0 5599
0.0 5600
0.0 5601
0.0 5602
0.0 5603
0.0 5604
0.0 5605
0.0 5606
0.0 5607
0.0 5608
0.0 5609
0.0 5610
0.0 5611
0.0 5612
0.0 5613
0.0 5614
0.0 5615
0.0 5616
0.0 5617
0.0 5618
0.0 5619
0.0 5620
0.0 5621
0.0 5622
0.0 5623
0.0 5624
0.0 5625
0.0 5626
0.0 5627
0.0 5628
0.0 5629
0.0 5630
0.0 5631
0.0 5632
6.68978871961 5633
8.92718096243 5634
2.96853011651 5635
0.0 5636
0.0 5637
0.0 5638
0.0 5639
0.0 5640
0.0 5641
0.0 5642
0.0 5643
0.0 5644
0.0 5645
0.0 5646
0.0 5647
0.0 5648
0.0 5649
0.0 5650
0.0 5651
0.0 5652
0.0 5653
0.0 5654
0.0 5655
0.0 5656
0.0 5657
0.0 5658
0.0 5659
0.0 5660
0.0 5661
0.0 5662
0.0 5663
0.0 5664
0.0 5665
0.0 5666
0.0 5667
0.0 5668
0.0 5669
0.0 5670
0.0 5671
0.0 5672
0.0 5673
0.0 5674
0.0 5675
0.0 5676
24.16056931 5677
51.4069547414 5678
78.6777352957 5679
105.861707996 5680
133.140469573 5681
160.695776462 5682
188.630060166 5683
216.269353891 5684
242.500631075 5685
266.205005035 5686
286.252467774 5687
301.211526817 5688
309.308162063 5689
308.748747129 5690
297.745207445 5691
276.272010389 5692
248.40018106 5693
218.783877959 5694
192.080817009 5695
172.043714415 5696
157.82226186 5697
147.109163972 5698
137.594811902 5699
127.055416492 5700
114.317420534 5701
98.9022193514 5702
80.3433062642 5703
58.2259501824 5704
34.2345173679 5705
12.8252763384 5706
0.0 5707
0.0 5708
7.49291963395 5709
25.2843553965 5710
41.513189013 5711
47.9651558356 5712
38.2080622892 5713
16.4325555086 5714
0.0 5715
0.0 5716
0.0 5717
0.0 5718
0.0 5719
0.0 5720
0.0 5721
0.0 5722
0.0 5723
0.0 5724
0.0 5725
0.0 5726
0.0 5727
0.0 5728
0.0 5729
0.0 5730
0.0 5731
0.0 5732
0.0 5733
0.0 5734
0.0 5735
0.0 5736
0.0 5737
0.0 5738
0.0 5739
0.0 5740
0.0 5741
0.0 5742
0.0 5743
0.0 5744
17.1626824667 5745
41.3838613934 5746
51.5683904493 5747
49.2417701495 5748
39.6475487117 5749
28.0529133701 5750
19.5576623574 5751
15.8252996392 5752
15.3296202494 5753
16.4228074646 5754
17.4659941087 5755
17.7982886911 5756
18.550788164 5757
21.0467501653 5758
26.6102129695 5759
35.5977678002 5760
44.6566145828 5761
49.5436850276 5762
46.013466798 5763
30.5686675253 5764
6.0641553128 5765
0.0 5766
0.0 5767
0.0 5768
0.0 5769
0.0 5770
0.0 5771
0.0 5772
0.0 5773
6.74922138829 5774
21.3746605956 5775
28.0940334545 5776
24.5951061678 5777
13.6978779238 5778
0.0 5779
0.0 5780
0.0 5781
0.0 5782
0.0 5783
0.0 5784
0.0 5785
12.1845904088 5786
25.1260495797 5787
32.2787398771 5788
29.5454489591 5789
16.0305290688 5790
0.0 5791
0.0 5792
0.0 5793
0.0 5794
0.0 5795
2.37457728666 5796
15.1212366915 5797
19.8709640455 5798
16.9698453073 5799
9.87179404308 5800
2.06563763551 5801
0.0 5802
0.0 5803
0.0 5804
0.0 5805
0.0 5806
0.0 5807
0.0 5808
0.0 5809
0.0 5810
0.0 5811
2.89621513148 5812
13.8689185548 5813
23.1884726696 5814
28.5358628084 5815
30.1987655808 5816
29.9315925386 5817
29.5061184663 5818
30.6254382535 5819
33.1148804612 5820
34.7532083939 5821
33.2146084027 5822
26.1834838941 5823
13.3152306044 5824
0.0 5825
0.0 5826
0.0 5827
0.0 5828
0.0 5829
12.9169680498 5830
30.0838431102 5831
44.6599683527 5832
54.9255095495 5833
60.0808567829 5834
59.3359042319 5835
51.965226424 5836
38.9589431596 5837
23.1537450805 5838
7.479309817 5839
0.0 5840
0.0 5841
0.0 5842
0.0 5843
0.0 5844
0.0 5845
1.42279488209 5846
10.6168725752 5847
20.8515621284 5848
31.6917860049 5849
42.5664020959 5850
52.8301204423 5851
61.836491042 5852
68.945476484 5853
73.6853996308 5854
75.760254652 5855
74.8820219144 5856
70.7669285827 5857
63.7327323737 5858
55.3057638746 5859
47.1578872455 5860
40.9620236107 5861
38.0311318253 5862
38.2062469376 5863
40.9528323682 5864
45.7360148292 5865
52.2957771205 5866
62.7843270529 5867
80.6047849385 5868
109.173109856 5869
151.513658668 5870
201.791458812 5871
245.414017155 5872
267.406765904 5873
253.030761061 5874
214.43890152 5875
214.583234737 5876
322.096136408 5877
605.657717807 5878
1138.34350619 5879
2009.76688805 5880
3313.51293289 5881
5143.23403408 5882
7576.36129657 5883
10559.6716679 5884
13977.020763 5885
17711.7822969 5886
21646.0651114 5887
25638.4303735 5888
29525.79215 5889
33144.1401528 5890
36329.6663857 5891
38944.3157707 5892
40895.0242792 5893
42093.1683989 5894
42450.0680926 5895
41926.5557003 5896
40654.880452 5897
38804.3754628 5898
36544.5406942 5899
34038.9207738 5900
31407.7770988 5901
28752.4512532 5902
26174.2828988 5903
23771.637753 5904
21590.761437 5905
19634.244886 5906
17903.3221023 5907
16398.9704549 5908
15105.2907975 5909
13979.8746884 5910
12977.9665018 5911
12054.7758158 5912
11174.9001365 5913
10331.8171394 5914
9524.53066996 5915
8752.04923398 5916
8013.17303378 5917
7305.45872052 5918
6625.97233689 5919
5971.77609095 5920
5340.37354643 5921
4735.57232576 5922
4165.89394254 5923
3639.97886599 5924
3166.35330116 5925
2747.98124866 5926
2380.09864174 5927
2057.36631159 5928
1774.44114449 5929
1526.42686055 5930
1309.62419556 5931
1120.52862199 5932
955.633214753 5933
811.725122555 5934
687.198467501 5935
580.9890205 5936
492.032279361 5937
419.154108965 5938
359.905195731 5939
311.006187212 5940
269.160733691 5941
231.138427355 5942
195.990713478 5943
165.528578006 5944
141.729477535 5945
126.56591454 5946
120.372658492 5947
119.748164198 5948
120.769709269 5949
119.510888789 5950
113.307799793 5951
105.253829161 5952
100.082071848 5953
102.530349654 5954
116.443567258 5955
137.118983116 5956
155.111378416 5957
160.916010996 5958
145.464096507 5959
110.460652168 5960
68.7040689005 5961
33.5125155371 5962
18.1439601821 5963
27.511559956 5964
50.582220142 5965
74.5178171492 5966
86.4672587694 5967
77.624855717 5968
54.3015255004 5969
26.3375222643 5970
3.58325884909 5971
0.0 5972
0.0 5973
8.71727904474 5974
20.3513281727 5975
27.6023081674 5976
28.7164453903 5977
25.1752023409 5978
18.5662536636 5979
10.4808407441 5980
2.62954504269 5981
0.0 5982
0.0 5983
0.0 5984
10.3141942807 5985
23.9383923292 5986
35.9679841621 5987
41.9630199752 5988
38.4378915831 5989
27.656624554 5990
14.0209252278 5991
1.94097089448 5992
0.0 5993
0.0 5994
0.341632270272 5995
8.02941248932 5996
16.9170240333 5997
25.6515499015 5998
33.3843260271 5999
39.2985102766 6000
42.576996877 6001
42.6011772376 6002
39.2247733273 6003
32.3698663761 6004
21.9584224945 6005
8.46594348073 6006
0.0 6007
0.0 6008
0.0 6009
0.0 6010
6.63614503028 6011
20.5030700111 6012
25.1194441273 6013
12.8637792037 6014
0.0 6015
0.0 6016
0.0 6017
0.0 6018
0.0 6019
0.0 6020
0.0 6021
0.0 6022
0.0 6023
0.0 6024
0.0 6025
0.0 6026
0.0 6027
0.0 6028
0.0 6029
0.0 6030
0.0 6031
0.0 6032
0.0 6033
0.0 6034
0.0 6035
0.0 6036
1.16587528818 6037
8.37485366118 6038
16.2332868343 6039
24.7025670432 6040
31.7363109078 6041
34.9577779823 6042
31.9869694718 6043
21.1395173917 6044
4.32500724542 6045
0.0 6046
0.0 6047
0.0 6048
0.0 6049
0.0 6050
0.0 6051
0.0 6052
0.0 6053
0.0 6054
0.0 6055
0.0 6056
0.0 6057
0.0 6058
0.0 6059
0.0 6060
0.0 6061
0.0 6062
0.0 6063
0.0 6064
0.0 6065
0.0 6066
0.0 6067
0.0 6068
0.0 6069
0.0 6070
0.0 6071
0.0 6072
0.0 6073
0.0 6074
3.31099735329 6075
15.0292075827 6076
14.0791144415 6077
0.0 6078
0.0 6079
0.0 6080
0.0 6081
0.0 6082
0.0 6083
4.83962057771 6084
17.3787531521 6085
6.98648367712 6086
0.0 6087
0.0 6088
0.0 6089
0.0 6090
0.0 6091
0.0 6092
0.0 6093
0.0 6094
15.9513935525 6095
27.1830887802 6096
28.6565890123 6097
19.6464202099 6098
1.03461740969 6099
0.0 6100
0.0 6101
0.0 6102
0.0 6103
0.0 6104
16.2359945019 6105
29.1428598749 6106
20.5716934652 6107
0.0 6108
0.0 6109
0.0 6110
0.0 6111
0.0 6112
0.0 6113
0.0 6114
0.0 6115
0.0 6116
0.0 6117
0.0 6118
5.54666427961 6119
0.0 6120
0.0 6121
0.0 6122
0.0 6123
0.0 6124
0.0 6125
0.0 6126
0.0 6127
0.0 6128
0.0 6129
0.0 6130
0.0 6131
0.0 6132
0.0 6133
0.0 6134
0.0 6135
0.0 6136
0.0 6137
11.2688574994 6138
45.8703279268 6139
57.0078351143 6140
33.6110120182 6141
0.0 6142
0.0 6143
0.0 6144
0.0 6145
0.0 6146
0.0 6147
0.0 6148
26.7816480576 6149
51.4174532565 6150
65.5183400749 6151
70.8491883952 6152
69.1837231808 6153
62.8608822377 6154
55.2530124329 6155
49.8483525319 6156
50.1411159184 6157
57.8215345553 6158
68.544541713 6159
76.6997332571 6160
76.6665732174 6161
64.1259268464 6162
43.0117341013 6163
20.4733597601 6164
3.6801865417 6165
0.0 6166
7.48753209102 6167
23.8631010878 6168
43.9613324198 6169
63.3172743239 6170
77.8327375844 6171
83.8499378906 6172
77.7306452843 6173
55.8561149484 6174
18.7516281535 6175
0.0 6176
0.0 6177
0.0 6178
0.0 6179
0.0 6180
0.0 6181
0.0 6182
0.0 6183
0.0 6184
0.0 6185
0.0 6186
0.0 6187
0.0 6188
0.0 6189
0.0 6190
0.0 6191
0.0 6192
0.0 6193
0.0 6194
0.0 6195
0.0 6196
26.8809349013 6197
66.8072804968 6198
80.5122539693 6199
56.4594544052 6200
7.85828818197 6201
0.0 6202
0.0 6203
0.0 6204
0.0 6205
0.0 6206
0.0 6207
6.90123260397 6208
0.765904935862 6209
0.0 6210
0.0 6211
0.0 6212
0.0 6213
0.0 6214
0.0 6215
0.0 6216
0.0 6217
0.0 6218
0.0 6219
0.0 6220
0.0 6221
0.0 6222
0.0 6223
0.0 6224
0.0 6225
0.0 6226
0.0 6227
0.0 6228
0.0 6229
0.0 6230
0.0 6231
0.0 6232
0.0 6233
0.0 6234
0.0 6235
0.0 6236
0.0 6237
0.0 6238
0.0 6239
0.0 6240
0.0 6241
0.0 6242
0.0 6243
0.0 6244
0.0 6245
0.0 6246
0.0 6247
0.0 6248
0.0 6249
0.0 6250
0.0 6251
0.0 6252
0.0 6253
0.0 6254
0.0 6255
0.0 6256
0.0 6257
0.0 6258
0.0 6259
0.0 6260
0.0 6261
0.0 6262
0.0 6263
0.0 6264
0.0 6265
0.0 6266
0.0 6267
0.0 6268
0.0 6269
0.0 6270
0.0 6271
0.0 6272
0.0 6273
0.0 6274
0.0 6275
0.0 6276
3.11685829095 6277
9.32991260033 6278
16.1850018438 6279
23.0614951848 6280
28.0684656818 6281
29.1273497684 6282
24.1554795251 6283
11.7212058815 6284
0.0 6285
0.0 6286
0.0 6287
0.0 6288
0.0 6289
0.0 6290
0.0 6291
0.0 6292
0.0 6293
0.0 6294
0.0 6295
0.0 6296
0.0 6297
0.0 6298
0.0 6299
0.0 6300
0.0 6301
0.0 6302
0.0 6303
0.0 6304
0.0 6305
0.0 6306
0.0 6307
0.0 6308
0.0 6309
0.0 6310
0.0 6311
0.0 6312
0.0 6313
0.0 6314
0.0 6315
0.0 6316
0.0 6317
0.0 6318
0.0 6319
0.0 6320
0.0 6321
0.0 6322
0.0 6323
0.0 6324
0.0 6325
0.0 6326
0.0 6327
0.0 6328
0.0 6329
0.0 6330
0.0 6331
0.0 6332
0.0 6333
0.0 6334
0.0 6335
0.0 6336
0.0 6337
0.0 6338
0.0 6339
0.0 6340
0.0 6341
0.0 6342
0.0 6343
0.0 6344
0.0 6345
0.0 6346
0.0 6347
0.0 6348
0.0 6349
0.0 6350
0.0 6351
0.0 6352
0.0 6353
0.0 6354
0.0 6355
0.0 6356
0.0 6357
0.0 6358
0.0 6359
0.0 6360
14.4345383238 6361
22.8827159496 6362
13.0795258064 6363
0.0 6364
0.0 6365
0.0 6366
0.0 6367
0.0 6368
0.0 6369
0.0 6370
0.0 6371
0.0 6372
0.0 6373
0.0 6374
0.0 6375
0.0 6376
0.0 6377
0.0 6378
21.9418586279 6379
22.6914086593 6380
4.00378754791 6381
0.0 6382
0.0 6383
0.0 6384
0.0 6385
0.0 6386
20.0412861377 6387
32.6094596173 6388
28.544040102 6389
13.3640513791 6390
0.0 6391
0.0 6392
0.0 6393
0.0 6394
0.0 6395
0.0 6396
0.0 6397
0.0 6398
0.0 6399
0.0 6400
0.0 6401
0.0 6402
0.0 6403
0.0 6404
0.0 6405
0.0 6406
1.60190557274 6407
4.71198775179 6408
7.13320071069 6409
9.56755353598 6410
11.7529502441 6411
13.3516329401 6412
14.0253503955 6413
13.4735778692 6414
11.4855752492 6415
7.86322248815 6416
2.40803521018 6417
0.0 6418
0.0 6419
0.0 6420
0.0 6421
0.0 6422
0.0 6423
0.0 6424
0.0 6425
0.0 6426
0.0 6427
0.0 6428
0.0 6429
0.0 6430
0.0 6431
0.0 6432
0.0 6433
0.0 6434
0.0 6435
0.0 6436
0.0 6437
0.0 6438
0.0 6439
0.0 6440
0.0 6441
0.0 6442
0.0 6443
1.14139931911 6444
41.2749171098 6445
65.2102009971 6446
61.7947181628 6447
36.27590931 6448
2.07601585122 6449
0.0 6450
0.0 6451
0.0 6452
0.0 6453
0.0 6454
0.0 6455
0.0 6456
0.0 6457
0.0 6458
0.0 6459
0.0 6460
0.0 6461
0.0 6462
0.0 6463
0.0 6464
0.0 6465
0.0 6466
0.0 6467
0.0 6468
0.0 6469
0.0 6470
0.0 6471
0.0 6472
0.0 6473
0.0 6474
0.0 6475
0.0 6476
10.4902720107 6477
25.4786917659 6478
30.8973523321 6479
19.9337306816 6480
0.0 6481
0.0 6482
0.0 6483
0.0 6484
0.0 6485
0.0 6486
0.0 6487
0.0 6488
0.0 6489
0.0 6490
0.0 6491
0.0 6492
6.11259953977 6493
17.9934064392 6494
21.9861071871 6495
11.5303131178 6496
0.0 6497
0.0 6498
0.0 6499
0.0 6500
0.0 6501
0.0 6502
0.0 6503
0.0 6504
0.0 6505
0.0 6506
0.0 6507
0.0 6508
0.0 6509
0.0 6510
0.0 6511
0.0 6512
0.0 6513
0.0 6514
0.0 6515
0.0 6516
0.0 6517
0.0 6518
0.0 6519
0.0 6520
0.0 6521
0.0 6522
0.0 6523
0.0 6524
0.0 6525
0.0 6526
0.0 6527
0.0 6528
0.0 6529
0.0 6530
0.0 6531
0.0 6532
0.0 6533
0.0 6534
0.0 6535
0.0 6536
0.0 6537
0.0 6538
0.0 6539
0.0 6540
0.0 6541
0.0 6542
0.0 6543
0.0 6544
0.0 6545
0.0 6546
0.0 6547
0.0 6548
0.0 6549
0.0 6550
0.0 6551
0.0 6552
0.0 6553
0.0 6554
0.0 6555
0.0 6556
0.0 6557
0.0 6558
0.0 6559
0.0 6560
0.0 6561
0.0 6562
0.0 6563
0.0 6564
0.0 6565
0.0 6566
0.0 6567
0.0 6568
0.0 6569
0.0 6570
0.0 6571
0.0 6572
0.0 6573
0.0 6574
0.0 6575
0.0 6576
0.0 6577
0.0 6578
0.0 6579
0.0 6580
0.0 6581
0.0 6582
0.0 6583
0.0 6584
0.0 6585
0.0 6586
0.0 6587
0.0 6588
0.0 6589
24.2696536736 6590
58.9636676513 6591
81.2848353193 6592
85.2336744185 6593
73.910862585 6594
53.1238003511 6595
28.6906475276 6596
5.95061832839 6597
0.0 6598
0.0 6599
0.0 6600
0.0 6601
0.0 6602
0.0 6603
0.0 6604
0.0 6605
0.0 6606
0.0 6607
0.0 6608
0.0 6609
0.0 6610
0.0 6611
0.0 6612
0.0 6613
0.0 6614
0.0 6615
5.34043438072 6616
11.1216699777 6617
10.3056812272 6618
3.94803200804 6619
0.0 6620
0.0 6621
0.0 6622
0.0 6623
0.0 6624
0.0 6625
0.0 6626
0.0 6627
0.0 6628
0.0 6629
0.0 6630
0.0 6631
0.0 6632
0.0 6633
0.0 6634
0.0 6635
0.0 6636
0.0 6637
0.0 6638
0.0 6639
0.0 6640
0.0 6641
0.0 6642
0.0 6643
0.0 6644
0.0 6645
0.0 6646
0.0 6647
0.0 6648
0.0 6649
0.0 6650
0.0 6651
0.0 6652
0.0 6653
0.0 6654
0.0 6655
0.0 6656
0.0 6657
0.0 6658
0.0 6659
0.0 6660
0.0 6661
0.0 6662
0.0 6663
0.0 6664
0.0 6665
0.0 6666
0.0 6667
0.0 6668
0.0 6669
0.0 6670
0.0 6671
0.0 6672
0.0 6673
0.0 6674
0.0 6675
0.0 6676
0.0 6677
0.0 6678
0.0 6679
0.0 6680
0.0 6681
0.0 6682
0.0 6683
0.0 6684
0.0 6685
0.0 6686
0.0 6687
0.0 6688
0.0 6689
0.0 6690
0.0 6691
0.0 6692
0.0 6693
0.0 6694
0.0 6695
0.0 6696
0.0 6697
0.0 6698
0.0 6699
0.0 6700
0.0 6701
0.0 6702
0.0 6703
0.0 6704
0.0 6705
0.0 6706
0.0 6707
0.0 6708
0.0 6709
0.0 6710
0.0 6711
0.0 6712
0.0 6713
0.0 6714
0.0 6715
0.0 6716
0.0 6717
0.0 6718
0.0 6719
0.0 6720
0.0 6721
0.0 6722
0.0 6723
0.0 6724
0.0 6725
0.0 6726
0.0 6727
0.0 6728
0.0 6729
0.0 6730
0.0 6731
0.0 6732
0.0 6733
0.0 6734
0.0 6735
5.61098565827 6736
11.414556806 6737
0.0 6738
0.0 6739
0.0 6740
0.0 6741
0.0 6742
0.0 6743
0.0 6744
0.0 6745
7.86879448074 6746
5.69805562168 6747
0.0 6748
0.0 6749
0.0 6750
0.0 6751
0.0 6752
0.0 6753
0.0 6754
0.0 6755
0.0 6756
0.0 6757
0.0 6758
0.0 6759
0.0 6760
0.0 6761
0.0 6762
0.0 6763
0.0 6764
0.0 6765
0.0 6766
0.0 6767
0.0 6768
0.0 6769
0.0 6770
0.0 6771
0.0 6772
0.0 6773
0.0 6774
0.0 6775
0.0 6776
0.0 6777
0.0 6778
0.0 6779
0.0 6780
0.0 6781
0.0 6782
0.0 6783
0.0 6784
0.0 6785
0.0 6786
0.0 6787
0.0 6788
0.0 6789
0.0 6790
0.0 6791
0.0 6792
0.0 6793
0.0 6794
0.0 6795
0.0 6796
0.0 6797
0.0 6798
0.0 6799
0.0 6800
0.282442163248 6801
22.96174945 6802
37.312384927 6803
40.0310066788 6804
32.1982137036 6805
18.3415995647 6806
3.0908468319 6807
0.0 6808
0.0 6809
0.0 6810
0.0 6811
0.0 6812
0.0 6813
0.0 6814
0.0 6815
0.0 6816
0.0 6817
0.0 6818
0.0 6819
0.0 6820
0.0 6821
0.0 6822
0.0 6823
0.0 6824
0.0 6825
0.0 6826
0.0 6827
0.0 6828
0.0 6829
0.0 6830
0.0 6831
0.0 6832
0.0 6833
0.0 6834
0.0 6835
10.2248833878 6836
24.0310950523 6837
30.6826560275 6838
29.7786893225 6839
20.9759822553 6840
3.98275440431 6841
0.0 6842
0.0 6843
0.0 6844
0.0 6845
0.0 6846
0.0 6847
0.0 6848
0.0 6849
0.0 6850
0.0 6851
0.0 6852
0.0 6853
8.14897911039 6854
9.29995814367 6855
3.55514656976 6856
0.0 6857
0.0 6858
0.0 6859
0.0 6860
0.0 6861
0.0 6862
0.0 6863
0.0 6864
0.0 6865
0.0 6866
0.0 6867
0.0 6868
0.350959536586 6869
4.30196512573 6870
1.73624098521 6871
0.0 6872
0.0 6873
0.0 6874
0.0 6875
0.0 6876
0.0 6877
0.0 6878
0.0 6879
0.0 6880
0.0 6881
0.0 6882
0.0 6883
0.0 6884
0.0 6885
0.0 6886
0.0 6887
0.0 6888
0.0 6889
0.0 6890
16.8410715453 6891
13.2881737001 6892
0.0 6893
0.0 6894
0.0 6895
0.0 6896
0.0 6897
0.0 6898
4.88542586595 6899
24.8011385639 6900
38.7901893206 6901
39.7166749386 6902
21.1206297472 6903
0.0 6904
0.0 6905
0.0 6906
0.0 6907
0.0 6908
0.0 6909
0.0 6910
0.0 6911
0.0 6912
0.0 6913
0.0 6914
0.0 6915
0.0 6916
0.0 6917
0.0 6918
0.0 6919
0.0 6920
0.0 6921
0.0 6922
0.0 6923
0.0 6924
0.0 6925
0.0 6926
0.0 6927
0.0 6928
0.0 6929
0.0 6930
0.0 6931
0.0 6932
0.0 6933
0.0 6934
0.0 6935
0.0 6936
0.0 6937
0.0 6938
0.0 6939
0.0 6940
0.0 6941
0.0 6942
0.0 6943
0.0 6944
0.0 6945
0.0 6946
0.0 6947
0.0 6948
0.0 6949
0.0 6950
0.0 6951
0.0 6952
0.0 6953
0.0 6954
0.0 6955
0.0 6956
0.0 6957
0.0 6958
0.0 6959
0.0 6960
0.0 6961
0.0 6962
0.0 6963
0.0 6964
0.0 6965
0.0 6966
0.0 6967
0.0 6968
0.0 6969
0.0 6970
0.0 6971
0.0 6972
0.0 6973
0.0 6974
0.0 6975
0.0 6976
0.0 6977
0.0 6978
0.0 6979
0.0 6980
0.0 6981
0.0 6982
0.0 6983
0.0 6984
0.0 6985
23.2016090646 6986
42.0952456694 6987
43.0726338708 6988
21.6975070909 6989
0.0 6990
0.0 6991
0.0 6992
0.0 6993
0.0 6994
0.0 6995
0.0 6996
0.0 6997
0.0 6998
0.777712001891 6999
5.07101983504 7000
1.32067895344 7001
0.0 7002
0.0 7003
0.0 7004
0.0 7005
0.0 7006
0.0 7007
0.0 7008
0.0 7009
0.0 7010
0.0 7011
0.0 7012
0.0 7013
0.0 7014
0.0 7015
0.0 7016
19.6462798241 7017
21.0984890329 7018
0.0 7019
0.0 7020
0.0 7021
0.0 7022
0.0 7023
0.0 7024
0.0 7025
0.0 7026
0.0 7027
0.0 7028
0.0 7029
0.0 7030
0.0 7031
0.0 7032
0.0 7033
0.0 7034
0.0 7035
4.17154851135 7036
39.3794738789 7037
68.6087949667 7038
85.4501202551 7039
86.6930769365 7040
69.9707846201 7041
32.9114223568 7042
0.0 7043
0.0 7044
0.0 7045
0.0 7046
0.0 7047
0.0 7048
0.0 7049
10.0452627381 7050
25.1218772611 7051
6.02910146105 7052
0.0 7053
0.0 7054
0.0 7055
0.0 7056
0.0 7057
0.0 7058
0.0 7059
0.0 7060
0.0 7061
0.0 7062
0.0 7063
0.0 7064
0.0 7065
0.0 7066
0.0 7067
0.0 7068
0.0 7069
0.0 7070
0.0 7071
0.0 7072
0.0 7073
0.0 7074
0.0 7075
0.0 7076
0.0 7077
0.0 7078
0.0 7079
0.0 7080
0.0 7081
0.0 7082
0.0 7083
0.0 7084
0.0 7085
0.0 7086
0.0 7087
0.0 7088
0.0 7089
0.0 7090
0.0 7091
0.0 7092
0.0 7093
0.0 7094
0.0 7095
0.0 7096
0.0 7097
0.0 7098
0.0 7099
0.0 7100
0.0 7101
0.0 7102
0.0 7103
0.0 7104
0.0 7105
0.0 7106
0.0 7107
0.0 7108
0.0 7109
0.0 7110
0.0 7111
0.0 7112
0.0 7113
0.0 7114
0.0 7115
0.0 7116
0.0 7117
0.0 7118
0.0 7119
0.0 7120
0.0 7121
0.0 7122
0.0 7123
11.6925162421 7124
1.53576470425 7125
0.0 7126
0.0 7127
0.0 7128
0.0 7129
0.0 7130
0.0 7131
0.0 7132
0.0 7133
0.0 7134
0.0 7135
0.0 7136
0.0 7137
0.0 7138
0.0 7139
0.0 7140
0.0 7141
0.0 7142
0.0 7143
0.0 7144
0.0 7145
0.0 7146
0.0 7147
0.0 7148
0.0 7149
0.0 7150
0.0 7151
0.0 7152
0.0 7153
0.0 7154
0.0 7155
0.0 7156
0.0 7157
0.0 7158
0.0 7159
0.0 7160
0.0 7161
0.0 7162
0.0 7163
0.0 7164
16.3988374624 7165
23.0592867214 7166
18.2200769083 7167
7.07410758204 7168
0.0 7169
0.0 7170
0.0 7171
0.0 7172
0.0 7173
0.0 7174
0.0 7175
0.0 7176
0.0 7177
8.68238225223 7178
65.6082350875 7179
117.152999322 7180
145.476518854 7181
135.270600926 7182
92.3809757812 7183
33.0448777693 7184
0.0 7185
0.0 7186
0.0 7187
0.0 7188
0.0 7189
0.0 7190
0.0 7191
0.0 7192
0.0 7193
0.0 7194
0.0 7195
0.0 7196
0.0 7197
0.0 7198
0.0 7199
0.0 7200
0.0 7201
0.0 7202
0.0 7203
0.0 7204
0.0 7205
0.0 7206
1.22894177718 7207
15.018335222 7208
25.8376866005 7209
34.8777247058 7210
42.0497529665 7211
44.4266343947 7212
38.6887524766 7213
21.5058088754 7214
0.0 7215
0.0 7216
0.0 7217
0.0 7218
0.0 7219
0.0 7220
0.0 7221
0.0 7222
0.0 7223
0.0 7224
0.0 7225
0.0 7226
0.0 7227
0.0 7228
0.0 7229
0.0 7230
0.0 7231
0.0 7232
0.0 7233
0.0 7234
0.0 7235
0.0 7236
0.0 7237
10.5560290603 7238
0.0 7239
0.0 7240
0.0 7241
0.0 7242
0.0 7243
0.0 7244
0.0 7245
0.0 7246
0.0 7247
0.0 7248
0.0 7249
0.0 7250
0.0 7251
0.0 7252
0.0 7253
0.0 7254
0.0 7255
0.0 7256
0.0 7257
0.0 7258
0.0 7259
0.0 7260
0.0 7261
0.0 7262
2.48573949161 7263
15.2607896255 7264
14.2371153125 7265
0.121085403457 7266
0.0 7267
0.0 7268
0.0 7269
0.0 7270
0.0 7271
0.0 7272
0.0 7273
0.0 7274
0.0 7275
0.0 7276
0.0 7277
0.0 7278
0.0 7279
0.0 7280
0.0 7281
0.0 7282
0.0 7283
0.0 7284
0.0 7285
35.2927013255 7286
62.2252053263 7287
56.6539549596 7288
22.2129034145 7289
0.0 7290
0.0 7291
0.0 7292
0.0 7293
0.0 7294
0.0 7295
0.0 7296
0.0 7297
0.0 7298
0.0 7299
