338.304212741 3800
411.708183781 3801
421.979352896 3802
391.493138772 3803
342.5457659 3804
296.643650893 3805
259.323291027 3806
220.423794796 3807
169.159110733 3808
94.7882394566 3809
0.0 3810
0.0 3811
0.0 3812
0.0 3813
0.0 3814
0.0 3815
0.0 3816
113.771081882 3817
189.456676705 3818
206.739630993 3819
188.856377792 3820
166.43700058 3821
169.967240363 3822
226.701298238 3823
325.629410312 3824
430.076194102 3825
503.063325905 3826
507.88303487 3827
429.308854299 3828
301.373325086 3829
164.861137057 3830
60.3485617523 3831
23.6057543146 3832
46.7149345769 3833
97.8256521633 3834
145.002843717 3835
156.683853607 3836
122.971487046 3837
74.2197674112 3838
45.0291768188 3839
69.809806558 3840
175.577104931 3841
336.318486966 3842
502.606761891 3843
625.182667656 3844
655.694684102 3845
581.706182719 3846
444.913605985 3847
291.295477372 3848
166.566581447 3849
108.010321034 3850
105.866393357 3851
133.769766047 3852
165.488153121 3853
175.426148155 3854
154.803927822 3855
115.386816782 3856
70.1311000702 3857
31.9156584374 3858
11.7694880879 3859
12.6916625395 3860
35.4265775506 3861
80.7129600552 3862
148.927791087 3863
232.323085096 3864
315.121112596 3865
381.293460464 3866
414.912067086 3867
405.414365473 3868
360.781398623 3869
292.99629622 3870
213.968047665 3871
135.115683926 3872
61.1824122648 3873
0.0 3874
0.0 3875
0.0 3876
0.0 3877
0.0 3878
0.0 3879
0.0 3880
0.0 3881
54.616769829 3882
214.801479989 3883
355.695747774 3884
445.493436917 3885
469.324362436 3886
448.37911717 3887
408.375162993 3888
374.86353282 3889
370.118864713 3890
389.772008358 3891
416.080192038 3892
431.312018298 3893
418.029857172 3894
372.631581706 3895
314.755901069 3896
266.158010581 3897
248.450371006 3898
278.192571467 3899
340.362743563 3900
407.620349268 3901
452.773773621 3902
449.258187108 3903
389.220160719 3904
289.590331903 3905
168.910235955 3906
45.5998100048 3907
0.0 3908
0.0 3909
0.0 3910
0.0 3911
0.0 3912
0.0 3913
0.0 3914
0.0 3915
0.0 3916
0.0 3917
50.9156119303 3918
108.770586081 3919
163.196839415 3920
213.462491834 3921
255.42229593 3922
282.136331892 3923
286.625554977 3924
261.967595256 3925
210.041292121 3926
157.199627072 3927
133.871881675 3928
170.289034785 3929
291.872662595 3930
470.431896821 3931
643.57346687 3932
748.738201069 3933
724.012870807 3934
550.189544737 3935
298.49850429 3936
51.3267291944 3937
0.0 3938
0.0 3939
16.5926412885 3940
213.572815594 3941
409.756342415 3942
538.55552346 3943
570.702436432 3944
537.518533837 3945
475.719850423 3946
421.789513836 3947
406.291346932 3948
425.03119379 3949
460.858344833 3950
496.706629303 3951
515.81328052 3952
508.667649925 3953
474.825327569 3954
414.419772882 3955
327.583429 3956
218.609368522 3957
110.422117243 3958
31.0312864327 3959
8.2743296777 3960
68.255027054 3961
202.971408837 3962
371.622989676 3963
532.311773064 3964
643.397417471 3965
676.441669386 3966
646.002937638 3967
575.391856428 3968
487.778277413 3969
405.273102331 3970
336.86500692 3971
281.874048986 3972
239.397938366 3973
208.538106703 3974
187.783995367 3975
174.120235061 3976
164.321477459 3977
155.181320358 3978
144.049369945 3979
133.486384003 3980
128.950073718 3981
135.898891646 3982
159.685309258 3983
198.239432066 3984
235.972504705 3985
255.938819723 3986
241.288626985 3987
179.513927588 3988
87.1759766576 3989
0.0 3990
0.0 3991
0.0 3992
0.0 3993
38.4169658674 3994
126.47927834 3995
194.770073829 3996
222.195398389 3997
216.427603215 3998
193.855577368 3999
170.781426538 4000
162.927662597 4001
173.881121462 4002
194.739271131 4003
216.07043204 4004
228.493052592 4005
224.691116394 4006
204.493336801 4007
169.293920804 4008
120.479451065 4009
59.8969462764 4010
0.0 4011
0.0 4012
0.0 4013
0.0 4014
0.0 4015
77.5699988783 4016
166.145681047 4017
235.247328816 4018
264.897938264 4019
261.05130924 4020
244.487432828 4021
236.062116974 4022
256.411470961 4023
313.789991014 4024
393.585864804 4025
478.772531923 4026
552.405147247 4027
599.827850763 4028
621.595929093 4029
624.611704868 4030
615.766378956 4031
602.077628884 4032
597.468343713 4033
625.26845035 4034
709.383131834 4035
873.60982838 4036
1141.05755943 4037
1531.93758902 4038
2065.53559226 4039
2761.05474657 4040
3635.5127614 4041
4656.82980952 4042
5743.72244184 4043
6813.09248868 4044
7782.20620008 4045
8587.05560816 4046
9225.95870539 4047
9710.3270102 4048
10051.5186525 4049
10258.7205955 4050
10311.2738803 4051
10166.6020613 4052
9781.78563804 4053
9114.23729663 4054
8169.45219892 4055
7067.41356028 4056
5944.36166405 4057
4935.98448634 4058
4163.35908303 4059
3618.67225194 4060
3225.42461363 4061
2906.77181631 4062
2586.64341865 4063
2226.7296245 4064
1852.97467036 4065
1497.51015012 4066
1192.34490221 4067
964.78833869 4068
813.86455281 4069
727.889014122 4070
695.202009029 4071
704.137590658 4072
741.294168757 4073
791.123640658 4074
837.999302823 4075
866.351106512 4076
865.604038542 4077
846.098267606 4078
823.651921558 4079
814.027042367 4080
831.872122069 4081
871.815598763 4082
910.706363932 4083
924.849646684 4084
890.642828396 4085
797.38437905 4086
671.723987675 4087
546.972260784 4088
456.328457556 4089
429.520103998 4090
457.571897399 4091
506.863852376 4092
543.484581748 4093
533.760199143 4094
462.409038831 4095
351.297636746 4096
226.715769999 4097
114.86991729 4098
39.3435836659 4099
4.76638831148 4100
7.25336706222 4101
42.8914395883 4102
107.648192665 4103
191.040601653 4104
273.365915206 4105
334.267596202 4106
353.449080944 4107
316.178490185 4108
235.083372665 4109
131.209784228 4110
25.5448005179 4111
0.0 4112
0.0 4113
0.0 4114
0.0 4115
0.0 4116
133.563885872 4117
302.550253032 4118
468.149875235 4119
599.354016834 4120
667.231492118 4121
669.863399389 4122
624.674386073 4123
549.465203607 4124
461.973115022 4125
376.250906845 4126
298.047174929 4127
231.953128591 4128
182.54845059 4129
153.541451587 4130
141.399718964 4131
138.981792926 4132
139.137409529 4133
134.817927758 4134
124.183507937 4135
113.539831768 4136
109.8887752 4137
120.215323086 4138
149.033400646 4139
187.443092648 4140
222.013602993 4141
239.342179222 4142
226.632956031 4143
186.792610034 4144
139.873308779 4145
106.753653227 4146
108.264139574 4147
156.255414246 4148
230.363911606 4149
303.025022298 4150
346.736011207 4151
336.006748312 4152
274.117770803 4153
186.195410882 4154
97.8586703878 4155
34.633344378 4156
10.715302039 4157
13.230426928 4158
25.3626874935 4159
30.3320751059 4160
13.5140672061 4161
0.0 4162
0.0 4163
0.0 4164
0.0 4165
0.0 4166
0.0 4167
23.5005924988 4168
60.6275068387 4169
78.2060863888 4170
78.6185514619 4171
68.767713364 4172
55.5472406572 4173
45.718571021 4174
42.7051887875 4175
46.2289741255 4176
55.819472979 4177
71.0071933029 4178
90.4019468581 4179
109.260766301 4180
122.086385316 4181
123.391965725 4182
108.191229492 4183
78.7224534359 4184
42.7122810155 4185
8.01063008769 4186
0.0 4187
0.0 4188
0.0 4189
0.0 4190
0.0 4191
0.0 4192
0.0 4193
3.4907716224 4194
41.618321421 4195
109.691120197 4196
202.543798027 4197
292.631986682 4198
350.476473727 4199
346.650520421 4200
260.854027651 4201
121.98970098 4202
0.0 4203
0.0 4204
0.0 4205
0.0 4206
19.2484166826 4207
160.352255074 4208
290.512545985 4209
382.746045623 4210
433.406402662 4211
443.864696805 4212
415.489471337 4213
350.54088714 4214
263.349041524 4215
176.887733874 4216
114.281013979 4217
98.5395281362 4218
137.416863294 4219
204.919011542 4220
270.565299985 4221
303.927102065 4222
279.285408033 4223
207.80129722 4224
118.11945127 4225
38.9421774932 4226
0.0 4227
6.33953516732 4228
44.1900136591 4229
91.8577296484 4230
129.128999046 4231
139.880278058 4232
127.809389302 4233
102.637148314 4234
74.0693638907 4235
51.6321884496 4236
41.2868984114 4237
45.5469316603 4238
66.780327292 4239
107.348945021 4240
165.880076991 4241
229.604665454 4242
283.605793836 4243
312.991938205 4244
304.508054662 4245
263.447330705 4246
206.948887787 4247
152.316075024 4248
116.744781914 4249
107.894194725 4250
114.907053238 4251
124.813122878 4252
124.664436699 4253
103.884990091 4254
67.7343119608 4255
27.9884931871 4256
0.0 4257
0.0 4258
0.0 4259
19.6842073829 4260
49.1743194806 4261
74.4955769553 4262
89.3480114317 4263
98.8521327945 4264
111.056420334 4265
133.995155198 4266
174.867161147 4267
227.073566334 4268
272.595273765 4269
293.099503199 4270
270.313114194 4271
197.280709724 4272
95.7976685205 4273
0.0 4274
0.0 4275
0.0 4276
0.0 4277
0.0 4278
10.5427823519 4279
83.6920733532 4280
150.304259386 4281
200.391512094 4282
224.190583195 4283
211.956671316 4284
157.994238358 4285
78.3513464353 4286
0.0 4287
0.0 4288
0.0 4289
0.0 4290
0.0 4291
41.2343473078 4292
67.57825751 4293
58.1286148486 4294
29.3231867194 4295
3.60825420801 4296
3.38624056935 4297
48.6751779788 4298
130.856745583 4299
222.199192422 4300
294.674551786 4301
320.427538118 4302
287.657211168 4303
216.719397365 4304
131.77418639 4305
56.9329015943 4306
13.1384193846 4307
0.0 4308
7.62953516334 4309
26.8838595635 4310
48.2907014715 4311
68.2702307902 4312
90.5396099782 4313
119.278148294 4314
158.656218683 4315
209.213104208 4316
256.792747922 4317
283.543790371 4318
271.65362192 4319
205.16996187 4320
97.4908663629 4321
0.0 4322
0.0 4323
0.0 4324
0.0 4325
105.822304607 4326
234.827603049 4327
319.784251461 4328
321.014618898 4329
252.070678301 4330
153.328467875 4331
65.2796283447 4332
27.8189679172 4333
52.8854387442 4334
110.512746925 4335
167.34992383 4336
190.124348984 4337
156.444615915 4338
96.8381915247 4339
57.9067106984 4340
86.1437739059 4341
225.369032649 4342
466.033196899 4343
748.314011109 4344
1010.56567092 4345
1191.34604736 4346
1280.57365682 4347
1415.30586303 4348
1758.51301709 4349
2472.75228098 4350
3701.00462054 4351
5389.06847447 4352
7367.22259385 4353
9464.6945336 4354
11511.8062016 4355
13393.762806 4356
15090.3734055 4357
16590.8999368 4358
17884.6353325 4359
18953.1543022 4360
19733.8041776 4361
20148.4086276 4362
20118.9906311 4363
19571.7565753 4364
18536.6782586 4365
17154.5807992 4366
15571.3564617 4367
13932.4948749 4368
12357.4433209 4369
10880.861506 4370
9519.94717903 4371
8291.84868236 4372
7211.99117665 4373
6275.66755684 4374
5464.89819873 4375
4761.51593013 4376
4147.42209607 4377
3606.90441309 4378
3128.83470201 4379
2702.63768172 4380
2317.76806832 4381
1964.35107557 4382
1636.67291104 4383
1330.67580181 4384
1042.31776688 4385
767.90851213 4386
514.542977871 4387
302.017648066 4388
150.801205793 4389
81.2976541933 4390
102.654219758 4391
183.05306041 4392
281.41765511 4393
356.799619962 4394
371.173159979 4395
324.612370579 4396
244.585009462 4397
159.078668886 4398
95.9125157741 4399
69.5385404348 4400
66.2817070337 4401
68.9392982582 4402
60.3647191723 4403
26.5430036099 4404
0.0 4405
0.0 4406
0.0 4407
0.0 4408
0.0 4409
0.0 4410
27.1162952038 4411
68.3236103453 4412
83.1911725631 4413
77.6723889125 4414
62.1277189224 4415
46.8818521705 4416
41.716098201 4417
48.8802790834 4418
64.8939697369 4419
86.1442850899 4420
109.022220775 4421
128.071015401 4422
133.711219494 4423
115.83918012 4424
64.3886252714 4425
0.0 4426
0.0 4427
0.0 4428
0.0 4429
0.0 4430
0.0 4431
0.0 4432
0.0 4433
78.5977537751 4434
103.257761954 4435
82.2030045295 4436
37.3371031785 4437
0.0 4438
0.0 4439
0.0 4440
0.0 4441
0.0 4442
9.62839856433 4443
25.2096409262 4444
36.106658336 4445
43.1994307968 4446
47.3645342482 4447
49.2319988991 4448
47.5860600613 4449
40.3713882879 4450
25.5367832735 4451
1.20686446486 4452
0.0 4453
0.0 4454
0.0 4455
0.0 4456
86.7887135145 4457
193.624901757 4458
286.769172784 4459
333.115131006 4460
302.160636537 4461
201.164208968 4462
66.7184042533 4463
0.0 4464
0.0 4465
0.0 4466
0.0 4467
0.0 4468
0.0 4469
0.0 4470
0.0 4471
0.0 4472
0.0 4473
0.0 4474
34.3547587001 4475
89.3235160326 4476
136.591574306 4477
162.351449666 4478
157.831638841 4479
133.997779271 4480
106.641924115 4481
91.4833991137 4482
102.850689743 4483
135.833468676 4484
171.064748982 4485
188.910953705 4486
169.907162085 4487
108.779243171 4488
30.790736919 4489
0.0 4490
0.0 4491
0.0 4492
69.5910694051 4493
174.71702173 4494
263.712135788 4495
305.01121129 4496
290.448924973 4497
240.526687097 4498
177.410537115 4499
123.157618207 4500
93.9790006707 4501
84.7426872324 4502
85.4168043728 4503
86.0192991484 4504
77.2819122532 4505
58.7961684672 4506
36.4076822403 4507
16.0656591676 4508
3.65931640092 4509
0.938554485858 4510
1.37378038179 4511
0.0 4512
0.0 4513
0.0 4514
0.0 4515
0.0 4516
0.0 4517
0.0 4518
0.0 4519
0.0 4520
0.0 4521
0.0 4522
0.0 4523
0.0 4524
46.1728636233 4525
76.9086255715 4526
82.7603118111 4527
67.5941460988 4528
42.8065915835 4529
19.8584761737 4530
10.0836195163 4531
18.6136102599 4532
39.4273338247 4533
65.363034332 4534
89.298468511 4535
104.643528641 4536
107.64612697 4537
95.5644542343 4538
65.6737948583 4539
15.63159769 4540
0.0 4541
0.0 4542
0.0 4543
0.0 4544
0.0 4545
0.0 4546
0.0 4547
25.6480697028 4548
54.8391044208 4549
57.8133953703 4550
40.7381399148 4551
9.83796730896 4552
0.0 4553
0.0 4554
0.0 4555
0.0 4556
0.0 4557
0.0 4558
0.0 4559
0.0 4560
0.0 4561
0.0 4562
0.0 4563
0.0 4564
0.0 4565
0.0 4566
0.0 4567
0.0 4568
0.0 4569
0.0 4570
0.0 4571
0.0 4572
0.0 4573
0.0 4574
0.0 4575
0.0 4576
0.0 4577
0.0 4578
30.2436857704 4579
37.6673507424 4580
21.8226270237 4581
0.0 4582
0.0 4583
0.0 4584
0.0 4585
8.69825484995 4586
42.2966505647 4587
77.4987479238 4588
108.784427823 4589
130.958605264 4590
138.896095588 4591
127.505538166 4592
93.5508134644 4593
45.6234847187 4594
0.0 4595
0.0 4596
0.0 4597
0.0 4598
0.0 4599
22.2844862517 4600
39.5454618017 4601
36.4514944937 4602
18.9167242355 4603
0.0 4604
0.0 4605
0.0 4606
0.0 4607
0.0 4608
7.8950446308 4609
38.8900185876 4610
72.8046082144 4611
101.230509763 4612
115.427261103 4613
106.714582167 4614
69.9788816616 4615
17.8535308961 4616
0.0 4617
0.0 4618
0.0 4619
0.0 4620
54.5188347114 4621
112.806431012 4622
148.921350384 4623
151.271884108 4624
127.377834234 4625
87.6473599046 4626
42.4163182828 4627
1.18592169976 4628
0.0 4629
0.0 4630
0.0 4631
0.0 4632
0.0 4633
0.0 4634
0.0 4635
0.0 4636
0.0 4637
0.0 4638
0.0 4639
0.0 4640
0.0 4641
0.0 4642
0.0 4643
2.47310609054 4644
35.8712594377 4645
71.5011138423 4646
107.323542581 4647
141.258486361 4648
171.241154368 4649
194.841552941 4650
207.438096436 4651
203.647910485 4652
178.127230087 4653
125.988248677 4654
52.0532240902 4655
0.0 4656
0.0 4657
0.0 4658
0.0 4659
0.0 4660
0.0 4661
0.0 4662
0.0 4663
0.0 4664
0.0 4665
0.0 4666
0.0 4667
0.0 4668
48.3698717119 4669
103.06235859 4670
133.037412464 4671
128.272662148 4672
99.8976589144 4673
64.429007591 4674
38.2580876683 4675
36.5190857735 4676
57.9742443556 4677
89.2290135908 4678
116.69663639 4679
126.940979913 4680
113.226800703 4681
82.2223647 4682
42.1577227078 4683
1.19996213882 4684
0.0 4685
0.0 4686
0.0 4687
0.0 4688
0.0 4689
0.0 4690
0.0 4691
0.0 4692
0.0 4693
0.0 4694
0.0 4695
0.0 4696
0.0 4697
0.0 4698
42.1002297811 4699
109.377361389 4700
150.713809604 4701
145.473484791 4702
92.3648582898 4703
17.6360516552 4704
0.0 4705
0.0 4706
0.0 4707
0.0 4708
57.2945886741 4709
106.437159431 4710
114.766752797 4711
83.7029685672 4712
33.4299532773 4713
0.0 4714
0.0 4715
0.0 4716
0.0 4717
23.5897373446 4718
58.7504433582 4719
82.4300672877 4720
92.888126361 4721
91.4346650122 4722
79.3741017016 4723
58.0827615954 4724
30.8095078542 4725
2.65707392095 4726
0.0 4727
0.0 4728
0.0 4729
0.0 4730
0.0 4731
0.0 4732
9.6292142614 4733
20.4898233963 4734
30.1109531034 4735
39.4002939288 4736
49.2239466611 4737
59.0235393177 4738
66.3550151627 4739
68.662677872 4740
63.4117004814 4741
49.3854490252 4742
30.2628447983 4743
10.8428206106 4744
0.0 4745
0.0 4746
0.0 4747
6.21855305227 4748
26.0612559509 4749
51.9140350297 4750
80.6872116148 4751
106.15495735 4752
121.816963422 4753
121.226110798 4754
99.978068899 4755
64.0064615381 4756
22.5204649556 4757
0.0 4758
0.0 4759
0.0 4760
0.0 4761
0.0 4762
0.0 4763
5.34140153724 4764
25.8781578441 4765
37.7280111628 4766
34.6552603594 4767
12.0055117345 4768
0.0 4769
0.0 4770
0.0 4771
0.0 4772
0.0 4773
0.0 4774
0.0 4775
0.0 4776
0.0 4777
0.0 4778
0.0 4779
0.0 4780
0.0 4781
10.4892592334 4782
25.3830352213 4783
41.3275190114 4784
56.3720201051 4785
69.0296163979 4786
78.4875708464 4787
83.9932508882 4788
84.8002535987 4789
80.3498609278 4790
70.8443070287 4791
56.6812272422 4792
38.2551070131 4793
16.0406904092 4794
0.0 4795
0.0 4796
0.0 4797
0.0 4798
0.0 4799
0.0 4800
0.0 4801
0.0 4802
0.0 4803
0.0 4804
0.0 4805
15.7310302532 4806
45.526915997 4807
73.7667904449 4808
93.8523836338 4809
99.1387970847 4810
83.0530686674 4811
44.8136949234 4812
0.0 4813
0.0 4814
0.0 4815
0.0 4816
0.0 4817
31.8407851961 4818
68.9158642116 4819
81.2995027781 4820
65.7062556665 4821
33.3946955436 4822
0.0 4823
0.0 4824
0.0 4825
0.0 4826
0.0 4827
0.0 4828
33.7234883201 4829
72.2211036816 4830
102.107169556 4831
113.060554231 4832
95.0578373571 4833
48.4220471533 4834
0.0 4835
0.0 4836
0.0 4837
0.0 4838
0.0 4839
0.0 4840
0.0 4841
0.0 4842
0.0 4843
0.0 4844
0.0 4845
0.0 4846
0.0 4847
13.6102459256 4848
24.565406336 4849
27.2316568801 4850
18.4196474309 4851
1.43071653402 4852
0.0 4853
0.0 4854
0.0 4855
0.0 4856
0.0 4857
0.0 4858
0.0 4859
0.0 4860
0.0 4861
0.0 4862
5.15119465572 4863
9.28539907259 4864
11.1859384682 4865
10.7926683291 4866
8.04608688889 4867
2.95575487348 4868
0.0 4869
0.0 4870
0.0 4871
5.02347968815 4872
24.0031618509 4873
46.5148336984 4874
66.1732533021 4875
76.64055373 4876
72.6920276408 4877
57.1225877709 4878
36.3226541713 4879
16.6536267268 4880
4.28333340074 4881
0.796548036239 4882
2.47700538419 4883
5.33664365607 4884
5.41706846467 4885
0.0524948563807 4886
0.0 4887
0.0 4888
0.0 4889
0.0 4890
0.0 4891
0.0 4892
0.0 4893
0.0 4894
0.0 4895
0.0 4896
19.7336197678 4897
38.8859900828 4898
52.9756122658 4899
59.9426342396 4900
57.9032922085 4901
44.9868659209 4902
19.7342860327 4903
0.0 4904
0.0 4905
0.0 4906
0.0 4907
0.0 4908
0.0 4909
0.0 4910
0.0 4911
0.0 4912
0.0 4913
0.0 4914
0.0 4915
0.0 4916
0.0 4917
0.0 4918
0.0 4919
0.0 4920
0.0 4921
0.0 4922
0.0 4923
0.0 4924
0.0 4925
0.0 4926
0.0 4927
0.0 4928
0.0 4929
0.0 4930
0.0 4931
2.0615063502 4932
16.3615426418 4933
32.5784884185 4934
47.7404820624 4935
58.6189095811 4936
62.0051056168 4937
55.5730683667 4938
42.0797646067 4939
26.1096485435 4940
12.2217692216 4941
4.74679723416 4942
3.8813976816 4943
5.97939529015 4944
7.26880501538 4945
4.00826926808 4946
0.0 4947
0.0 4948
0.0 4949
0.0 4950
0.0 4951
7.23213970409 4952
26.2200809449 4953
37.3789306704 4954
33.4803122457 4955
14.9727011185 4956
0.0 4957
0.0 4958
0.0 4959
0.0 4960
0.0 4961
0.0 4962
8.40213836626 4963
10.6353822626 4964
2.44794748399 4965
0.0 4966
0.0 4967
0.0 4968
0.0 4969
0.0 4970
0.0 4971
0.0 4972
0.0 4973
0.0 4974
0.0 4975
0.0 4976
0.0 4977
26.9769790426 4978
75.256631017 4979
117.16401586 4980
144.785765467 4981
155.70128757 4982
154.331471305 4983
145.506984076 4984
134.034132304 4985
123.443360906 4986
113.183337665 4987
101.882100294 4988
88.1742307181 4989
70.9457037368 4990
51.3942364854 4991
31.9774257726 4992
15.1544484614 4993
3.3490864257 4994
0.0 4995
0.0 4996
6.20840142546 4997
19.6553314379 4998
38.2344797587 4999
57.6148044725 5000
72.7593038513 5001
78.6529870428 5002
70.8754014104 5003
50.9171114689 5004
23.7266555881 5005
0.0 5006
0.0 5007
0.0 5008
0.0 5009
0.0 5010
0.0 5011
5.82532456842 5012
54.6802877567 5013
100.18676883 5014
130.479758543 5015
134.864850223 5016
115.178793428 5017
81.0400295565 5018
42.1476958664 5019
8.09465786885 5020
0.0 5021
0.0 5022
0.0 5023
0.0 5024
0.0 5025
0.0 5026
5.9955495241 5027
13.2314037339 5028
11.6593809434 5029
2.18259711736 5030
0.0 5031
0.0 5032
0.0 5033
0.0 5034
0.0 5035
0.0 5036
0.0 5037
0.0 5038
0.0 5039
0.0 5040
0.0 5041
0.0 5042
0.0 5043
0.0 5044
0.0 5045
14.8430358532 5046
46.473030609 5047
73.4784538658 5048
92.8747476736 5049
101.685657512 5050
97.9783067663 5051
84.28611588 5052
64.3364306626 5053
41.8460306565 5054
20.4377066298 5055
2.64584579962 5056
0.0 5057
0.0 5058
0.0 5059
0.388226634809 5060
15.3352480878 5061
28.1799212575 5062
33.6341847806 5063
28.2854137611 5064
16.9172696433 5065
6.55108524058 5066
4.19186078504 5067
16.1814045228 5068
40.3583705613 5069
68.5954910635 5070
92.6593099528 5071
104.394600511 5072
100.331417166 5073
84.9116763052 5074
63.3324762334 5075
40.7798742522 5076
21.6214991004 5077
6.6431655487 5078
0.0 5079
0.0 5080
0.0 5081
0.0 5082
0.0 5083
0.0 5084
0.0 5085
5.07043083706 5086
11.7021389634 5087
15.7967049026 5088
15.5851919551 5089
10.0187345658 5090
1.19875016351 5091
0.0 5092
0.0 5093
0.0 5094
0.0 5095
0.0 5096
0.0 5097
0.0 5098
0.0 5099
0.0 5100
0.0 5101
0.0 5102
0.0 5103
0.0 5104
0.0 5105
0.0 5106
2.99611553085 5107
0.0 5108
0.0 5109
0.0 5110
0.0 5111
0.0 5112
2.2442003018 5113
23.7318860925 5114
39.3730925917 5115
44.4152794281 5116
42.2010691161 5117
38.1815701039 5118
37.8036149655 5119
46.0374609894 5120
62.1659108904 5121
81.7136159835 5122
100.141394211 5123
112.932351296 5124
116.782604478 5125
110.289014524 5126
92.2148082248 5127
61.3234582277 5128
18.2800431707 5129
0.0 5130
0.0 5131
0.0 5132
0.0 5133
0.0 5134
0.0 5135
0.0 5136
21.1884606683 5137
28.1027714936 5138
25.7674578723 5139
21.3463090792 5140
22.0018137298 5141
32.5292753958 5142
48.8199521895 5143
64.6718899019 5144
73.8835059812 5145
70.9498122295 5146
57.7045798108 5147
40.3790204277 5148
25.2639748385 5149
18.5469052724 5150
21.5180177176 5151
28.5561528474 5152
33.5179277894 5153
30.2590669465 5154
15.0126565107 5155
0.0 5156
0.0 5157
0.0 5158
0.0 5159
0.0 5160
0.0 5161
0.0 5162
0.0 5163
9.58757622198 5164
25.813280154 5165
43.2125376249 5166
62.8742112564 5167
84.5593070301 5168
103.732806432 5169
114.990435657 5170
112.924603424 5171
93.0929414314 5172
59.5349527733 5173
20.6838862179 5174
0.0 5175
0.0 5176
0.0 5177
0.0 5178
0.0 5179
0.0 5180
0.0 5181
0.0 5182
0.0 5183
0.0 5184
0.0 5185
0.0 5186
0.0 5187
0.0 5188
0.0 5189
0.0 5190
0.0 5191
0.0 5192
0.0 5193
0.0 5194
18.0933076849 5195
37.456426069 5196
51.4292283506 5197
55.2613180498 5198
50.2423714903 5199
40.2267139574 5200
29.0822981187 5201
20.6009235927 5202
16.7199014041 5203
17.5181622698 5204
22.9938336888 5205
33.1415225066 5206
46.9592812649 5207
61.0967052165 5208
71.8613588147 5209
75.5558272606 5210
69.2868480721 5211
55.0869095334 5212
36.8473971344 5213
18.4683840602 5214
3.74168986461 5215
0.0 5216
0.0 5217
0.0 5218
0.0 5219
2.2563322326 5220
9.36569144407 5221
12.380795542 5222
7.63193919323 5223
0.0 5224
0.0 5225
0.0 5226
0.0 5227
0.0 5228
0.0 5229
4.83323925195 5230
35.2944486055 5231
59.0506147163 5232
71.7804762421 5233
74.5315985167 5234
68.9220324984 5235
56.5724506991 5236
39.5207967466 5237
21.6898506057 5238
7.54269161343 5239
1.55042892893 5240
7.68764025551 5241
23.5164368218 5242
42.1735744652 5243
56.6960565444 5244
60.1907716775 5245
50.9233725344 5246
35.2964094897 5247
20.4391471624 5248
13.4943224821 5249
18.9982876814 5250
31.417368689 5251
42.784184769 5252
45.1159353365 5253
31.4069328691 5254
4.91942839994 5255
0.0 5256
0.0 5257
0.0 5258
0.0 5259
0.0 5260
0.0 5261
21.8357332266 5262
37.387913113 5263
45.8217741661 5264
48.8500102646 5265
48.1887951191 5266
45.4427102557 5267
41.249468809 5268
35.7615645395 5269
29.1281358228 5270
21.5276547695 5271
14.0049958345 5272
8.60072312155 5273
7.41440653674 5274
12.545907513 5275
23.6405366207 5276
33.7599465507 5277
34.8608608065 5278
18.8824160077 5279
0.0 5280
0.0 5281
0.0 5282
0.0 5283
0.0 5284
0.0 5285
0.0 5286
15.9012570301 5287
37.9407975979 5288
22.1200307754 5289
0.0 5290
0.0 5291
0.0 5292
0.0 5293
0.0 5294
20.2495012927 5295
46.655650118 5296
39.4326955515 5297
1.39211747163 5298
0.0 5299
0.0 5300
0.0 5301
0.0 5302
0.0 5303
18.6562905 5304
46.0372532036 5305
40.3559227533 5306
8.38374750381 5307
0.0 5308
0.0 5309
0.0 5310
0.0 5311
0.0 5312
0.0 5313
0.0 5314
0.0 5315
0.0 5316
0.0 5317
10.1454824887 5318
21.0306889093 5319
22.3804815316 5320
19.6276745284 5321
18.2181505981 5322
22.8524819139 5323
31.3812367949 5324
38.0031152672 5325
36.8691306174 5326
22.32018044 5327
0.0 5328
0.0 5329
0.0 5330
0.0 5331
0.0 5332
0.0 5333
0.0 5334
11.2962269231 5335
21.8985696718 5336
22.6101016234 5337
19.5662086371 5338
18.9314496258 5339
26.566335577 5340
41.5740701119 5341
56.5836305883 5342
63.947055138 5343
56.0233119202 5344
29.7608468481 5345
0.0 5346
0.0 5347
0.0 5348
0.0 5349
0.0 5350
0.0 5351
0.0 5352
0.0 5353
0.0 5354
8.64796090213 5355
34.6105733454 5356
39.3512099994 5357
20.3815234571 5358
0.0 5359
0.0 5360
0.0 5361
0.0 5362
0.0 5363
0.0 5364
0.0 5365
0.0 5366
0.0 5367
0.0 5368
0.0 5369
0.0 5370
10.9816346753 5371
22.2355164871 5372
28.9958069636 5373
28.5906136295 5374
19.7587878806 5375
5.46674844255 5376
0.0 5377
0.0 5378
0.0 5379
0.0 5380
0.0 5381
0.0 5382
0.0 5383
0.0 5384
0.0 5385
0.0 5386
0.0 5387
0.0 5388
0.0 5389
0.0 5390
0.0 5391
0.0 5392
0.0 5393
16.4237003021 5394
57.9279023684 5395
85.898870703 5396
99.265188941 5397
102.862698024 5398
101.68911077 5399
100.717263097 5400
102.188092539 5401
103.751243937 5402
102.612412138 5403
95.9706884887 5404
82.2894698363 5405
65.0082349577 5406
48.7940152968 5407
38.3247804714 5408
37.7516574769 5409
45.873962504 5410
58.4094807836 5411
71.0293786098 5412
79.4562483172 5413
81.6100161036 5414
78.1715848083 5415
69.9983672476 5416
57.9502430116 5417
43.2404458763 5418
28.0753582146 5419
14.8396780377 5420
5.92356183878 5421
3.21559045426 5422
5.12022028767 5423
8.57044460808 5424
10.4871621306 5425
7.95922199954 5426
1.62728757215 5427
0.0 5428
0.0 5429
0.0 5430
15.7421029656 5431
35.7745718376 5432
54.1249601084 5433
64.8641684714 5434
63.711791986 5435
54.3746144989 5436
42.9700283587 5437
35.6294330153 5438
38.0704391042 5439
50.662853999 5440
70.122375239 5441
93.0871155454 5442
116.147624405 5443
133.776922635 5444
137.324749242 5445
117.872404132 5446
66.4858958109 5447
0.0 5448
0.0 5449
138.501905538 5450
547.985356264 5451
1299.09586134 5452
2360.83163967 5453
3645.69198498 5454
5065.59890953 5455
6533.44915255 5456
7991.81406086 5457
9414.88151944 5458
10778.3137566 5459
12057.6609573 5460
13211.1892471 5461
14156.9390622 5462
14807.0898349 5463
15073.6366195 5464
14890.184295 5465
14310.2207719 5466
13428.4590643 5467
12339.8426386 5468
11138.556579 5469
9904.93197634 5470
8708.76990728 5471
7619.75003496 5472
6707.08794501 5473
5998.73413444 5474
5455.15298519 5475
5030.50801423 5476
4678.86799986 5477
4361.12811059 5478
4063.74828511 5479
3779.10160689 5480
3499.54646107 5481
3218.25807014 5482
2935.95681271 5483
2657.39876717 5484
2387.38610322 5485
2130.65028654 5486
1889.55563467 5487
1663.75937726 5488
1452.76910101 5489
1256.09356836 5490
1073.8746124 5491
907.834077003 5492
759.938934905 5493
632.159901186 5494
525.996495357 5495
440.171118325 5496
372.394179553 5497
320.370026786 5498
281.725486382 5499
252.928458049 5500
229.520048133 5501
207.00758415 5502
180.929128252 5503
149.824295961 5504
117.328043859 5505
87.5752772942 5506
64.708308374 5507
51.610524661 5508
46.3278476191 5509
45.7452346945 5510
46.7420759858 5511
46.4344860915 5512
44.1960017536 5513
40.6325648002 5514
36.3636277228 5515
31.9925974277 5516
27.6059920004 5517
22.6926307477 5518
16.7072512482 5519
9.10634204581 5520
0.350491654927 5521
0.0 5522
0.0 5523
0.0 5524
16.0544587778 5525
40.8575129058 5526
66.9359179715 5527
88.3899659638 5528
99.5718055949 5529
98.8497221122 5530
87.7468854208 5531
67.8737507599 5532
40.8636864571 5533
9.78364395037 5534
0.0 5535
0.0 5536
0.0 5537
0.0 5538
0.0 5539
0.0 5540
16.4130465622 5541
31.662253533 5542
38.9958645353 5543
39.8191345216 5544
35.5608030428 5545
27.648391679 5546
17.4169807979 5547
6.10005220052 5548
0.0 5549
0.0 5550
0.0 5551
0.0 5552
0.0 5553
0.0 5554
10.4986593126 5555
34.0715163276 5556
54.2528257855 5557
64.095057967 5558
57.1039663868 5559
33.1032831838 5560
0.0 5561
0.0 5562
0.0 5563
0.0 5564
0.0 5565
0.0 5566
0.0 5567
0.0 5568
0.0 5569
62.517660414 5570
122.495881554 5571
143.935194801 5572
131.592892799 5573
100.718835079 5574
66.6420134092 5575
44.2447593341 5576
38.1022886242 5577
42.6964581169 5578
52.0801320184 5579
60.3105831649 5580
63.2597808261 5581
60.5284092879 5582
52.1741350457 5583
38.2547838033 5584
19.6466046159 5585
0.986772003257 5586
0.0 5587
0.0 5588
1.2260565633 5589
29.3002326989 5590
62.35385962 5591
92.0207556424 5592
110.06485874 5593
113.66678193 5594
107.034658513 5595
94.8498183053 5596
81.7969698537 5597
70.9042701792 5598
60.6177659443 5599
48.5976432555 5600
32.5012942031 5601
10.7026261698 5602
0.0 5603
0.0 5604
0.0 5605
0.0 5606
0.0 5607
0.0 5608
0.0 5609
0.0 5610
0.0 5611
0.0 5612
0.0 5613
0.0 5614
0.0 5615
0.0 5616
0.0 5617
0.0 5618
0.0 5619
0.0 5620
0.0 5621
12.6651093867 5622
30.6407395124 5623
49.0448880903 5624
63.1458635885 5625
68.09464608 5626
59.0558860163 5627
34.6927678836 5628
1.27345371666 5629
0.0 5630
0.0 5631
0.0 5632
0.0 5633
0.0 5634
0.0 5635
0.0 5636
0.0 5637
8.63929431438 5638
34.0136683398 5639
52.4896326342 5640
61.5434952067 5641
60.5519991468 5642
49.0202238838 5643
26.4557686774 5644
0.0 5645
0.0 5646
0.0 5647
0.0 5648
0.0 5649
0.0 5650
0.0 5651
0.0 5652
0.0 5653
0.0 5654
0.0 5655
0.0 5656
0.0 5657
2.00486060991 5658
24.1928430914 5659
46.7178094287 5660
63.451116518 5661
69.5812140023 5662
64.8441149744 5663
49.9542077353 5664
25.6265498973 5665
0.0 5666
0.0 5667
0.0 5668
0.0 5669
0.0 5670
0.0 5671
0.0 5672
0.0 5673
0.0 5674
0.0 5675
0.0 5676
0.0 5677
0.0 5678
0.0 5679
1.7354252499 5680
8.86566854497 5681
11.1732462693 5682
9.02842378968 5683
4.4873626184 5684
0.560137534291 5685
0.269888833456 5686
6.53087409877 5687
19.0106971451 5688
33.689039364 5689
46.3432359854 5690
52.7570586274 5691
51.1637102328 5692
45.4911699349 5693
40.4769901032 5694
40.8622169241 5695
49.7957505675 5696
62.3376673643 5697
70.9859222702 5698
68.232075254 5699
47.4288443852 5700
12.3470408566 5701
0.0 5702
0.0 5703
0.0 5704
0.0 5705
0.0 5706
0.0 5707
2.40454823039 5708
15.4227848687 5709
20.7023373098 5710
20.5102807052 5711
17.1152482166 5712
12.4638548864 5713
6.5804150588 5714
0.0 5715
0.0 5716
0.0 5717
0.0 5718
0.0 5719
0.0 5720
0.0 5721
10.0487046969 5722
46.7016053694 5723
72.3054000594 5724
73.4689473578 5725
42.9428549234 5726
0.0 5727
0.0 5728
0.0 5729
0.0 5730
0.0 5731
0.0 5732
0.0 5733
0.0 5734
0.0 5735
0.0 5736
0.0 5737
0.0 5738
0.0 5739
0.0 5740
0.0 5741
0.0 5742
0.0 5743
0.0 5744
0.0 5745
0.0 5746
0.0 5747
0.0 5748
0.0 5749
0.0 5750
0.0 5751
17.5207524794 5752
32.4811583982 5753
34.4815148971 5754
13.903754478 5755
0.0 5756
0.0 5757
0.0 5758
0.0 5759
0.0 5760
26.4564321907 5761
144.06695835 5762
278.013333611 5763
416.964195221 5764
557.284759369 5765
699.214017433 5766
843.020750298 5767
988.761470375 5768
1131.65360134 5769
1262.09516198 5770
1370.27083454 5771
1446.38406899 5772
1483.68165362 5773
1481.37572174 5774
1439.37088583 5775
1357.57180203 5776
1239.58848264 5777
1104.23326216 5778
974.224532226 5779
872.294051549 5780
819.317343784 5781
819.185567655 5782
866.720509983 5783
956.655980366 5784
1083.50270494 5785
1236.26966099 5786
1398.20717346 5787
1552.28570079 5788
1681.50461145 5789
1774.67924235 5790
1832.62236274 5791
1857.62677195 5792
1851.9867724 5793
1817.56617615 5794
1754.36871202 5795
1661.89793135 5796
1539.65776648 5797
1388.29931453 5798
1219.40886679 5799
1050.6348097 5800
899.699938244 5801
783.799404969 5802
705.961128558 5803
653.948349858 5804
614.761586089 5805
575.429842513 5806
528.950273125 5807
480.949414494 5808
438.66251873 5809
409.329252436 5810
397.446564234 5811
395.449661428 5812
392.45790068 5813
377.584335501 5814
341.374648421 5815
288.338907274 5816
230.845392732 5817
181.357142231 5818
151.90142507 5819
142.573568734 5820
140.464239294 5821
132.000276817 5822
103.650881687 5823
50.4422430461 5824
0.0 5825
0.0 5826
0.0 5827
0.0 5828
0.0 5829
0.0 5830
0.0 5831
7.84108095232 5832
45.333014838 5833
74.9223645784 5834
93.7346239689 5835
98.9916749092 5836
90.4980606144 5837
70.8382584164 5838
42.7358032173 5839
8.91993026967 5840
0.0 5841
0.0 5842
0.0 5843
0.0 5844
0.0 5845
0.0 5846
0.0 5847
0.0 5848
0.0 5849
0.0 5850
0.0 5851
0.0 5852
0.0 5853
0.0 5854
0.0 5855
0.0 5856
0.0 5857
0.0 5858
0.0 5859
0.0 5860
0.0 5861
0.0 5862
0.0 5863
0.0 5864
0.0 5865
0.0 5866
0.0 5867
0.0 5868
0.0 5869
0.0 5870
0.0 5871
45.7792695119 5872
87.8987662577 5873
106.289811928 5874
94.7337365539 5875
64.3800192463 5876
28.3137922126 5877
0.0 5878
0.0 5879
0.0 5880
2.46239031493 5881
16.7884919814 5882
28.8534923862 5883
38.9365689259 5884
49.9089889651 5885
64.66060114 5886
85.8145146067 5887
110.667210505 5888
131.619781096 5889
140.886227459 5890
130.754487874 5891
100.185622424 5892
59.7683283369 5893
21.2648743106 5894
0.0 5895
0.0 5896
1.77068171634 5897
12.4520111815 5898
13.2751765825 5899
0.0 5900
0.0 5901
0.0 5902
0.0 5903
0.0 5904
0.0 5905
0.0 5906
0.0 5907
0.0 5908
0.0 5909
0.0 5910
0.0 5911
0.0 5912
3.87724274955 5913
40.8180249698 5914
71.0016850521 5915
78.6927053744 5916
51.9123442754 5917
2.45665212584 5918
0.0 5919
0.0 5920
0.0 5921
0.0 5922
14.6353360616 5923
44.5208771374 5924
31.5745372298 5925
0.0 5926
0.0 5927
0.0 5928
0.0 5929
0.0 5930
0.0 5931
0.0 5932
49.0506872261 5933
49.1142642904 5934
10.1514831716 5935
0.0 5936
0.0 5937
0.0 5938
0.0 5939
0.0 5940
0.0 5941
0.0 5942
0.0 5943
0.0 5944
0.0 5945
0.0 5946
0.0 5947
2.09250901267 5948
30.2382866891 5949
59.1001684796 5950
84.9193088066 5951
105.298001549 5952
118.223993633 5953
121.6831303 5954
114.133466859 5955
98.5499704454 5956
80.4138737871 5957
65.2383613569 5958
58.3536514388 5959
60.5350088574 5960
67.8674372461 5961
76.2176290303 5962
81.4607213675 5963
80.8924753388 5964
74.5251709752 5965
62.6768021566 5966
45.6657112955 5967
24.6299869987 5968
3.76290459881 5969
0.0 5970
0.0 5971
0.0 5972
9.31573145688 5973
32.6087525162 5974
53.7324729778 5975
66.4561528838 5976
69.3242824724 5977
64.9763324788 5978
56.187006303 5979
45.7066567336 5980
34.5823728952 5981
21.1773188758 5982
3.6171343895 5983
0.0 5984
0.0 5985
0.0 5986
0.0 5987
0.0 5988
0.0 5989
0.0 5990
1.68387886241 5991
42.9000124977 5992
71.4535796174 5993
83.845027763 5994
80.8558310828 5995
63.3560324091 5996
32.2832885862 5997
0.0 5998
0.0 5999
0.0 6000
0.0 6001
0.0 6002
0.0 6003
0.0 6004
0.0 6005
0.0 6006
0.0 6007
0.0 6008
0.0 6009
0.0 6010
0.0 6011
0.0 6012
0.0 6013
0.0 6014
0.0 6015
0.0 6016
11.7778918579 6017
42.1460245469 6018
61.5596748389 6019
71.9709011505 6020
75.959736027 6021
76.1094891794 6022
74.4056741697 6023
70.7120515009 6024
64.4230055531 6025
54.932135471 6026
41.7552464708 6027
25.2717228323 6028
6.2319655024 6029
0.0 6030
0.0 6031
0.0 6032
0.0 6033
0.0 6034
0.0 6035
0.0 6036
0.0 6037
0.0 6038
18.4235144246 6039
41.4560079487 6040
55.7161965217 6041
56.8809890016 6042
40.6213318455 6043
4.67275046159 6044
0.0 6045
0.0 6046
0.0 6047
0.0 6048
0.0 6049
0.0 6050
0.0 6051
0.0 6052
0.0 6053
0.0 6054
0.0 6055
0.0 6056
0.0 6057
0.0 6058
0.0 6059
0.0 6060
0.0 6061
0.0 6062
0.0 6063
0.0 6064
0.0 6065
0.0 6066
0.0 6067
0.0 6068
0.0 6069
0.0 6070
0.0 6071
0.0 6072
0.0 6073
0.0 6074
0.0 6075
0.0 6076
0.0 6077
0.0 6078
0.0 6079
0.0 6080
0.0 6081
0.0 6082
0.0 6083
0.0 6084
0.0 6085
0.0 6086
0.0 6087
0.0 6088
12.7752820132 6089
32.7023832391 6090
44.3975893418 6091
48.0230873251 6092
43.8625566792 6093
32.2149940429 6094
14.8857060847 6095
0.0 6096
0.0 6097
0.0 6098
0.0 6099
0.0 6100
4.73651420224 6101
9.40173923389 6102
2.10775304725 6103
0.0 6104
0.0 6105
0.0 6106
6.44675297242 6107
48.6329204091 6108
92.0169939986 6109
120.617412792 6110
118.753141295 6111
83.2415400424 6112
27.0654095132 6113
0.0 6114
0.0 6115
0.0 6116
0.0 6117
0.0 6118
0.0 6119
0.0 6120
0.0 6121
41.2938478884 6122
95.3140564659 6123
134.710190345 6124
157.005260332 6125
162.827251284 6126
152.828904605 6127
127.844481398 6128
92.1156948059 6129
52.9295251908 6130
17.6919704333 6131
0.0 6132
0.0 6133
0.0 6134
0.0 6135
0.0 6136
0.0 6137
0.0 6138
0.0 6139
0.0 6140
0.0 6141
0.0 6142
20.3138070255 6143
42.0871299158 6144
49.0683358329 6145
42.0992567042 6146
27.1957502014 6147
10.4547575184 6148
0.0 6149
0.0 6150
0.0 6151
0.0 6152
0.0 6153
2.89352346247 6154
3.44247943354 6155
0.0 6156
0.0 6157
0.0 6158
0.0 6159
0.0 6160
0.0 6161
0.0 6162
0.0 6163
0.0 6164
0.0 6165
0.0 6166
0.0 6167
0.0 6168
0.0 6169
0.0 6170
0.0 6171
0.0 6172
0.0 6173
0.0 6174
0.0 6175
0.0 6176
0.0 6177
0.0 6178
0.0 6179
0.0 6180
0.0 6181
0.0 6182
0.0 6183
13.9116951455 6184
29.5216050896 6185
44.3813945604 6186
58.1565214015 6187
68.4510246146 6188
71.2842155051 6189
62.627775351 6190
38.5986124926 6191
1.38091183481 6192
0.0 6193
0.0 6194
0.0 6195
0.0 6196
0.0 6197
0.0 6198
0.0 6199
0.0 6200
0.0 6201
0.0 6202
0.0 6203
0.0 6204
0.0 6205
0.0 6206
21.9434271819 6207
37.7298990952 6208
33.4601554979 6209
18.5688325482 6210
2.80666065334 6211
0.0 6212
0.721677221502 6213
11.6499282184 6214
21.9854327539 6215
25.121148243 6216
17.0511567149 6217
0.146258201804 6218
0.0 6219
0.0 6220
0.0 6221
0.0 6222
0.0 6223
0.0 6224
0.0 6225
0.0 6226
40.7860996602 6227
78.6291227921 6228
96.1613621857 6229
90.995237068 6230
68.1717188722 6231
32.9792517964 6232
0.0 6233
0.0 6234
0.0 6235
0.0 6236
0.0 6237
0.0 6238
0.0 6239
0.0 6240
10.8854950371 6241
56.4119864501 6242
93.192575098 6243
113.893263248 6244
111.165730867 6245
79.4935191767 6246
28.9879650178 6247
0.0 6248
0.0 6249
0.0 6250
0.0 6251
23.196142978 6252
65.1358949494 6253
83.6661309194 6254
72.1249375268 6255
41.2018081208 6256
2.96236170739 6257
0.0 6258
0.0 6259
0.0 6260
0.0 6261
0.0 6262
0.0 6263
0.0 6264
0.0 6265
0.0 6266
0.0 6267
0.0 6268
0.0 6269
0.0 6270
0.0 6271
0.0 6272
0.0 6273
0.0 6274
0.0 6275
0.0 6276
0.0 6277
0.0 6278
0.0 6279
0.0 6280
0.0 6281
12.5938139233 6282
10.0399922827 6283
0.0 6284
0.0 6285
0.0 6286
0.0 6287
0.0 6288
0.0 6289
0.0 6290
0.0 6291
0.0 6292
6.61960472986 6293
32.8108934744 6294
46.4833516288 6295
41.7840110906 6296
20.2314659575 6297
0.0 6298
0.0 6299
0.0 6300
0.0 6301
17.5991226078 6302
46.1232648082 6303
59.624983295 6304
49.2390042288 6305
22.799479468 6306
0.0 6307
0.0 6308
0.0 6309
0.0 6310
0.0 6311
0.0 6312
0.0 6313
0.0 6314
0.0 6315
0.0 6316
0.0 6317
0.0 6318
0.0 6319
0.0 6320
0.0 6321
0.0 6322
0.0 6323
0.0 6324
0.0 6325
5.60810012285 6326
13.3838842637 6327
19.5595171502 6328
23.2181190608 6329
23.728296499 6330
22.1729749555 6331
20.2712890755 6332
19.7467417666 6333
22.1672556397 6334
27.3359852646 6335
33.9518877456 6336
40.6945828223 6337
46.2021178381 6338
48.1698385758 6339
43.323847237 6340
28.3399558622 6341
0.0 6342
0.0 6343
0.0 6344
0.0 6345
0.0 6346
0.0 6347
0.0 6348
0.0 6349
20.4294258291 6350
61.2815677327 6351
91.727681472 6352
109.813220305 6353
113.580288062 6354
101.417993795 6355
74.8657977606 6356
37.1342240423 6357
0.0 6358
0.0 6359
0.0 6360
0.0 6361
0.0 6362
0.0 6363
0.0 6364
0.0 6365
0.0 6366
0.0 6367
0.0 6368
0.0 6369
0.0 6370
0.0 6371
2.40705392094 6372
44.387268833 6373
82.2672869876 6374
99.7143482378 6375
83.4156986012 6376
41.534579192 6377
0.0 6378
0.0 6379
0.0 6380
0.0 6381
0.0 6382
2.94392488084 6383
26.0899237101 6384
37.1783516594 6385
37.9023904016 6386
30.3300439573 6387
16.537506925 6388
0.0 6389
0.0 6390
0.0 6391
0.0 6392
0.0 6393
0.0 6394
0.0 6395
0.0 6396
0.0 6397
0.0 6398
0.0 6399
0.0 6400
0.0 6401
0.0 6402
21.230629509 6403
38.5372900587 6404
29.5750263816 6405
0.0 6406
0.0 6407
0.0 6408
0.0 6409
0.0 6410
0.0 6411
0.0 6412
0.0 6413
0.0 6414
1.44033697116 6415
11.9717332006 6416
0.0 6417
0.0 6418
0.0 6419
0.0 6420
0.0 6421
0.0 6422
0.0 6423
64.4197462263 6424
143.138089178 6425
177.787701514 6426
169.215229571 6427
137.072536656 6428
101.411520039 6429
81.7863934813 6430
83.3808838065 6431
95.7003027207 6432
107.439449159 6433
107.350002325 6434
90.6892173646 6435
64.0678238549 6436
35.2477217896 6437
12.0024066882 6438
0.0 6439
0.0 6440
0.0 6441
0.0 6442
1.33894145679 6443
0.547854506085 6444
0.0 6445
0.0 6446
0.0 6447
0.0 6448
0.0 6449
0.0 6450
0.0 6451
0.0 6452
0.0 6453
0.0 6454
0.0 6455
0.0 6456
0.0 6457
0.0 6458
0.0 6459
0.0 6460
0.0 6461
0.914474021034 6462
25.4463138234 6463
12.8617646846 6464
0.0 6465
0.0 6466
0.0 6467
0.0 6468
0.0 6469
0.0 6470
0.0 6471
0.0 6472
0.0 6473
0.0 6474
0.0 6475
0.0 6476
0.0 6477
0.0 6478
0.0 6479
0.0 6480
0.0 6481
0.0 6482
0.0 6483
0.0 6484
0.0 6485
0.0 6486
0.0 6487
0.886105813574 6488
30.8884287216 6489
65.2038288962 6490
95.7870328818 6491
114.57836758 6492
114.856434437 6493
98.0082532901 6494
68.4395037247 6495
30.5687483659 6496
0.0 6497
0.0 6498
0.0 6499
0.0 6500
0.0 6501
0.0 6502
0.0 6503
0.0 6504
19.2757920305 6505
59.7302424539 6506
88.0469053875 6507
94.3366449358 6508
68.7289470533 6509
9.90367498653 6510
0.0 6511
0.0 6512
0.0 6513
0.0 6514
0.0 6515
0.0 6516
0.0 6517
0.0 6518
0.0 6519
0.0 6520
0.0 6521
0.0 6522
0.0 6523
36.5713043688 6524
82.1068453854 6525
79.8580697091 6526
33.0010936133 6527
0.0 6528
0.0 6529
0.0 6530
0.0 6531
40.5021246654 6532
101.272426052 6533
120.710297609 6534
83.9494880902 6535
14.063558795 6536
0.0 6537
0.0 6538
0.0 6539
0.0 6540
0.0 6541
11.8394601676 6542
56.5650661167 6543
85.5594827308 6544
94.7243763971 6545
79.9584503534 6546
38.2600364269 6547
0.0 6548
0.0 6549
0.0 6550
0.0 6551
0.0 6552
0.0 6553
0.0 6554
0.0 6555
0.0 6556
0.0 6557
20.2995547042 6558
41.1797630385 6559
54.6786153621 6560
61.5664328738 6561
62.8209671778 6562
59.4217536656 6563
52.7951099442 6564
45.8723901044 6565
41.9068275138 6566
44.1574218908 6567
54.5998623691 6568
68.1681242659 6569
77.3923620042 6570
74.7875794628 6571
53.9628006904 6572
18.6225714676 6573
0.0 6574
0.0 6575
0.0 6576
0.0 6577
0.0 6578
0.0 6579
0.0 6580
0.0 6581
15.3273494311 6582
34.3344453106 6583
36.0842422997 6584
19.2640096268 6585
0.0 6586
0.0 6587
0.0 6588
0.0 6589
11.8220408979 6590
44.9513422216 6591
70.8077248335 6592
80.6401202189 6593
74.8995630655 6594
56.7707653369 6595
29.4445430323 6596
0.0 6597
0.0 6598
0.0 6599
0.0 6600
0.0 6601
0.0 6602
0.0 6603
0.0 6604
0.0 6605
0.0 6606
0.0 6607
0.0 6608
0.0279457813715 6609
35.8083094205 6610
79.8832517701 6611
119.876880562 6612
143.403796706 6613
142.580376869 6614
120.716828486 6615
82.8351958243 6616
33.9664713602 6617
0.0 6618
0.0 6619
0.0 6620
0.0 6621
0.0 6622
0.0 6623
0.0 6624
0.0 6625
29.6202014348 6626
88.4295698065 6627
141.701971334 6628
183.047380584 6629
206.279476819 6630
209.18456487 6631
193.054588972 6632
159.303758485 6633
109.443956003 6634
48.7804525878 6635
0.0 6636
0.0 6637
0.0 6638
0.0 6639
0.0 6640
0.0 6641
0.0 6642
0.0 6643
0.0 6644
0.0 6645
0.0 6646
0.0 6647
0.0 6648
30.7427984095 6649
58.2504900513 6650
69.338799278 6651
62.7181856335 6652
40.3527578073 6653
4.22725441487 6654
0.0 6655
0.0 6656
0.0 6657
0.0 6658
0.0 6659
0.0 6660
0.0 6661
0.0 6662
0.0 6663
0.0 6664
0.0 6665
3.65598655882 6666
22.2323339891 6667
29.9997578788 6668
32.9404221114 6669
37.9462469603 6670
51.9217733075 6671
78.6751119398 6672
111.238492989 6673
140.295139891 6674
156.51075843 6675
152.234419767 6676
128.990950818 6677
91.3976990264 6678
44.0830958621 6679
0.0 6680
0.0 6681
0.0 6682
0.0 6683
0.0 6684
13.6528459974 6685
86.36744258 6686
142.672157992 6687
159.860144993 6688
133.813118511 6689
80.9805694434 6690
18.9056415914 6691
0.0 6692
0.0 6693
0.0 6694
0.0 6695
0.0 6696
0.0 6697
0.0 6698
0.0 6699
0.0 6700
0.0 6701
0.0 6702
0.0 6703
0.0 6704
0.0 6705
0.0 6706
0.0 6707
0.0 6708
0.0 6709
0.0 6710
0.0 6711
0.0 6712
0.0 6713
0.0 6714
0.0 6715
0.0 6716
0.0 6717
0.0 6718
0.0 6719
70.059882697 6720
110.72927002 6721
97.0118479474 6722
51.5884390484 6723
0.282493765735 6724
0.0 6725
0.0 6726
1.56739063569 6727
41.1974983413 6728
77.5863431321 6729
99.617956821 6730
107.042886235 6731
102.075448514 6732
86.9342858254 6733
64.1123680212 6734
37.5980023036 6735
11.8992591078 6736
0.0 6737
0.0 6738
0.0 6739
0.0 6740
0.0 6741
0.0 6742
0.0 6743
0.0 6744
0.0 6745
0.0 6746
0.0 6747
0.0 6748
0.0 6749
0.0 6750
0.0 6751
28.2009171367 6752
70.0253039833 6753
98.0082943407 6754
106.460010092 6755
95.2958693367 6756
65.1871525024 6757
16.8071641746 6758
0.0 6759
0.0 6760
0.0 6761
0.0 6762
0.0 6763
0.0 6764
19.7756680943 6765
75.2809197356 6766
90.5557305324 6767
71.4318392506 6768
36.2139738457 6769
3.30982222811 6770
0.0 6771
0.0 6772
6.20784191422 6773
11.5264332164 6774
0.0 6775
0.0 6776
0.0 6777
0.0 6778
0.0 6779
0.0 6780
0.0 6781
0.0 6782
0.0 6783
0.0 6784
22.6105191364 6785
46.686382989 6786
38.3209609134 6787
0.0 6788
0.0 6789
0.0 6790
0.0 6791
0.0 6792
0.0 6793
0.0 6794
0.0 6795
0.0 6796
8.68168967249 6797
18.4324723492 6798
29.2291374535 6799
47.9621591722 6800
72.299153341 6801
94.8000686038 6802
107.955335099 6803
104.8245265 6804
87.4623059357 6805
64.9958719764 6806
46.7615549605 6807
41.7986965766 6808
50.4149336342 6809
63.2693121817 6810
70.5037266503 6811
62.3850280749 6812
37.9865712598 6813
10.0997906 6814
0.0 6815
0.0 6816
36.2554115083 6817
86.1806902272 6818
131.118190338 6819
152.511950646 6820
137.966636378 6821
94.9697970213 6822
35.0128969106 6823
0.0 6824
0.0 6825
0.0 6826
0.0 6827
0.0 6828
0.0 6829
29.010920687 6830
117.019115661 6831
172.618362621 6832
169.767971928 6833
116.669899498 6834
42.3532036527 6835
0.0 6836
0.0 6837
0.0 6838
0.0 6839
26.2321666279 6840
51.0007616341 6841
56.4356645272 6842
48.7847350599 6843
35.0531349317 6844
22.2177238148 6845
14.1434817177 6846
9.54189497382 6847
6.63869399567 6848
3.65762908186 6849
0.0 6850
0.0 6851
0.0 6852
0.0 6853
0.0 6854
0.0 6855
0.0 6856
0.0 6857
0.0 6858
0.0 6859
6.36427127747 6860
19.8852835331 6861
25.5422415076 6862
23.7812884385 6863
16.9636719419 6864
7.46360958993 6865
0.0 6866
0.0 6867
0.0 6868
0.0 6869
0.0 6870
0.0 6871
0.0 6872
0.0 6873
0.0 6874
0.0 6875
0.0 6876
0.0 6877
0.0 6878
0.0 6879
0.0 6880
24.4580134988 6881
34.9390432935 6882
20.5799736303 6883
0.0 6884
0.0 6885
0.0 6886
0.0 6887
0.0 6888
0.0 6889
0.0 6890
0.0 6891
0.0 6892
0.0 6893
0.0 6894
0.0 6895
0.0 6896
0.0 6897
0.0 6898
0.0 6899
0.0 6900
0.0 6901
0.0 6902
0.0 6903
0.0 6904
0.0 6905
0.0 6906
0.0 6907
0.0 6908
0.0 6909
0.0 6910
0.0 6911
51.6000994509 6912
144.709299785 6913
213.000499802 6914
229.483715034 6915
183.777670762 6916
97.9568251382 6917
0.0 6918
0.0 6919
0.0 6920
0.0 6921
0.0 6922
0.0 6923
0.0 6924
0.0 6925
0.0 6926
40.366642768 6927
79.8977707014 6928
106.729562126 6929
120.94512108 6930
122.629109139 6931
111.640395492 6932
86.0860320463 6933
43.2507543607 6934
0.0 6935
0.0 6936
0.0 6937
0.0 6938
0.0 6939
0.0 6940
0.0 6941
0.0 6942
110.727247646 6943
163.215751577 6944
147.761312609 6945
90.3320291307 6946
18.9278275434 6947
0.0 6948
0.0 6949
0.0 6950
0.0 6951
0.0 6952
0.0 6953
6.46172967862 6954
24.061005828 6955
32.1875548664 6956
28.9655281493 6957
19.2382255495 6958
9.07672370419 6959
4.56533776179 6960
10.1395645686 6961
23.5192322851 6962
40.7183693751 6963
57.742298012 6964
70.6416164211 6965
75.7633824422 6966
69.5538575654 6967
48.4517639408 6968
10.2356709588 6969
0.0 6970
0.0 6971
0.0 6972
0.0 6973
0.0 6974
9.34384838714 6975
79.208725032 6976
148.136330116 6977
204.62820665 6978
236.403537545 6979
231.130212503 6980
177.118349025 6981
82.6709000754 6982
0.0 6983
0.0 6984
0.0 6985
0.0 6986
0.0 6987
46.1574314704 6988
69.6337519432 6989
37.4086736226 6990
0.0 6991
0.0 6992
0.0 6993
0.0 6994
0.0 6995
25.7832364346 6996
65.6053334833 6997
66.9604448607 6998
40.8497130895 6999
5.21789337663 7000
0.0 7001
0.0 7002
0.0 7003
16.9478423079 7004
46.2775512336 7005
69.867383665 7006
86.1730019338 7007
96.498868683 7008
102.164518031 7009
104.529556536 7010
105.338359998 7011
106.563384298 7012
110.184038666 7013
117.727037669 7014
123.809549874 7015
117.675156385 7016
88.4046279473 7017
25.8917351192 7018
0.0 7019
0.0 7020
0.0 7021
0.0 7022
0.0 7023
62.7911918847 7024
169.868995879 7025
218.346623115 7026
191.132208977 7027
117.016458842 7028
29.5138079904 7029
0.0 7030
0.0 7031
0.0 7032
0.0 7033
48.1582578899 7034
116.48028697 7035
179.931196001 7036
223.82400864 7037
233.441542079 7038
199.459580312 7039
135.500248584 7040
61.2913953672 7041
0.0 7042
0.0 7043
0.0 7044
0.0 7045
0.0 7046
0.0 7047
0.0 7048
0.0 7049
0.0 7050
0.0 7051
0.0 7052
0.0 7053
0.0 7054
0.0 7055
0.0 7056
46.0509182859 7057
59.1850791953 7058
11.2373214314 7059
0.0 7060
0.0 7061
0.0 7062
0.0 7063
0.0 7064
0.0 7065
0.0 7066
0.0 7067
0.0 7068
0.0 7069
0.0 7070
21.1154172469 7071
33.3026482246 7072
18.1105555057 7073
0.0 7074
0.0 7075
0.0 7076
0.0 7077
0.0 7078
0.0 7079
0.0 7080
0.0 7081
0.0 7082
0.0 7083
0.0 7084
0.0 7085
0.0 7086
0.0 7087
0.0 7088
0.0 7089
0.0 7090
0.0 7091
0.0 7092
0.0 7093
0.0 7094
0.0 7095
0.0 7096
2.27576101184 7097
4.82043268934 7098
7.8050042639 7099
12.6779538862 7100
18.4725937439 7101
21.9527248202 7102
19.7875323984 7103
8.80141943724 7104
0.0 7105
0.0 7106
0.0 7107
0.0 7108
14.696887693 7109
53.2927725471 7110
84.2346656468 7111
93.6204258792 7112
76.0640372079 7113
42.8556635954 7114
7.24033458636 7115
0.0 7116
0.0 7117
0.0 7118
0.0 7119
0.0 7120
0.0 7121
0.0 7122
0.0 7123
0.0 7124
0.0 7125
0.0 7126
0.0 7127
0.0 7128
0.0 7129
34.2389492997 7130
70.3334660615 7131
85.6081343498 7132
70.8979355238 7133
34.6942081545 7134
0.0 7135
0.0 7136
0.0 7137
0.0 7138
15.848001128 7139
49.9087425684 7140
72.8085916027 7141
82.2081478485 7142
82.4570446082 7143
78.0683605709 7144
73.313967039 7145
67.4558911354 7146
55.1352897597 7147
30.8071937121 7148
0.0 7149
0.0 7150
0.0 7151
0.0 7152
0.0 7153
0.0 7154
57.6876943695 7155
152.851387352 7156
224.617493965 7157
260.085856757 7158
266.518903832 7159
253.346154048 7160
230.009451395 7161
202.628954922 7162
169.613947705 7163
128.282399151 7164
75.9466829867 7165
13.1734175818 7166
0.0 7167
0.0 7168
0.0 7169
0.0 7170
0.0 7171
0.0 7172
0.0 7173
0.0 7174
0.0 7175
0.0 7176
0.0 7177
0.0 7178
0.0 7179
0.0 7180
0.0 7181
0.0 7182
70.1230496816 7183
141.161254143 7184
186.812371709 7185
187.951382945 7186
151.099219041 7187
98.5521275287 7188
52.9108163711 7189
35.3399521242 7190
44.8073613799 7191
63.3350612678 7192
72.4566395441 7193
54.5238558629 7194
10.0849149525 7195
0.0 7196
0.0 7197
0.0 7198
0.0 7199
0.0 7200
0.0 7201
0.0 7202
0.0 7203
0.0 7204
0.0 7205
0.0 7206
0.0 7207
0.0 7208
0.0 7209
0.0 7210
0.0 7211
0.0 7212
0.0 7213
0.0 7214
0.0 7215
0.0 7216
0.0 7217
0.0 7218
0.0 7219
0.0 7220
0.0 7221
0.0 7222
0.0 7223
20.636661901 7224
107.465521958 7225
187.878454889 7226
244.908457691 7227
271.176178709 7228
262.592191467 7229
215.04736676 7230
127.177414185 7231
17.01834405 7232
0.0 7233
0.0 7234
0.0 7235
0.0 7236
0.0 7237
0.0 7238
33.3241776836 7239
75.7107163261 7240
95.5412298279 7241
88.8958138224 7242
52.5692773352 7243
0.0 7244
0.0 7245
0.0 7246
0.0 7247
0.0 7248
0.0 7249
0.0 7250
0.0 7251
0.0 7252
0.0 7253
0.0 7254
0.0 7255
0.0 7256
0.0 7257
0.0 7258
10.919983018 7259
0.0 7260
0.0 7261
0.0 7262
0.0 7263
0.0 7264
34.0892011992 7265
126.235759164 7266
184.234896103 7267
187.399798585 7268
147.403201622 7269
81.103818758 7270
5.48244246065 7271
0.0 7272
0.0 7273
0.0 7274
0.0 7275
0.0 7276
0.0 7277
0.0 7278
0.0 7279
0.0 7280
2.62780792828 7281
14.6413027786 7282
37.4505909282 7283
78.913062804 7284
130.274467185 7285
176.602507492 7286
202.826423023 7287
195.853918613 7288
157.948396301 7289
98.2766745607 7290
26.1167204426 7291
0.0 7292
0.0 7293
0.0 7294
0.0 7295
0.0 7296
0.0 7297
0.0 7298
0.0 7299
