10232.0911613 3800
9649.29846364 3801
9026.57309041 3802
8409.89632955 3803
7845.07704027 3804
7375.99790499 3805
7007.11057038 3806
6704.11038625 3807
6431.17802401 3808
6152.63612669 3809
5843.11035384 3810
5513.33124674 3811
5181.95723243 3812
4867.56698147 3813
4587.99772942 3814
4350.15725361 3815
4152.03963388 3816
3991.38312541 3817
3865.93065428 3818
3771.29178422 3819
3696.97217703 3820
3631.43754312 3821
3563.20732401 3822
3481.86648164 3823
3389.54424904 3824
3296.78633692 3825
3214.24488608 3826
3152.49454071 3827
3116.09495569 3828
3095.81449133 3829
3080.52967373 3830
3059.17363821 3831
3021.98876822 3832
2971.12050238 3833
2915.23479088 3834
2863.02042295 3835
2823.07700643 3836
2799.41739786 3837
2787.54199916 3838
2782.04330523 3839
2777.5430119 3840
2769.71565901 3841
2761.77335827 3842
2760.25761357 3843
2771.68838815 3844
2802.3895773 3845
2849.6429516 3846
2897.08494669 3847
2927.30415268 3848
2922.99037677 3849
2871.84904185 3850
2789.83602152 3851
2702.84026169 3852
2636.61124958 3853
2616.15708739 3854
2646.01121834 3855
2705.68364051 3856
2773.26789254 3857
2826.98864638 3858
2849.22100789 3859
2840.50615394 3860
2806.45338705 3861
2752.6392986 3862
2684.7993427 3863
2613.01351336 3864
2551.65486271 3865
2515.19490761 3866
2518.01406547 3867
2568.08784636 3868
2651.1837899 3869
2748.29976348 3870
2840.55209461 3871
2910.0339566 3872
2952.5872206 3873
2974.99375047 3874
2984.29968133 3875
2987.5046774 3876
2989.98806713 3877
2992.77107567 3878
2996.13352837 3879
3000.35342501 3880
3005.47579997 3881
3008.8896604 3882
3006.30325732 3883
2993.42493723 3884
2966.01045358 3885
2923.34687761 3886
2872.2579351 3887
2820.49992422 3888
2775.77873727 3889
2744.88492426 3890
2727.19469925 3891
2718.36058773 3892
2714.03426687 3893
2709.92793934 3894
2704.26896029 3895
2699.50496582 3896
2698.47431131 3897
2703.99678315 3898
2718.30859589 3899
2740.01050285 3900
2766.28388458 3901
2794.3250517 3902
2821.3901757 3903
2846.47164894 3904
2870.86104479 3905
2896.00101772 3906
2923.32468587 3907
2953.17716563 3908
2980.6572888 3909
2999.30476111 3910
3002.70154601 3911
2984.74899581 3912
2946.38719961 3913
2895.91316408 3914
2841.92007036 3915
2792.94461935 3916
2756.69363015 3917
2737.96915399 3918
2740.88365077 3919
2769.52231591 3920
2827.17412078 3921
2904.27653152 3922
2980.73794334 3923
3036.28049351 3924
3050.77065583 3925
3013.65652394 3926
2940.88195163 3927
2852.87192955 3928
2769.9184255 3929
2710.84117569 3930
2678.8070627 3931
2666.97095635 3932
2668.36612303 3933
2676.08346588 3934
2685.44980554 3935
2696.50029421 3936
2709.87157392 3937
2726.19615194 3938
2745.69057476 3939
2765.14857399 3940
2779.69023213 3941
2784.45483697 3942
2774.70503858 3943
2752.21330241 3944
2729.34896333 3945
2719.38508555 3946
2735.51058599 3947
2787.43378987 3948
2864.15841679 3949
2947.00370196 3950
3017.39249361 3951
3057.24280093 3952
3062.3737948 3953
3046.00645441 3954
3022.38885167 3955
3005.68038663 3956
3006.01710417 3957
3015.82763923 3958
3022.64459358 3959
3014.07720341 3960
2978.4634698 3961
2918.38668835 3962
2850.12998472 3963
2790.43926533 3964
2755.95741349 3965
2757.19344614 3966
2784.64186727 3967
2824.73605788 3968
2863.99128484 3969
2889.86981778 3970
2902.14386291 3971
2909.64300342 3972
2921.35756589 3973
2946.20691962 3974
2986.94965334 3975
3031.35250188 3976
3065.00066496 3977
3073.56358385 3978
3044.78794179 3979
2985.77344729 3980
2914.38437956 3981
2848.50090955 3982
2805.80532137 3983
2794.4775924 3984
2805.4426736 3985
2827.83886862 3986
2850.8662375 3987
2865.42579404 3988
2873.66456348 3989
2882.3951636 3990
2898.40792744 3991
2928.27764857 3992
2970.6579661 3993
3013.37031229 3994
3043.51501464 3995
3048.26302942 3996
3018.7587721 3997
2965.31628954 3998
2904.03876954 3999
2850.94345327 4000
2821.50437274 4001
2819.90644673 4002
2838.71696941 4003
2870.00680695 4004
2905.88935588 4005
2939.8903695 4006
2970.40105794 4007
2996.88488768 4008
3018.80803317 4009
3035.59160022 4010
3045.93736589 4011
3047.99382596 4012
3039.9041571 4013
3019.8256028 4014
2987.98993113 4015
2949.88614524 4016
2911.80032713 4017
2879.98695577 4018
2860.23907925 4019
2854.01886215 4020
2860.30716939 4021
2878.06063787 4022
2906.22059571 4023
2941.59190819 4024
2977.01410213 4025
3004.92763253 4026
3017.80905033 4027
3010.35661538 4028
2992.28309548 4029
2979.54165835 4030
2988.03224093 4031
3033.43647622 4032
3125.04872108 4033
3263.50052526 4034
3448.80126099 4035
3680.96171695 4036
3958.1508268 4037
4269.69839124 4038
4602.33085883 4039
4942.83410584 4040
5278.35951125 4041
5603.24587041 4042
5919.03439392 4043
6227.57529016 4044
6530.70970882 4045
6825.54167966 4046
7093.21076375 4047
7311.56660111 4048
7458.55162841 4049
7513.59899407 4050
7475.90456974 4051
7359.19049165 4052
7177.45923856 4053
6944.65046105 4054
6673.73056011 4055
6375.42654049 4056
6060.1013923 4057
5738.07561232 4058
5418.95702381 4059
5106.19003607 4060
4799.92755277 4061
4500.29109404 4062
4207.43066659 4063
3923.79557536 4064
3655.76093921 4065
3410.06375765 4066
3193.41589723 4067
3012.20254553 4068
2870.92785215 4069
2773.37378475 4070
2723.30810902 4071
2724.24396542 4072
2771.26890543 4073
2849.10658693 4074
2941.89553209 4075
3033.83227109 4076
3111.81452799 4077
3173.96350042 4078
3221.35916108 4079
3255.07719735 4080
3276.46656364 4081
3292.10560728 4082
3313.21485722 4083
3351.13981221 4084
3417.18622737 4085
3521.25847883 4086
3669.25972658 4087
3866.35629622 4088
4117.69870972 4089
4429.34105684 4090
4817.87281317 4091
5306.57703634 4092
5918.77323581 4093
6677.57516041 4094
7586.93897695 4095
8612.08439648 4096
9713.65368942 4097
10852.4151708 4098
11991.4997242 4099
13110.7838815 4100
14197.6943902 4101
15239.7314006 4102
16224.2847496 4103
17131.5667154 4104
17931.5196828 4105
18593.3787147 4106
19086.4660979 4107
19387.9764177 4108
19513.8003249 4109
19491.735675 4110
19349.5007489 4111
19114.1147321 4112
18797.943715 4113
18398.5085528 4114
17912.6733232 4115
17337.3091179 4116
16675.5439773 4117
15951.3923525 4118
15193.1637767 4119
14429.0889941 4120
13686.1066578 4121
12974.6505207 4122
12293.3295486 4123
11640.499155 4124
11014.5289358 4125
10416.0545889 4126
9850.84984768 4127
9325.38365754 4128
8846.10974257 4129
8418.25339158 4130
8036.82716003 4131
7691.75364591 4132
7372.94385456 4133
7070.37029305 4134
6776.27073584 4135
6486.41455491 4136
6196.8889509 4137
5903.7902171 4138
5604.53384813 4139
5303.69270544 4140
5008.25713435 4141
4725.20348624 4142
4461.40685327 4143
4221.41717371 4144
4007.24699109 4145
3820.77600748 4146
3663.88003325 4147
3536.31733023 4148
3430.22986616 4149
3336.06273911 4150
3244.28268427 4151
3145.91631559 4152
3039.93147222 4153
2931.32680277 4154
2825.24125894 4155
2726.80098875 4156
2640.62947156 4157
2570.16116455 4158
2518.65023033 4159
2489.34422786 4160
2484.46292754 4161
2497.17459512 4162
2515.93632617 4163
2529.18820025 4164
2525.50708846 4165
2501.19439652 4166
2465.06101525 4167
2427.04446295 4168
2397.06180931 4169
2383.15126183 4170
2382.88169895 4171
2390.17623477 4172
2398.96662288 4173
2403.33061667 4174
2401.11892591 4175
2394.36685855 4176
2385.32387833 4177
2376.23506088 4178
2368.81821482 4179
2362.88382021 4180
2357.80971948 4181
2352.97476902 4182
2347.83635527 4183
2342.98774048 4184
2339.88533609 4185
2340.00439108 4186
2344.81632905 4187
2355.44436305 4188
2372.18816593 4189
2395.22735784 4190
2424.74140082 4191
2460.2907763 4192
2496.07137674 4193
2523.53542373 4194
2534.12791296 4195
2519.45744952 4196
2480.593766 4197
2433.57161686 4198
2395.72330608 4199
2384.35025233 4200
2411.99639338 4201
2465.57344334 4202
2523.38335119 4203
2563.75973186 4204
2565.82929418 4205
2528.37617991 4206
2471.14532373 4207
2414.87070469 4208
2380.24924229 4209
2381.00654063 4210
2406.95353469 4211
2442.77848711 4212
2473.19617707 4213
2483.88819683 4214
2473.25865888 4215
2448.83108191 4216
2418.31546024 4217
2389.39895538 4218
2367.77558893 4219
2354.7405634 4220
2350.9971244 4221
2357.24758275 4222
2374.0625747 4223
2400.98092177 4224
2437.05237681 4225
2481.32529735 4226
2532.79179183 4227
2587.48267361 4228
2637.11713018 4229
2673.08734369 4230
2686.80005605 4231
2672.51218125 4232
2638.32875986 4233
2596.55638048 4234
2559.48182538 4235
2538.89228903 4236
2536.14708718 4237
2542.52088029 4238
2548.88915286 4239
2546.14517824 4240
2529.01465098 4241
2503.89553301 4242
2479.39472273 4243
2464.10457463 4244
2465.95533786 4245
2485.41951749 4246
2518.20501672 4247
2559.94935084 4248
2606.28851938 4249
2651.78728205 4250
2688.92015963 4251
2709.93264402 4252
2707.08377313 4253
2674.65001074 4254
2620.40832101 4255
2557.68817135 4256
2499.813429 4257
2459.89241988 4258
2443.92692548 4259
2448.93420005 4260
2471.3588298 4261
2507.6516667 4262
2554.13916715 4263
2606.61732096 4264
2660.75129409 4265
2712.21387562 4266
2756.73167097 4267
2790.81402376 4268
2811.61938637 4269
2816.3307763 4270
2802.14569538 4271
2770.12388723 4272
2731.14678888 4273
2697.61701332 4274
2681.91492113 4275
2694.55173614 4276
2729.1490087 4277
2770.30337365 4278
2802.55372027 4279
2810.62851177 4280
2790.12307725 4281
2754.13666986 4282
2717.33392987 4283
2694.35250254 4284
2696.72361477 4285
2719.3565735 4286
2751.60031775 4287
2782.8196251 4288
2802.72636835 4289
2809.14907948 4290
2808.35065762 4291
2806.97599777 4292
2811.65635108 4293
2826.32083522 4294
2846.13483787 4295
2864.49414223 4296
2874.80757897 4297
2871.06769837 4298
2854.2554465 4299
2830.01653664 4300
2804.07159769 4301
2782.1209073 4302
2768.65688574 4303
2765.75964027 4304
2775.21729157 4305
2798.81432764 4306
2837.37146787 4307
2885.11928266 4308
2933.53292747 4309
2974.09581656 4310
2998.47465299 4311
3004.46655441 4312
2997.62661347 4313
2983.99861061 4314
2969.61356394 4315
2959.75042987 4316
2956.67812457 4317
2961.90020196 4318
2976.91674418 4319
3002.88904918 4320
3035.57592423 4321
3066.38569529 4322
3086.62117544 4323
3087.62100787 4324
3066.16166211 4325
3032.2088178 4326
2997.67251878 4327
2974.43609615 4328
2972.97843939 4329
2992.03243171 4330
3024.4100322 4331
3062.89335931 4332
3100.37750849 4333
3135.10899212 4334
3173.35644671 4335
3222.0350541 4336
3288.04363454 4337
3375.78513646 4338
3477.51858722 4339
3581.81496848 4340
3677.27207327 4341
3753.48008158 4342
3820.12470266 4343
3905.82092555 4344
4039.854946 4345
4251.43386211 4346
4563.3463586 4347
4980.09591155 4348
5502.91941665 4349
6133.04852309 4350
6869.59935067 4351
7690.01275928 4352
8559.04891776 4353
9441.39398855 4354
10301.8720386 4355
11109.3305344 4356
11839.5081972 4357
12468.8883398 4358
12974.0170618 4359
13334.4564328 4360
13546.6791691 4361
13613.144818 4362
13536.3167319 4363
13319.3866978 4364
12984.6551247 4365
12574.8391391 4366
12133.5458407 4367
11704.2597066 4368
11317.1570979 4369
10958.893932 4370
10607.2322904 4371
10239.9980717 4372
9836.6520916 4373
9395.64117411 4374
8927.9308477 4375
8444.6798226 4376
7957.02230735 4377
7476.99772548 4378
7018.43220515 4379
6595.3201176 4380
6221.61444415 4381
5909.33501207 4382
5658.27623099 4383
5463.3944843 4384
5319.6476194 4385
5221.93108031 4386
5162.7326258 4387
5131.7021499 4388
5118.35516938 4389
5112.23951737 4390
5105.1454708 4391
5096.97584696 4392
5089.48206935 4393
5084.41015194 4394
5083.50939314 4395
5088.64750636 4396
5101.77435341 4397
5124.83592211 4398
5159.75377169 4399
5205.45399372 4400
5254.54452802 4401
5298.85293788 4402
5330.23397797 4403
5342.27903587 4404
5340.66158644 4405
5336.22538646 4406
5339.79816239 4407
5361.95528052 4408
5405.30320532 4409
5462.40096718 4410
5525.18770877 4411
5585.62999705 4412
5636.8296096 4413
5676.25272552 4414
5702.43754838 4415
5713.92761795 4416
5709.80823075 4417
5697.08928083 4418
5688.80210468 4419
5698.08438184 4420
5737.97947725 4421
5811.59133105 4422
5899.98894291 4423
5981.33587719 4424
6033.87570888 4425
6039.52167956 4426
6006.98835104 4427
5957.01936219 4428
5910.34078269 4429
5887.24501102 4430
5893.68132881 4431
5916.80892403 4432
5942.55641939 4433
5956.90548218 4434
5950.18238068 4435
5930.21192244 4436
5909.22993413 4437
5899.42547859 4438
5912.1037659 4439
5945.64323357 4440
5988.32189673 4441
6028.19107565 4442
6053.36199022 4443
6054.85269063 4444
6030.22911225 4445
5977.96994436 4446
5896.56030999 4447
5786.00472185 4448
5657.76849512 4449
5528.5233307 4450
5414.89988519 4451
5333.10837267 4452
5284.97535649 4453
5253.36186366 4454
5219.89462082 4455
5166.27728926 4456
5078.58242596 4457
4960.47748794 4458
4820.09272866 4459
4665.52496735 4460
4504.85410557 4461
4346.38369196 4462
4198.58313078 4463
4069.8904651 4464
3968.67819531 4465
3896.83274166 4466
3841.68208755 4467
3788.61455137 4468
3723.08268993 4469
3633.17891164 4470
3526.22162524 4471
3418.14318167 4472
3324.84728557 4473
3261.87946698 4474
3233.63118746 4475
3230.10813333 4476
3240.40301608 4477
3253.65788751 4478
3260.3978158 4479
3256.47505188 4480
3239.06953678 4481
3205.37443706 4482
3153.1765197 4483
3088.71065526 4484
3024.55533027 4485
2973.38723878 4486
2947.79345878 4487
2954.81860816 4488
2989.60722832 4489
3045.77566587 4490
3116.96974865 4491
3197.76340711 4492
3289.0741009 4493
3394.52617761 4494
3517.73634762 4495
3662.82506422 4496
3851.96880539 4497
4129.49540255 4498
4540.88369987 4499
5131.3834931 4500
5940.94703453 4501
6990.54095937 4502
8296.66852071 4503
9875.74185201 4504
11740.2373702 4505
13851.5389143 4506
16135.0233828 4507
18515.6696748 4508
20918.8565086 4509
23273.5488496 4510
25515.5280474 4511
27581.6843377 4512
29409.2387554 4513
30944.7152612 4514
32192.654467 4515
33180.4416242 4516
33935.3891458 4517
34484.0701514 4518
34835.2582008 4519
34977.5907216 4520
34898.68745 4521
34586.2383537 4522
34038.4485138 4523
33288.5776946 4524
32377.0559105 4525
31344.1073526 4526
30229.0468988 4527
29062.9535064 4528
27871.5578721 4529
26680.3608262 4530
25514.596427 4531
24386.6999266 4532
23286.1083371 4533
22199.8958298 4534
21115.2097853 4535
20023.4845046 4536
18940.1928542 4537
17889.189969 4538
16894.2052537 4539
15978.0528798 4540
15144.9079157 4541
14380.1061406 4542
13668.221147 4543
12993.9143503 4544
12344.706533 4545
11716.3567596 4546
11106.1431226 4547
10511.3589698 4548
9929.51827978 4549
9360.18523066 4550
8804.0832701 4551
8261.94591851 4552
7734.5354555 4553
7224.85496175 4554
6739.45374554 4555
6285.15923751 4556
5868.75692243 4557
5494.84434059 4558
5157.55130454 4559
4847.8731042 4560
4556.85743023 4561
4275.94220316 4562
4002.89680431 4563
3741.05417671 4564
3493.91790951 4565
3264.9667486 4566
3056.4571383 4567
2867.62564074 4568
2697.24985577 4569
2544.11384915 4570
2407.12610615 4571
2286.15077906 4572
2181.51246158 4573
2093.5361271 4574
2022.46181134 4575
1965.01430868 4576
1913.18848782 4577
1858.69192062 4578
1793.28447352 4579
1712.5213902 4580
1627.02876399 4581
1551.14381575 4582
1499.11219928 4583
1483.80606763 4584
1499.69459933 4585
1527.61567649 4586
1548.20147706 4587
1542.27923471 4588
1501.7197665 4589
1441.07252253 4590
1377.6032988 4591
1328.46607072 4592
1307.75079204 4593
1310.32186397 4594
1323.4498939 4595
1334.46859909 4596
1331.10082541 4597
1309.86712259 4598
1277.06933049 4599
1239.48442523 4600
1203.84417305 4601
1175.61570156 4602
1156.303102 4603
1146.61179121 4604
1147.24198603 4605
1158.44108744 4606
1175.64162774 4607
1191.37998577 4608
1198.20151986 4609
1188.78923904 4610
1162.32909356 4611
1128.79010907 4612
1099.09822733 4613
1084.10465753 4614
1091.58651034 4615
1114.1171999 4616
1139.54875172 4617
1155.81472631 4618
1151.53318797 4619
1126.91883967 4620
1092.54515002 4621
1059.28266627 4622
1037.91396433 4623
1034.36729253 4624
1042.52822653 4625
1054.47062949 4626
1062.32377791 4627
1059.36832408 4628
1047.65745151 4629
1033.39839241 4630
1022.78060364 4631
1021.82771821 4632
1031.65479741 4633
1046.98262627 4634
1062.13560857 4635
1071.47846717 4636
1071.12946442 4637
1063.78204021 4638
1053.67424922 4639
1045.01387449 4640
1041.70878311 4641
1044.116612 4642
1050.12301501 4643
1057.57754122 4644
1064.35315906 4645
1069.23738597 4646
1072.74647745 4647
1075.58708416 4648
1078.4608459 4649
1081.60909449 4650
1082.62833292 4651
1078.18118573 4652
1064.95368142 4653
1039.8796649 4654
1005.10862454 4655
967.995371253 4656
936.070024583 4657
916.803579802 4658
915.07151413 4659
928.588937211 4660
953.847630658 4661
987.365097036 4662
1025.54732306 4663
1063.59783038 4664
1096.10890486 4665
1117.70776526 4666
1123.16807256 4667
1112.43428664 4668
1092.76853703 4669
1071.9396437 4670
1057.65766262 4671
1055.68354773 4672
1063.88281314 4673
1078.09838016 4674
1094.20473 4675
1108.19554861 4676
1117.35941282 4677
1119.95180432 4678
1114.26467979 4679
1098.62056404 4680
1073.79356703 4681
1045.48691491 4682
1019.95599044 4683
1003.40803897 4684
1000.80090697 4685
1009.69227744 4686
1024.87138779 4687
1041.1621349 4688
1053.55231971 4689
1060.13762127 4690
1062.22132062 4691
1061.24600038 4692
1058.64287163 4693
1055.62866154 4694
1052.82365048 4695
1050.73807052 4696
1049.87798285 4697
1050.66090901 4698
1052.72829899 4699
1055.3114333 4700
1057.64374268 4701
1058.97814768 4702
1059.24002222 4703
1059.3118422 4704
1060.14324958 4705
1062.67630159 4706
1067.10494147 4707
1070.56232463 4708
1069.41452819 4709
1060.05670912 4710
1039.36683708 4711
1010.62213592 4712
981.771691993 4713
960.811150114 4714
955.631202719 4715
968.766286798 4716
992.278218605 4717
1017.06587752 4718
1034.10091874 4719
1036.30976969 4720
1027.75314858 4721
1016.49736932 4722
1010.55019412 4723
1017.48944601 4724
1036.44208703 4725
1058.16730417 4726
1073.13483635 4727
1071.89888571 4728
1049.9760529 4729
1016.21665627 4730
981.641173973 4731
957.181135323 4732
952.253977982 4733
964.172187118 4734
984.236415124 4735
1003.77188651 4736
1014.30172475 4737
1012.70900345 4738
1002.95817852 4739
989.472592778 4740
976.639976291 4741
967.907825066 4742
963.289408228 4743
961.996132301 4744
963.245683104 4745
966.282912696 4746
970.615414212 4747
975.927368031 4748
981.908618824 4749
988.249581944 4750
994.466156645 4751
999.763552992 4752
1003.32136484 4753
1004.32565915 4754
1002.27562406 4755
998.260043659 4756
993.870319619 4757
990.685245319 4758
990.205288969 4759
992.700239538 4760
997.360324549 4761
1003.34494665 4762
1009.82053697 4763
1015.9423331 4764
1020.83102636 4765
1023.60837212 4766
1023.40345396 4767
1019.65322564 4768
1013.9321525 4769
1008.72246919 4770
1006.49013272 4771
1009.59063679 4772
1017.65806488 4773
1027.22229633 4774
1034.6694367 4775
1036.41620573 4776
1030.35967084 4777
1018.9715031 4778
1005.59553542 4779
993.548313891 4780
985.801215922 4781
982.192126286 4782
980.801863181 4783
979.706962685 4784
977.021259262 4785
972.02439822 4786
965.70218226 4787
959.169668816 4788
953.532855311 4789
949.722420898 4790
947.969335843 4791
948.322434437 4792
950.830006523 4793
955.529978317 4794
962.323135032 4795
971.011781061 4796
981.397519621 4797
993.275844466 4798
1005.60005471 4799
1015.73267013 4800
1020.87949252 4801
1018.26903062 4802
1006.07731134 4803
987.565979997 4804
967.699307358 4805
951.402546479 4806
943.377389447 4807
944.655955938 4808
952.937299662 4809
965.816001565 4810
980.90710095 4811
996.159701562 4812
1010.30174032 4813
1022.1844284 4814
1030.66810088 4815
1034.90348774 4816
1036.06043211 4817
1036.17600214 4818
1037.27488567 4819
1041.28305485 4820
1047.66819494 4821
1053.11000115 4822
1054.16170929 4823
1047.40517543 4824
1031.3665401 4825
1010.48347623 4826
990.289495045 4827
976.27410717 4828
973.180475382 4829
979.119961049 4830
988.610170409 4831
996.175222973 4832
996.465644227 4833
988.124012777 4834
975.39118028 4835
962.898001906 4836
955.238923422 4837
955.610895704 4838
961.882880287 4839
970.649164974 4840
978.530973948 4841
982.443783656 4842
982.644084856 4843
981.62501639 4844
981.902392464 4845
985.953112147 4846
994.624944389 4847
1005.96742927 4848
1017.76619357 4849
1027.82437657 4850
1034.49785503 4851
1038.77580416 4852
1042.43965955 4853
1047.25727798 4854
1054.83662398 4855
1064.36898834 4856
1073.08320275 4857
1078.17138382 4858
1076.85691401 4859
1068.00554611 4860
1053.92309338 4861
1037.33463748 4862
1020.94442939 4863
1007.33781228 4864
998.483871983 4865
996.112890633 4866
1001.94173826 4867
1017.51694216 4868
1040.86341564 4869
1066.57252573 4870
1089.13066071 4871
1103.07031527 4872
1105.08639177 4873
1097.34226407 4874
1082.84595404 4875
1064.58335327 4876
1045.44812745 4877
1027.78674565 4878
1013.69047196 4879
1005.23384546 4880
1004.40744811 4881
1011.05375368 4882
1022.53040021 4883
1036.07356937 4884
1048.93987174 4885
1058.83213806 4886
1064.78509411 4887
1066.09296612 4888
1062.05514993 4889
1052.314078 4890
1039.62632442 4891
1028.40557779 4892
1023.05035938 4893
1027.82509726 4894
1042.45610735 4895
1060.50471593 4896
1075.13233873 4897
1079.54844677 4898
1069.3477985 4899
1048.76382945 4900
1023.98131085 4901
1001.14197765 4902
986.007661577 4903
980.500758935 4904
984.13666878 4905
996.396661409 4906
1016.74212253 4907
1043.10927778 4908
1071.01229867 4909
1095.77878207 4910
1112.76789858 4911
1118.59668716 4912
1115.25058177 4913
1106.15646711 4914
1094.71865896 4915
1084.19897673 4916
1076.19207595 4917
1071.08348363 4918
1069.22881526 4919
1070.97247193 4920
1075.73410872 4921
1081.24376459 4922
1085.06436286 4923
1084.77458263 4924
1078.6753129 4925
1068.66584856 4926
1057.76982515 4927
1048.99177459 4928
1045.16512824 4929
1046.55058575 4930
1051.28442223 4931
1057.45031333 4932
1063.14643851 4933
1066.82533068 4934
1067.66790828 4935
1064.95079931 4936
1057.95485899 4937
1046.36931402 4938
1032.25833762 4939
1018.53688937 4940
1008.1033376 4941
1003.68341304 4942
1004.80923482 4943
1008.04491693 4944
1009.86082748 4945
1006.75534168 4946
997.235280086 4947
984.537771807 4948
972.566416856 4949
965.202058938 4950
965.750611918 4951
973.790167004 4952
987.3751093 4953
1004.56675676 4954
1023.42323375 4955
1041.66165254 4956
1056.64473014 4957
1065.73285633 4958
1066.30436411 4959
1057.58667325 4960
1043.6990592 4961
1029.54291623 4962
1019.99234989 4963
1019.21403947 4964
1026.19017479 4965
1037.54395112 4966
1049.90469332 4967
1060.01393795 4968
1067.45055381 4969
1075.03832738 4970
1085.76498735 4971
1102.60235578 4972
1127.360181 4973
1158.45356769 4974
1193.68369132 4975
1230.86329618 4976
1267.9139919 4977
1303.59798996 4978
1337.102716 4979
1367.62219917 4980
1394.35972025 4981
1416.69259606 4982
1434.21436254 4983
1446.53416141 4984
1453.26274373 4985
1454.32422801 4986
1450.65487151 4987
1443.39077543 4988
1433.66251333 4989
1422.5071677 4990
1410.12687449 4991
1396.26709614 4992
1380.66981722 4993
1363.08952513 4994
1343.769184 4995
1323.61021296 4996
1303.55635001 4997
1284.54712886 4998
1267.26140988 4999
1251.47098989 5000
1236.74960712 5001
1222.67303359 5002
1208.75994784 5003
1193.92771479 5004
1176.74332056 5005
1155.77508075 5006
1129.64495745 5007
1099.36791096 5008
1069.40329174 5009
1044.46121414 5010
1029.23264532 5011
1026.49220544 5012
1031.84581151 5013
1039.22915131 5014
1042.60253055 5015
1036.43729528 5016
1020.64135762 5017
998.499660262 5018
973.335895068 5019
948.44892362 5020
926.452063162 5021
908.923881925 5022
897.350528185 5023
893.213236567 5024
897.076600253 5025
905.861645862 5026
915.591166868 5027
922.302313437 5028
922.380352503 5029
916.183492161 5030
906.65979224 5031
896.791697548 5032
889.53201431 5033
886.549363337 5034
887.478619923 5035
891.775270779 5036
898.896530944 5037
908.216545176 5038
918.756256203 5039
929.446829428 5040
939.222906192 5041
947.103269532 5042
953.114573356 5043
957.963929483 5044
962.369129789 5045
967.029992681 5046
971.515632011 5047
973.540461871 5048
970.652049974 5049
960.405367301 5050
941.624078702 5051
918.574191167 5052
896.974729638 5053
882.528763108 5054
880.464682209 5055
890.080489933 5056
906.56651045 5057
925.04354949 5058
940.666716687 5059
950.241157731 5060
953.326325797 5061
949.745240846 5062
939.320606856 5063
922.680148603 5064
903.985709578 5065
888.360605378 5066
880.916349096 5067
886.201209631 5068
901.517199329 5069
919.08276256 5070
931.027858823 5071
929.569609973 5072
912.381101798 5073
886.350382585 5074
859.242715625 5075
838.806644866 5076
831.072908785 5077
834.528308916 5078
845.581855454 5079
860.649402452 5080
876.278152202 5081
890.647745041 5082
903.085641323 5083
912.944910963 5084
919.585078828 5085
922.858500232 5086
923.447378612 5087
922.113381849 5088
919.616656724 5089
916.626852903 5090
913.421372194 5091
910.16950526 5092
907.040571928 5093
904.20602149 5094
901.868348416 5095
900.251876366 5096
899.581007678 5097
900.075608694 5098
901.645591722 5099
903.684596478 5100
905.537802842 5101
906.551684175 5102
906.461465299 5103
906.67572945 5104
909.051484676 5105
915.444130148 5106
927.49009548 5107
944.094000858 5108
962.293977961 5109
979.095649864 5110
991.531182928 5111
998.288990677 5112
1000.74878621 5113
1000.53512237 5114
999.271558894 5115
998.384300518 5116
998.481213413 5117
999.95705648 5118
1003.20586424 5119
1008.47640009 5120
1014.27247901 5121
1017.94482947 5122
1016.82542473 5123
1008.2826028 5124
991.869109114 5125
970.562380361 5126
947.636996263 5127
926.366500273 5128
909.572742596 5129
898.282460573 5130
893.07411305 5131
894.526521562 5132
903.005937894 5133
916.472732427 5134
931.365147018 5135
944.099055158 5136
951.135439717 5137
951.357333048 5138
947.271108322 5139
941.679222696 5140
937.383933673 5141
936.675829903 5142
939.92206291 5143
947.038062896 5144
957.93903039 5145
972.341899958 5146
987.873530857 5147
1000.90768831 5148
1007.80130995 5149
1004.99508188 5150
992.914101087 5151
977.606761896 5152
965.546250497 5153
963.206768643 5154
974.67270904 5155
995.620555289 5156
1019.87922619 5157
1041.2758252 5158
1054.28202921 5159
1059.60557295 5160
1061.44756663 5161
1064.04792359 5162
1071.5623549 5163
1084.68036253 5164
1099.52713795 5165
1111.91547143 5166
1117.65630437 5167
1114.21491026 5168
1104.41113178 5169
1092.14732128 5170
1081.32753564 5171
1075.45502742 5172
1074.503597 5173
1076.61940406 5174
1079.93189864 5175
1082.58248104 5176
1083.1516438 5177
1080.75331041 5178
1074.53216564 5179
1063.63347809 5180
1048.22912408 5181
1031.51241671 5182
1017.23120659 5183
1009.13688495 5184
1010.35016606 5185
1019.0373047 5186
1031.02886603 5187
1042.13842488 5188
1048.31308717 5189
1049.34600853 5190
1049.2977582 5191
1052.45495219 5192
1063.1045342 5193
1083.24969211 5194
1108.82774479 5195
1134.77707938 5196
1156.03084775 5197
1168.17066024 5198
1171.31434091 5199
1167.50515059 5200
1158.79551068 5201
1147.26667738 5202
1135.61178463 5203
1127.13735787 5204
1125.18072984 5205
1133.07422463 5206
1151.64958743 5207
1175.83918581 5208
1199.72038449 5209
1217.36271924 5210
1223.97132687 5211
1221.71346497 5212
1215.38326098 5213
1209.78588086 5214
1209.54041346 5215
1215.61586523 5216
1225.7150776 5217
1237.42235395 5218
1248.32354568 5219
1256.76442246 5220
1262.67657436 5221
1266.19046221 5222
1267.436407 5223
1266.71938169 5224
1265.26814686 5225
1264.61638357 5226
1266.30043589 5227
1271.72097176 5228
1280.13140261 5229
1289.08886788 5230
1296.10021498 5231
1298.6817505 5232
1295.63343118 5233
1288.09396273 5234
1277.45149133 5235
1265.09639494 5236
1252.27815706 5237
1239.59834179 5238
1227.47518127 5239
1216.32780334 5240
1206.58221863 5241
1198.7454907 5242
1193.38080605 5243
1191.05316468 5244
1192.30320254 5245
1196.04258011 5246
1198.61668674 5247
1196.13822123 5248
1184.71290446 5249
1162.12714662 5250
1132.65697566 5251
1102.14848459 5252
1076.45854623 5253
1060.98598451 5254
1056.27544248 5255
1059.99499906 5256
1069.77086709 5257
1083.21017266 5258
1097.29653444 5259
1108.17157821 5260
1111.90965708 5261
1104.57798203 5262
1084.47209511 5263
1057.09338457 5264
1029.40426319 5265
1008.38173369 5266
1000.19872262 5267
1004.1436819 5268
1016.04490114 5269
1031.69568887 5270
1046.93743461 5271
1059.29468332 5272
1068.22816323 5273
1073.30414504 5274
1074.08833403 5275
1070.65657477 5276
1064.45087016 5277
1057.14230801 5278
1050.4061686 5279
1045.78673961 5280
1043.91263508 5281
1045.03008747 5282
1049.38402112 5283
1057.18315833 5284
1067.83657277 5285
1079.98062289 5286
1092.21776676 5287
1103.14878996 5288
1111.78798876 5289
1118.06763055 5290
1122.04262088 5291
1123.76862894 5292
1123.52270036 5293
1122.80377305 5294
1123.53191823 5295
1127.63205831 5296
1136.89351989 5297
1150.87145893 5298
1167.32495759 5299
1183.9579283 5300
1198.47779325 5301
1209.47203547 5302
1217.12603055 5303
1221.79388569 5304
1223.83079292 5305
1224.03116587 5306
1225.12559935 5307
1230.38368918 5308
1243.08321576 5309
1266.12123335 5310
1297.75876231 5311
1333.19526393 5312
1367.5651042 5313
1396.05262138 5314
1417.05869791 5315
1433.73701977 5316
1449.63090714 5317
1468.29163596 5318
1492.30218597 5319
1520.83163158 5320
1552.29863688 5321
1585.11830414 5322
1618.07644586 5323
1653.34535489 5324
1694.90418731 5325
1746.75823849 5326
1812.80465512 5327
1893.14190255 5328
1983.32335696 5329
2078.62637512 5330
2174.3210997 5331
2268.89765374 5332
2369.71878735 5333
2485.67617921 5334
2625.68301337 5335
2804.89653617 5336
3081.44022989 5337
3531.68717006 5338
4232.2605269 5339
5258.66904 5340
6658.98698739 5341
8455.00908446 5342
10667.5240605 5343
13317.1525655 5344
16383.8603165 5345
19760.0466864 5346
23326.4960045 5347
26963.7044181 5348
30556.9953476 5349
34018.4291343 5350
37268.6774831 5351
40228.2472415 5352
42817.8234693 5353
44963.5841708 5354
46595.8100154 5355
47644.7395174 5356
48041.5231285 5357
47800.3991063 5358
47075.3343315 5359
46034.0390573 5360
44844.6422849 5361
43648.2122445 5362
42476.8650059 5363
41335.6448507 5364
40229.5978408 5365
39162.3150823 5366
38122.2913281 5367
37089.0485497 5368
36041.971376 5369
34960.5746578 5370
33832.2058715 5371
32654.4282437 5372
31425.4868907 5373
30143.6335967 5374
28815.7367376 5375
27474.4426644 5376
26157.2642519 5377
24901.8017963 5378
23740.5175704 5379
22667.070214 5380
21657.5780457 5381
20688.0093359 5382
19735.1739187 5383
18796.6776856 5384
17891.0709014 5385
17037.878151 5386
16256.6139375 5387
15554.9474704 5388
14913.9451466 5389
14311.0019876 5390
13723.4701968 5391
13133.287402 5392
12547.5039242 5393
11981.6530786 5394
11451.3123434 5395
10970.9671725 5396
10538.3909263 5397
10138.5191293 5398
9755.92793723 5399
9375.25065164 5400
8988.24793587 5401
8598.65663656 5402
8211.37043927 5403
7831.29271696 5404
7461.6265204 5405
7098.8801901 5406
6737.91056762 5407
6373.5599102 5408
6001.67314338 5409
5628.14953992 5410
5264.68518565 5411
4923.07261251 5412
4614.90226822 5413
4343.60788713 5414
4102.37708984 5415
3883.73157323 5416
3680.17916732 5417
3486.07392026 5418
3301.01084038 5419
3125.50365948 5420
2960.06731425 5421
2805.22548846 5422
2661.55766756 5423
2529.66955765 5424
2410.16731233 5425
2303.60662091 5426
2209.50301239 5427
2126.39813133 5428
2052.79325369 5429
1987.18517963 5430
1927.83446883 5431
1872.52598929 5432
1818.98203415 5433
1764.91993466 5434
1708.88328411 5435
1653.41172169 5436
1602.2530553 5437
1559.1623872 5438
1527.69458554 5439
1508.78716411 5440
1501.5896624 5441
1505.21569979 5442
1518.72260075 5443
1538.35247893 5444
1556.19036922 5445
1563.97135553 5446
1553.41585423 5447
1535.49846229 5448
1585.62564711 5449
1792.80592141 5450
2246.23655735 5451
3021.67884022 5452
4083.15197218 5453
5339.69226591 5454
6699.76223376 5455
8073.05847178 5456
9405.78175663 5457
10683.0234953 5458
11891.7227825 5459
13018.7345778 5460
14034.5252052 5461
14871.3910328 5462
15456.0857972 5463
15715.2083186 5464
15594.5534444 5465
15146.3625916 5466
14459.488806 5467
13622.9986769 5468
12724.6336906 5469
11830.1221738 5470
10988.4335751 5471
10248.2193704 5472
9657.71536249 5473
9230.19827557 5474
8921.78405817 5475
8683.2337284 5476
8465.2059188 5477
8225.87194935 5478
7951.52612627 5479
7634.96907292 5480
7268.98852666 5481
6847.92434869 5482
6380.33107085 5483
5882.37331176 5484
5370.31665074 5485
4860.42478441 5486
4367.96940253 5487
3907.08564635 5488
3491.86979305 5489
3136.42588434 5490
2847.46102759 5491
2613.19941511 5492
2419.01037707 5493
2250.23588561 5494
2094.23171832 5495
1950.30017338 5496
1822.08965605 5497
1713.26057633 5498
1627.13939179 5499
1561.6800419 5500
1510.54525866 5501
1467.26708224 5502
1425.41106636 5503
1382.06032756 5504
1340.26990422 5505
1303.67908697 5506
1275.93345693 5507
1259.04227144 5508
1248.73557561 5509
1239.23384101 5510
1224.74786157 5511
1200.33269015 5512
1169.02111409 5513
1138.20445955 5514
1115.33128542 5515
1107.65485119 5516
1116.14356369 5517
1134.4990316 5518
1156.00845 5519
1173.95406536 5520
1184.26958152 5521
1189.5273754 5522
1193.32355497 5523
1199.26060288 5524
1210.23273626 5525
1224.99335842 5526
1240.8027542 5527
1254.91356642 5528
1264.75798422 5529
1270.58332906 5530
1274.8492406 5531
1280.07917206 5532
1288.76871659 5533
1301.19865341 5534
1314.00061069 5535
1323.46169229 5536
1325.86237325 5537
1318.77434322 5538
1304.53670429 5539
1286.58951302 5540
1268.3785898 5541
1253.06532665 5542
1241.26004434 5543
1232.24454725 5544
1225.28821729 5545
1219.63456711 5546
1213.85429551 5547
1205.78102359 5548
1193.20727549 5549
1173.93113166 5550
1148.03066769 5551
1120.91997066 5552
1098.78154104 5553
1087.80715026 5554
1092.2849404 5555
1106.28222567 5556
1120.45454086 5557
1125.44081078 5558
1112.70010054 5559
1085.06256099 5560
1053.60085319 5561
1029.58701001 5562
1024.15425962 5563
1039.85245358 5564
1066.28701108 5565
1091.97881191 5566
1105.43328284 5567
1099.05146054 5568
1078.106201 5569
1050.5256108 5570
1024.24881781 5571
1006.44179811 5572
998.227441069 5573
997.912702478 5574
1003.78650933 5575
1014.12030637 5576
1026.8446331 5577
1039.55648082 5578
1049.83613066 5579
1055.26903138 5580
1054.73496816 5581
1049.76990804 5582
1042.23732824 5583
1034.00367643 5584
1026.84342794 5585
1022.10289695 5586
1021.00676441 5587
1024.78088046 5588
1034.35519414 5589
1047.33371932 5590
1059.22910252 5591
1065.51680447 5592
1061.77637923 5593
1047.83711267 5594
1029.04043449 5595
1011.1014104 5596
999.738653337 5597
998.516891352 5598
1005.0424544 5599
1015.89978848 5600
1027.66875045 5601
1037.33094603 5602
1044.41654425 5603
1049.44604294 5604
1052.94289986 5605
1055.39687081 5606
1056.73123077 5607
1056.40362549 5608
1053.85747002 5609
1048.54662921 5610
1040.79082282 5611
1032.36882007 5612
1025.20236184 5613
1021.21493875 5614
1021.58037352 5615
1024.70924313 5616
1028.37610835 5617
1030.3530165 5618
1028.6910465 5619
1023.84964438 5620
1017.51428212 5621
1011.38187109 5622
1007.09069254 5623
1004.76868948 5624
1002.95919472 5625
1000.12993549 5626
994.753583556 5627
986.631801605 5628
978.453558528 5629
973.289620121 5630
974.213404869 5631
983.287210254 5632
997.693684677 5633
1013.14583584 5634
1025.35192722 5635
1030.41473418 5636
1029.05262148 5637
1024.96063663 5638
1021.88638872 5639
1023.50425075 5640
1030.41948025 5641
1039.2114862 5642
1046.18376452 5643
1047.63914597 5644
1041.74321436 5645
1031.79198182 5646
1021.95901834 5647
1016.42158091 5648
1018.56857569 5649
1026.89230161 5650
1038.01378212 5651
1048.54750615 5652
1055.29784111 5653
1058.1084711 5654
1059.24523944 5655
1061.04304103 5656
1065.82019393 5657
1074.6482863 5658
1086.58099863 5659
1100.48784238 5660
1115.23762992 5661
1129.80589974 5662
1143.54104046 5663
1155.87086759 5664
1166.22252366 5665
1174.20121852 5666
1180.80537828 5667
1187.69225027 5668
1196.52370217 5669
1208.97772175 5670
1227.03548613 5671
1252.97107142 5672
1289.07163477 5673
1337.62035298 5674
1400.22353209 5675
1477.16117153 5676
1568.56041959 5677
1674.5482727 5678
1795.70344223 5679
1934.51413868 5680
2093.97391701 5681
2277.07891694 5682
2485.63683259 5683
2709.82370778 5684
2933.23762488 5685
3139.38906455 5686
3312.06472661 5687
3443.47412923 5688
3535.39278895 5689
3590.11679182 5690
3609.94335667 5691
3597.10173964 5692
3553.66121965 5693
3481.66916233 5694
3383.1766981 5695
3261.52993144 5696
3126.6460311 5697
2990.52807725 5698
2865.1873015 5699
2761.745593 5700
2680.52194076 5701
2614.68367804 5702
2557.26662608 5703
2501.37811561 5704
2443.22466451 5705
2383.10503563 5706
2321.59950788 5707
2259.28700644 5708
2196.09034313 5709
2130.15015193 5710
2059.30692718 5711
1981.39908278 5712
1894.87991004 5713
1801.8636111 5714
1705.8128782 5715
1610.19511986 5716
1518.50154618 5717
1434.52912214 5718
1362.30811821 5719
1305.8766893 5720
1269.1791816 5721
1250.86644479 5722
1241.64421707 5723
1231.55874447 5724
1210.65204653 5725
1173.58047513 5726
1129.35361255 5727
1089.76697678 5728
1066.62315385 5729
1069.29808679 5730
1090.50162568 5731
1115.95392428 5732
1131.34224832 5733
1123.17561972 5734
1092.33498822 5735
1051.85922263 5736
1015.17760454 5737
995.629026815 5738
999.174964359 5739
1019.41716764 5740
1048.77530977 5741
1079.66451118 5742
1105.73138186 5743
1124.9321521 5744
1136.16224671 5745
1138.31625779 5746
1130.91484427 5747
1118.3031381 5748
1107.07081845 5749
1103.82335362 5750
1114.8822371 5751
1140.75303423 5752
1176.54366314 5753
1217.15493463 5754
1257.55056654 5755
1299.209337 5756
1355.5445478 5757
1441.25207043 5758
1571.03729572 5759
1755.82010825 5760
1991.9960892 5761
2272.47841287 5762
2590.17638378 5763
2937.07691604 5764
3297.39248293 5765
3651.41583787 5766
3979.40004675 5767
4261.96494679 5768
4488.37209291 5769
4656.48988142 5770
4764.55599298 5771
4810.83701288 5772
4797.36003656 5773
4733.51541335 5774
4629.55395979 5775
4495.73255628 5776
4344.16115392 5777
4194.54244369 5778
4068.53127514 5779
3987.79654432 5780
3972.2087251 5781
4025.19413671 5782
4141.39716559 5783
4315.37688212 5784
4541.22931049 5785
4801.55069695 5786
5066.89957306 5787
5307.25329845 5788
5492.65305671 5789
5605.35763277 5790
5652.82698781 5791
5645.63199824 5792
5594.35018692 5793
5507.06926915 5794
5381.13261257 5795
5210.99241497 5796
4991.09978695 5797
4718.15308505 5798
4410.30280586 5799
4097.59026586 5800
3810.2005495 5801
3577.54972584 5802
3408.35573771 5803
3289.03508544 5804
3204.89155316 5805
3141.23249747 5806
3085.14120385 5807
3027.47023706 5808
2959.54475539 5809
2872.68670214 5810
2761.25354119 5811
2632.96152836 5812
2499.1985205 5813
2371.35915142 5814
2259.80382124 5815
2164.79880789 5816
2080.93056503 5817
2002.72021901 5818
1924.77705278 5819
1844.21505617 5820
1760.87757056 5821
1674.74514051 5822
1585.81100416 5823
1496.23306875 5824
1412.76255875 5825
1342.74155449 5826
1293.51564163 5827
1270.21623097 5828
1268.22537728 5829
1280.24491131 5830
1298.97215577 5831
1317.34817097 5832
1330.69602699 5833
1335.66695452 5834
1328.92433767 5835
1307.35114397 5836
1273.66806444 5837
1236.87683593 5838
1206.29714118 5839
1191.22107293 5840
1195.97166859 5841
1214.50767051 5842
1239.48846545 5843
1263.569273 5844
1280.66655029 5845
1290.11684902 5846
1292.70874843 5847
1289.23092157 5848
1280.77628947 5849
1271.26335275 5850
1266.14805123 5851
1270.9045761 5852
1290.78742168 5853
1325.50342784 5854
1368.97360705 5855
1414.84344044 5856
1456.7748257 5857
1491.11891575 5858
1519.63363085 5859
1544.72549814 5860
1568.80197342 5861
1594.39005325 5862
1624.49928325 5863
1662.26369367 5864
1710.81959168 5865
1772.82361124 5866
1846.71268281 5867
1928.73722802 5868
2015.12672648 5869
2102.64889387 5870
2200.25461153 5871
2328.93616369 5872
2510.21207629 5873
2765.62576167 5874
3117.8076079 5875
3591.42875036 5876
4211.40195519 5877
5002.65831045 5878
5986.65806355 5879
7171.64143155 5880
8562.71988394 5881
10165.0092127 5882
11979.756708 5883
13977.1347505 5884
16112.3436192 5885
18340.4570974 5886
20616.5887986 5887
22897.2216109 5888
25140.0965292 5889
27302.9660482 5890
29343.6679972 5891
31228.770201 5892
32940.1070024 5893
34461.0242683 5894
35774.8607322 5895
36865.0773332 5896
37715.6332067 5897
38310.5549448 5898
38633.8957076 5899
38675.4888485 5900
38467.1071577 5901
38058.8723573 5902
37501.0203118 5903
36842.1727138 5904
36102.5771623 5905
35278.7335537 5906
34366.3847581 5907
33361.5464189 5908
32276.0039392 5909
31146.3399995 5910
30011.3489803 5911
28909.837977 5912
27867.0916434 5913
26866.7732732 5914
25884.5770145 5915
24896.1921097 5916
23881.1239577 5917
22843.2474348 5918
21795.9108125 5919
20752.4926939 5920
19726.1761867 5921
18727.0927549 5922
17763.1107821 5923
16842.046161 5924
15971.5767672 5925
15152.6210335 5926
14376.7218591 5927
13634.7178603 5928
12917.4437848 5929
12219.700359 5930
11546.8687436 5931
10906.0777813 5932
10304.4669623 5933
9748.66534488 5934
9242.50226394 5935
8788.86602359 5936
8390.64925442 5937
8050.01239312 5938
7760.52466821 5939
7510.16466511 5940
7286.80452704 5941
7078.43443598 5942
6877.251252 5943
6680.54481885 5944
6485.90058088 5945
6290.92181364 5946
6096.19501399 5947
5909.12196777 5948
5738.05609409 5949
5591.35923055 5950
5473.85024271 5951
5374.20944295 5952
5276.51526821 5953
5164.83317854 5954
5025.43143271 5955
4865.71212041 5956
4704.79963214 5957
4561.96273147 5958
4455.80979791 5959
4388.55818457 5960
4345.54150805 5961
4311.30732102 5962
4270.44456647 5963
4213.78722844 5964
4144.11522778 5965
4065.55159288 5966
3982.22609809 5967
3897.88543631 5968
3814.84239675 5969
3735.0759005 5970
3660.56828597 5971
3593.19467124 5972
3534.00917957 5973
3483.69037314 5974
3442.91418094 5975
3412.18904352 5976
3389.05804305 5977
3368.51699213 5978
3345.47544528 5979
3314.89071385 5980
3275.04192508 5981
3229.4425759 5982
3182.07066786 5983
3136.90737623 5984
3096.63858324 5985
3060.06194465 5986
3025.24342343 5987
2990.2495715 5988
2953.41308847 5989
2914.6920166 5990
2874.64573477 5991
2833.83603378 5992
2792.81594926 5993
2752.01510287 5994
2711.7776749 5995
2672.44712548 5996
2634.37884559 5997
2598.39694865 5998
2565.92147187 5999
2538.41354843 6000
2517.33354461 6001
2503.49539752 6002
2496.18103221 6003
2494.44783615 6004
2497.35180578 6005
2503.4835865 6006
2509.26471934 6007
2510.48327643 6008
2502.92262765 6009
2482.90199977 6010
2451.92118257 6011
2414.36286706 6012
2374.64611209 6013
2337.10750628 6014
2304.01734483 6015
2275.54831138 6016
2251.77850133 6017
2232.77736496 6018
2217.59168476 6019
2203.37435538 6020
2187.06813314 6021
2165.61478969 6022
2137.55299708 6023
2107.09083659 6024
2079.69346453 6025
2060.83326095 6026
2054.77213085 6027
2057.2186006 6028
2060.20794626 6029
2055.75072328 6030
2036.38313459 6031
2002.97010287 6032
1962.96216995 6033
1923.9988511 6034
1893.63994954 6035
1875.13972196 6036
1865.61756384 6037
1861.71867278 6038
1860.0858432 6039
1857.80256709 6040
1853.12645391 6041
1844.5050644 6042
1830.38348406 6043
1809.85973326 6044
1785.39996143 6045
1760.55445531 6046
1738.87856649 6047
1723.6309699 6048
1714.88145774 6049
1710.78366598 6050
1709.46206567 6051
1709.04514021 6052
1707.84081748 6053
1704.35156954 6054
1697.0874034 6055
1684.56774852 6056
1666.7897528 6057
1646.64031972 6058
1627.34465111 6059
1612.13309947 6060
1603.12569538 6061
1598.32417224 6062
1594.77334503 6063
1589.51542514 6064
1579.95158779 6065
1566.13143365 6066
1549.27556902 6067
1530.61230717 6068
1511.4286802 6069
1493.91799092 6070
1481.00316698 6071
1475.63136328 6072
1480.68160693 6073
1495.4672815 6074
1514.18946087 6075
1530.64655996 6076
1538.63260818 6077
1533.96770073 6078
1517.79745339 6079
1492.12966625 6080
1458.97518416 6081
1420.97244207 6082
1383.90454174 6083
1354.54967556 6084
1339.69570672 6085
1345.09818616 6086
1365.92707548 6087
1391.18215092 6088
1409.76892288 6089
1411.0111206 6090
1394.87728854 6091
1372.36696714 6092
1355.00620534 6093
1354.26977042 6094
1374.58617843 6095
1407.35925816 6096
1442.5734739 6097
1470.19752037 6098
1483.33819909 6099
1485.89081492 6100
1484.0679081 6101
1484.09217726 6102
1491.15259049 6103
1503.53116515 6104
1516.69452903 6105
1526.09405676 6106
1527.45863965 6107
1520.47813851 6108
1507.750312 6109
1491.94387225 6110
1475.70292349 6111
1460.55718683 6112
1446.59501993 6113
1433.80957036 6114
1422.19339464 6115
1411.66725549 6116
1401.98593273 6117
1392.88044913 6118
1384.08092351 6119
1375.29614301 6120
1366.13963592 6121
1356.19861078 6122
1345.06004059 6123
1332.52411393 6124
1320.20930017 6125
1310.65312412 6126
1306.40448102 6127
1309.79105233 6128
1318.88428874 6129
1327.95046329 6130
1331.11416063 6131
1322.56861635 6132
1301.34405158 6133
1274.03855017 6134
1247.91952273 6135
1230.26325058 6136
1225.43979712 6137
1229.59603615 6138
1237.43060576 6139
1243.63393128 6140
1243.93546144 6141
1239.64030438 6142
1233.90690353 6143
1229.8998403 6144
1230.623378 6145
1237.33254556 6146
1250.23050103 6147
1269.5057995 6148
1295.26537848 6149
1325.5361503 6150
1356.16096527 6151
1382.87177812 6152
1401.43228939 6153
1411.40259332 6154
1419.30968563 6155
1432.4347731 6156
1458.07345437 6157
1500.04989929 6158
1550.57884694 6159
1599.44175904 6160
1636.40086517 6161
1652.74690385 6162
1649.49115379 6163
1631.42881706 6164
1603.37217605 6165
1570.05003279 6166
1535.02389425 6167
1501.0491059 6168
1470.87030991 6169
1447.15047541 6170
1429.75009405 6171
1415.17752556 6172
1399.73746205 6173
1379.74465177 6174
1354.17831708 6175
1327.58516389 6176
1305.21717181 6177
1292.33611632 6178
1291.92040854 6179
1298.22181325 6180
1303.4042803 6181
1299.61678981 6182
1280.40724618 6183
1249.44845492 6184
1214.84652199 6185
1184.74169565 6186
1166.80627435 6187
1161.56297365 6188
1164.03984793 6189
1169.11708051 6190
1171.73224134 6191
1169.52262995 6192
1163.67544844 6193
1155.6205267 6194
1146.78898574 6195
1138.12704115 6196
1129.46298493 6197
1120.4689601 6198
1110.81551079 6199
1100.26408439 6200
1088.95575939 6201
1077.13156513 6202
1065.03340657 6203
1053.06019936 6204
1042.85432536 6205
1036.65093934 6206
1036.69352876 6207
1044.97338403 6208
1059.2409307 6209
1073.75295733 6210
1082.65130625 6211
1080.17636324 6212
1065.63055959 6213
1045.42121483 6214
1026.49850856 6215
1015.81521364 6216
1016.78342234 6217
1024.14089731 6218
1031.31450059 6219
1031.71841102 6220
1020.72590292 6221
1002.44520344 6222
983.414268673 6223
970.184330507 6224
968.35403797 6225
975.483319275 6226
985.125272541 6227
990.792321278 6228
986.39779098 6229
973.100498107 6230
958.249556045 6231
949.404941992 6232
954.008319186 6233
972.812877941 6234
996.880077073 6235
1016.49765835 6236
1021.94706117 6237
1008.29754426 6238
982.673486715 6239
954.076053715 6240
931.523040569 6241
921.904119884 6242
922.398751537 6243
927.429606562 6244
931.407944652 6245
929.413799578 6246
922.272259745 6247
913.708115021 6248
907.474935248 6249
907.127563197 6250
912.578866362 6251
920.618504518 6252
927.929588899 6253
931.22211604 6254
928.926122705 6255
921.960907996 6256
911.442817214 6257
898.489661157 6258
884.34972369 6259
870.588162458 6260
858.821777432 6261
850.669956175 6262
847.412709915 6263
848.804926547 6264
854.175852171 6265
862.853265618 6266
874.028634739 6267
885.781190965 6268
895.641168152 6269
901.130363083 6270
899.933865004 6271
892.57118293 6272
881.927443486 6273
870.964878363 6274
862.630644221 6275
858.92519586 6276
860.526958139 6277
868.017695319 6278
881.97525074 6279
901.508751089 6280
922.240859217 6281
939.281016409 6282
947.728247792 6283
944.288584724 6284
932.465241016 6285
917.559444696 6286
904.882178951 6287
898.986750095 6288
898.537069812 6289
899.465603288 6290
897.682019456 6291
889.356571361 6292
874.786797116 6293
857.506317576 6294
841.142686682 6295
829.286082613 6296
823.804484447 6297
824.323278578 6298
830.316567864 6299
841.252451486 6300
855.615395643 6301
869.736092664 6302
879.653074189 6303
881.397049418 6304
872.699874043 6305
857.838872007 6306
842.668857806 6307
833.056037228 6308
833.817594355 6309
842.468196812 6310
853.434659809 6311
861.121947794 6312
860.343433739 6313
851.485211056 6314
838.907755044 6315
827.064322493 6316
820.326009646 6317
820.219350216 6318
824.929355367 6319
832.446970532 6320
840.762941774 6321
848.316687462 6322
854.427759834 6323
858.517222025 6324
860.00488665 6325
858.432249691 6326
853.754018139 6327
846.011496441 6328
835.246509121 6329
821.690421314 6330
806.710278788 6331
792.094776804 6332
779.636690361 6333
771.038970617 6334
766.965664834 6335
767.431348918 6336
772.440809114 6337
781.93617224 6338
794.348148459 6339
806.553716324 6340
815.352883626 6341
817.566066255 6342
812.015453012 6343
800.902121688 6344
786.756454244 6345
772.113223349 6346
759.092360362 6347
748.623204381 6348
741.425203937 6349
738.218795863 6350
739.315749057 6351
742.984203721 6352
746.85401722 6353
748.549775786 6354
745.994497745 6355
739.824512665 6356
732.115214883 6357
724.959213255 6358
720.439637245 6359
720.404897186 6360
726.499470809 6361
740.36416253 6362
763.563178831 6363
793.897161798 6364
823.847776739 6365
845.481052778 6366
850.864635123 6367
836.629474254 6368
810.10138916 6369
780.146840677 6370
755.649386287 6371
743.354486944 6372
741.387022883 6373
745.70600962 6374
752.262914484 6375
757.353013208 6376
759.742677896 6377
759.261266719 6378
755.741457994 6379
749.139417825 6380
741.039103452 6381
734.181813146 6382
731.338185219 6383
735.157601958 6384
744.531556609 6385
754.041432405 6386
758.022042768 6387
750.843355764 6388
731.618040314 6389
708.307496385 6390
689.853135746 6391
685.212160734 6392
699.715432926 6393
727.336527615 6394
759.82668769 6395
788.92176586 6396
807.645956282 6397
816.037888773 6398
816.493615938 6399
811.4147089 6400
803.219371534 6401
794.439176684 6402
787.670884697 6403
785.517235399 6404
790.358798932 6405
800.223629544 6406
809.211205318 6407
811.269908689 6408
800.461777838 6409
777.074600068 6410
750.394509987 6411
730.425588779 6412
727.168161859 6413
744.494290994 6414
771.798109069 6415
796.369430304 6416
805.474312144 6417
790.215913345 6418
757.050995451 6419
716.273665803 6420
678.196902804 6421
652.173747482 6422
640.85233775 6423
644.062461607 6424
661.623429252 6425
692.964497071 6426
732.605689853 6427
771.705269462 6428
801.34018376 6429
812.852720752 6430
805.174551776 6431
785.515784617 6432
761.517963858 6433
740.800569612 6434
727.992885015 6435
722.502110733 6436
723.209585146 6437
728.994623756 6438
738.439783185 6439
749.283842365 6440
759.112607982 6441
765.507148123 6442
766.719526033 6443
764.253116182 6444
760.592736989 6445
758.228036854 6446
759.313654598 6447
763.175166059 6448
767.726900779 6449
770.87000527 6450
770.616268982 6451
766.784413475 6452
760.634336278 6453
753.467687903 6454
746.564439437 6455
740.333450713 6456
734.089263883 6457
727.076028012 6458
718.543751925 6459
708.735067401 6460
699.882977148 6461
694.46165661 6462
694.949527666 6463
702.705586537 6464
715.397813139 6465
729.932617919 6466
743.210827011 6467
752.635667602 6468
758.411802272 6469
761.709345387 6470
763.700809421 6471
765.462765805 6472
767.124743334 6473
768.286252849 6474
768.540383527 6475
767.508892642 6476
765.357318081 6477
762.731322309 6478
760.294861357 6479
758.693001295 6480
757.711892565 6481
755.947030514 6482
751.904364528 6483
744.094309385 6484
732.445065198 6485
719.996341087 6486
710.205820142 6487
706.537273815 6488
711.092097169 6489
721.0516266 6490
732.485824964 6491
741.457264873 6492
744.426552594 6493
740.28165684 6494
728.811998714 6495
709.807997517 6496
683.530872795 6497
655.159377582 6498
632.807661391 6499
624.643388735 6500
638.305503825 6501
670.460506462 6502
707.557953168 6503
735.635358765 6504
740.909515064 6505
719.733759182 6506
683.128876762 6507
643.279096143 6508
612.372591099 6509
598.336946301 6510
599.32283678 6511
612.115540363 6512
633.494075573 6513
659.946697442 6514
686.89184115 6515
709.493463505 6516
722.906703722 6517
723.377206518 6518
713.917854774 6519
700.125686069 6520
687.612296781 6521
681.497680512 6522
681.567366033 6523
684.379168005 6524
686.439816425 6525
684.380053003 6526
677.492853243 6527
667.569534387 6528
656.500761038 6529
646.172653273 6530
638.066451579 6531
633.077857059 6532
632.058716391 6533
635.861300907 6534
645.22243787 6535
660.614043311 6536
682.472894261 6537
711.236276389 6538
747.386630275 6539
791.569848261 6540
844.469545584 6541
906.770534424 6542
978.958227549 6543
1060.31941874 6544
1149.69755844 6545
1245.93264814 6546
1347.47498205 6547
1448.82154607 6548
1542.15609506 6549
1619.61835441 6550
1673.70364019 6551
1703.91159546 6552
1716.03986104 6553
1716.12069043 6554
1710.11514241 6555
1700.42376237 6556
1684.55656315 6557
1659.66477743 6558
1622.91229751 6559
1574.64647769 6560
1521.97632827 6561
1472.88686885 6562
1435.37625163 6563
1414.26358753 6564
1403.59813089 6565
1395.14553606 6566
1380.65771974 6567
1353.44450406 6568
1315.40189289 6569
1271.35193288 6570
1226.1277314 6571
1184.21233709 6572
1146.82824039 6573
1113.44982244 6574
1083.53376869 6575
1056.54202961 6576
1032.03328975 6577
1009.64567177 6578
989.018874333 6579
969.788787721 6580
951.480657633 6581
933.481875887 6582
915.17020165 6583
895.928643537 6584
875.852090463 6585
856.385938824 6586
839.128668326 6587
825.680930387 6588
816.599714042 6589
809.340484916 6590
800.781296739 6591
787.794767564 6592
768.386873931 6593
745.96496111 6594
725.545385335 6595
712.153680089 6596
709.896093677 6597
715.717540166 6598
723.220618074 6599
725.978570268 6600
718.11606259 6601
701.267957866 6602
682.430352863 6603
668.726884326 6604
667.046432199 6605
677.832975409 6606
694.610521172 6607
710.551890757 6608
718.887255254 6609
717.49847647 6610
711.791556227 6611
707.865056417 6612
711.81874382 6613
725.981832018 6614
743.318190868 6615
755.353966964 6616
753.59976637 6617
732.752586458 6618
699.993464352 6619
665.56258748 6620
639.718733717 6621
630.970566067 6622
636.847951991 6623
650.658439916 6624
665.688948928 6625
675.765331352 6626
680.363980758 6627
682.288345303 6628
684.389434501 6629
689.354299197 6630
696.757691351 6631
703.426953176 6632
706.089516339 6633
701.550305156 6634
689.933150369 6635
675.729893744 6636
663.737752891 6637
658.739347467 6638
662.57716093 6639
671.266072572 6640
680.129276239 6641
684.481978241 6642
681.379108936 6643
673.168831973 6644
663.203976741 6645
654.843684957 6646
650.77740922 6647
650.474857864 6648
652.444667871 6649
655.193078045 6650
657.247781945 6651
657.321963481 6652
654.212268654 6653
646.713719495 6654
633.897663659 6655
618.377356681 6656
605.213178872 6657
599.523380456 6658
606.215150854 6659
624.950275985 6660
650.025924894 6661
675.486841422 6662
695.406463543 6663
706.049142184 6664
706.99529671 6665
698.099278338 6666
679.224947367 6667
652.500727476 6668
625.17263952 6669
605.202126024 6670
600.565375107 6671
615.760912759 6672
643.185477753 6673
672.597895545 6674
693.73770916 6675
698.198676651 6676
687.681804827 6677
667.294236372 6678
642.155793671 6679
617.292577517 6680
596.855524724 6681
584.551583272 6682
584.091706329 6683
598.727751321 6684
624.950953541 6685
654.138191284 6686
677.524873082 6687
686.558694406 6688
679.023212428 6689
659.71289021 6690
633.792884074 6691
606.48198349 6692
585.938869982 6693
585.090743473 6694
617.323110607 6695
696.032095579 6696
829.704108185 6697
1014.91118967 6698
1246.45221122 6699
1519.11605339 6700
1827.60369333 6701
2166.31812204 6702
2529.58813901 6703
2911.72733621 6704
3305.26126282 6705
3692.5944941 6706
4052.53444715 6707
4363.84491337 6708
4606.18096495 6709
4767.53266631 6710
4840.2790933 6711
4816.83023256 6712
4691.03172484 6713
4478.69538453 6714
4212.65403359 6715
3926.2526995 6716
3652.40825277 6717
3410.10372889 6718
3202.67358468 6719
3032.62210431 6720
2902.38599855 6721
2809.13700777 6722
2741.46682646 6723
2687.15623865 6724
2633.97658268 6725
2573.70236725 6726
2507.77302586 6727
2439.05508704 6728
2370.41890178 6729
2302.83968117 6730
2230.40009308 6731
2145.61270227 6732
2040.97344129 6733
1911.57306285 6734
1766.8985553 6735
1621.40340275 6736
1489.57478561 6737
1384.11236548 6738
1302.13694303 6739
1232.8105274 6740
1165.2099376 6741
1089.19644769 6742
1005.99924264 6743
925.276717828 6744
856.90580144 6745
810.471760122 6746
787.574817486 6747
781.31297452 6748
784.35949725 6749
789.425830865 6750
792.295677886 6751
793.455377546 6752
793.788266 6753
794.174662508 6754
794.354143761 6755
791.529792036 6756
782.557583056 6757
764.28710617 6758
735.695232312 6759
702.805300232 6760
673.105894343 6761
654.101777165 6762
651.158275632 6763
658.959835931 6764
668.869005311 6765
672.228970488 6766
661.649952313 6767
639.467636307 6768
612.488223101 6769
587.555813974 6770
571.207887012 6771
566.14502701 6772
572.526583648 6773
590.467441868 6774
619.843142341 6775
655.570791094 6776
687.878212691 6777
706.789712824 6778
702.520038773 6779
674.109282721 6780
632.462539474 6781
589.340034879 6782
556.486184853 6783
540.936017673 6784
540.641868203 6785
552.519650707 6786
573.478588129 6787
599.963783168 6788
627.136148802 6789
649.925282291 6790
663.249387556 6791
663.494056493 6792
653.155232437 6793
636.318130121 6794
617.076117822 6795
599.058534293 6796
582.970117222 6797
568.395128551 6798
554.914777813 6799
542.287881519 6800
531.969206976 6801
526.352848749 6802
527.848311951 6803
538.657947015 6804
557.726420784 6805
581.43643193 6806
606.094236148 6807
628.015280923 6808
643.975037919 6809
651.259230032 6810
647.173638703 6811
629.095643135 6812
599.028832542 6813
566.182106329 6814
540.405238631 6815
531.542478434 6816
543.840850056 6817
569.116379503 6818
597.498795024 6819
619.097145807 6820
626.853627661 6821
622.862281135 6822
611.057477439 6823
595.382000976 6824
579.442817793 6825
565.231586089 6826
554.265635641 6827
548.066055119 6828
547.650138702 6829
550.491602262 6830
552.541772555 6831
549.737677004 6832
538.554890819 6833
521.321521516 6834
503.926511389 6835
492.321446606 6836
492.199979212 6837
504.540628749 6838
526.307805374 6839
554.331643067 6840
585.472944724 6841
617.78036035 6842
650.707603898 6843
683.788993809 6844
716.552800746 6845
748.155345785 6846
777.139846925 6847
801.989374345 6848
821.18646401 6849
834.049607576 6850
841.849133779 6851
846.136511446 6852
848.466053318 6853
849.602848038 6854
847.663150676 6855
840.207245552 6856
824.789238921 6857
800.037575491 6858
769.825297236 6859
739.627539773 6860
714.931418321 6861
700.27457983 6862
693.364182486 6863
688.937916552 6864
681.71080823 6865
667.038237327 6866
647.28292373 6867
629.083394712 6868
619.152574109 6869
623.696583128 6870
639.922188021 6871
657.423925147 6872
665.535558716 6873
653.885297111 6874
621.838173607 6875
580.093438074 6876
540.010680791 6877
512.870746923 6878
503.170649948 6879
504.507833491 6880
509.484692885 6881
510.70143547 6882
503.81152347 6883
491.298721094 6884
476.575835873 6885
463.063680855 6886
454.271258289 6887
453.97026467 6888
465.990848877 6889
494.171719535 6890
539.635080174 6891
591.174444903 6892
634.071781983 6893
653.576187843 6894
638.216391887 6895
598.086348942 6896
551.95315427 6897
518.648720564 6898
515.060366618 6899
539.037994684 6900
577.795571943 6901
618.403404104 6902
648.56728006 6903
665.861611196 6904
675.452099892 6905
682.70949034 6906
692.816678602 6907
706.002560505 6908
717.31544449 6909
721.549182975 6910
713.593416204 6911
693.458417375 6912
668.441374197 6913
646.411064668 6914
635.214802257 6915
637.965760872 6916
648.526480284 6917
659.677945118 6918
664.190048989 6919
657.83017782 6920
644.501102182 6921
629.475844668 6922
618.040021165 6923
613.95853407 6924
615.171374457 6925
618.225893271 6926
619.66163245 6927
616.837635671 6928
611.569806404 6929
607.175893235 6930
606.9824821 6931
613.592784895 6932
623.953744288 6933
632.360781536 6934
633.081471581 6935
621.002592487 6936
598.212766161 6937
571.40005618 6938
547.341583909 6939
532.484793047 6940
527.15905077 6941
526.41997581 6942
525.140446078 6943
518.306350242 6944
504.697396557 6945
487.501918891 6946
470.162328873 6947
456.106370554 6948
447.433239707 6949
444.163508097 6950
446.137679244 6951
453.190856994 6952
464.344148965 6953
476.894041469 6954
487.911508158 6955
494.462081371 6956
494.768373724 6957
490.435992538 6958
483.687620871 6959
476.750814526 6960
471.62484846 6961
469.37123248 6962
470.815701941 6963
476.785470694 6964
487.559990943 6965
500.309834526 6966
511.107504811 6967
516.015859271 6968
511.61479286 6969
498.692019128 6970
480.063932632 6971
458.566282582 6972
437.094430872 6973
419.179524143 6974
408.766800164 6975
409.817327647 6976
425.925701564 6977
453.969955505 6978
485.007884341 6979
509.886487746 6980
519.662893626 6981
512.260205768 6982
493.507895278 6983
469.683912947 6984
447.052261285 6985
430.308960203 6986
421.747185207 6987
423.462008113 6988
437.528703013 6989
462.519158495 6990
489.833191762 6991
509.976691168 6992
513.442337535 6993
495.804379642 6994
466.746283251 6995
438.393410302 6996
422.897282954 6997
428.191713565 6998
446.148634702 6999
464.814034454 7000
472.20871499 7001
459.280895529 7002
432.376605613 7003
402.870986797 7004
382.165761182 7005
380.042550952 7006
394.397409461 7007
417.879722851 7008
443.100324356 7009
463.147945563 7010
476.157132475 7011
483.230788776 7012
485.511813416 7013
484.156522781 7014
480.492213356 7015
475.979676729 7016
472.085782938 7017
470.186201496 7018
469.402580367 7019
466.552988091 7020
458.345494021 7021
441.572543085 7022
416.79787432 7023
389.629106838 7024
366.036157869 7025
351.96737469 7026
350.404474478 7027
359.096712132 7028
375.256462871 7029
396.088546432 7030
418.424416079 7031
438.23115167 7032
451.345000546 7033
453.595026719 7034
443.484841867 7035
427.90614593 7036
415.40059104 7037
414.527912918 7038
430.944989368 7039
457.956151649 7040
485.579875959 7041
503.813469397 7042
504.734159408 7043
492.453286136 7044
475.381593103 7045
461.952478346 7046
459.554675646 7047
467.23000536 7048
480.058703069 7049
493.087218272 7050
501.857522592 7051
507.49243086 7052
514.591754783 7053
527.816971537 7054
551.325338826 7055
580.974208036 7056
605.887729311 7057
614.97391711 7058
597.648628001 7059
556.567178336 7060
508.276909808 7061
470.014944696 7062
458.734388362 7063
477.798067046 7064
512.135102513 7065
545.333824111 7066
561.052599494 7067
551.893600206 7068
526.198086057 7069
493.919947827 7070
465.020893476 7071
446.238398062 7072
436.863202631 7073
435.139519371 7074
439.307893422 7075
447.118736844 7076
454.844631939 7077
458.471825515 7078
453.978216188 7079
439.423535552 7080
421.311264275 7081
408.293162564 7082
409.038724295 7083
429.707316198 7084
462.860636055 7085
496.487319521 7086
518.547446962 7087
518.881704402 7088
501.094898451 7089
474.860991444 7090
449.900500464 7091
435.187828037 7092
432.120067521 7093
437.758590551 7094
449.107444705 7095
463.162324068 7096
476.878321172 7097
487.17950093 7098
490.982055018 7099
485.373914042 7100
471.076818548 7101
452.229478807 7102
433.110589462 7103
417.951394397 7104
409.133372969 7105
406.825109742 7106
411.065650137 7107
421.868620312 7108
437.762558695 7109
455.008459044 7110
469.668207905 7111
477.813050069 7112
477.73666852 7113
472.086420721 7114
464.019312317 7115
456.696226084 7116
452.123141068 7117
449.379397083 7118
447.087918633 7119
443.868533303 7120
439.41560478 7121
436.957866284 7122
440.455198537 7123
453.877314626 7124
478.895706403 7125
507.261310537 7126
528.036725643 7127
530.258355041 7128
506.027210454 7129
464.883836495 7130
422.515942275 7131
394.656095882 7132
394.601275183 7133
417.222641601 7134
449.036577669 7135
476.485840106 7136
487.197421838 7137
480.982202084 7138
464.698360721 7139
445.305584633 7140
429.450700055 7141
419.228547176 7142
413.40309491 7143
410.6601407 7144
409.696502881 7145
409.50345689 7146
409.343848397 7147
408.488342605 7148
406.260255325 7149
403.613889636 7150
403.388255184 7151
408.5345029 7152
421.933727816 7153
442.568562733 7154
463.758905466 7155
478.363508924 7156
479.264538947 7157
463.582998296 7158
436.196198169 7159
402.820896904 7160
369.183910466 7161
339.726183435 7162
315.894982605 7163
298.719322442 7164
289.231044806 7165
288.485878158 7166
297.602247244 7167
317.712835077 7168
349.954560587 7169
392.988213788 7170
436.086253889 7171
466.267871407 7172
470.512244671 7173
440.526157692 7174
391.216485923 7175
344.597675921 7176
322.755569158 7177
342.955010485 7178
391.768668288 7179
443.809033896 7180
473.579612422 7181
459.40081504 7182
411.446730189 7183
355.542009686 7184
317.704330248 7185
321.545377471 7186
363.697598833 7187
424.202910719 7188
482.795060082 7189
520.134753918 7190
531.474421652 7191
523.202495885 7192
502.00855157 7193
474.506518241 7194
445.281241095 7195
417.004344436 7196
392.283359358 7197
373.690272525 7198
362.441784362 7199
358.173897922 7200
360.432772256 7201
368.747268097 7202
381.881624892 7203
397.500586064 7204
413.17574254 7205
426.477780741 7206
435.814013562 7207
441.089027162 7208
442.361513055 7209
439.692332721 7210
433.591909173 7211
425.564244542 7212
417.252851122 7213
410.308387137 7214
406.599009151 7215
408.580916786 7216
418.820952047 7217
439.897568197 7218
471.770479173 7219
505.265143714 7220
529.18384517 7221
532.275681254 7222
507.437401043 7223
465.910490068 7224
424.014809184 7225
398.148668792 7226
401.336052542 7227
427.533944754 7228
464.086653776 7229
498.269389888 7230
518.66021968 7231
523.368425697 7232
514.596456896 7233
494.573520413 7234
465.805338953 7235
433.198566718 7236
402.948275419 7237
381.294793884 7238
373.988102787 7239
380.685210319 7240
397.081609279 7241
418.781995519 7242
441.404898183 7243
461.136374995 7244
474.608423829 7245
478.445276662 7246
469.512091001 7247
450.247141299 7248
428.470918454 7249
412.267991361 7250
409.539896231 7251
421.100137693 7252
439.464890524 7253
456.637422371 7254
464.698249289 7255
461.711178117 7256
454.228594626 7257
449.485242352 7258
454.700385803 7259
472.046598761 7260
494.990426314 7261
516.098637292 7262
527.910455127 7263
526.647136411 7264
516.281191568 7265
501.782897212 7266
488.152932592 7267
478.107838922 7268
468.471468544 7269
455.116501994 7270
433.885305948 7271
403.606393648 7272
372.568632436 7273
350.977237517 7274
349.116885805 7275
372.73760234 7276
409.799321016 7277
443.859926049 7278
458.345122968 7279
441.480473822 7280
404.963567161 7281
367.613549999 7282
348.407857186 7283
362.289319954 7284
399.549310231 7285
441.329324085 7286
468.594778153 7287
465.146519234 7288
436.642695223 7289
398.580988032 7290
366.640906312 7291
354.991164178 7292
362.748486002 7293
380.853785979 7294
400.086022266 7295
411.819867869 7296
415.274134258 7297
414.775559733 7298
414.777287193 7299
