8887.70010364 3800
8461.83967429 3801
8032.68386528 3802
7606.87071691 3803
7191.01282989 3804
6791.74967016 3805
6416.89051842 3806
6075.39268565 3807
5776.22475946 3808
5528.31438481 3809
5333.37202463 3810
5167.66306072 3811
5001.91828076 3812
4806.99298477 3813
4555.91415458 3814
4255.44491034 3815
3939.83364192 3816
3643.98671527 3817
3402.63757633 3818
3237.92775886 3819
3136.34997515 3820
3078.14251179 3821
3043.63347609 3822
3013.89740863 3823
2978.19042277 3824
2931.2781943 3825
2868.05540869 3826
2783.47069176 3827
2679.40549392 3828
2573.68250111 3829
2486.27882129 3830
2437.06783194 3831
2442.85120352 3832
2492.25538408 3833
2558.48712845 3834
2614.73150377 3835
2634.45332588 3836
2605.75576506 3837
2543.91338947 3838
2467.09387072 3839
2393.36655114 3840
2338.85318329 3841
2306.01870743 3842
2291.26883906 3843
2291.00048015 3844
2301.59759049 3845
2317.62508172 3846
2330.88925006 3847
2333.01034712 3848
2315.65749901 3849
2273.18597655 3850
2215.10616691 3851
2156.25349158 3852
2111.38289004 3853
2094.83219175 3854
2109.47739528 3855
2144.18669803 3856
2187.03329641 3857
2226.16163048 3858
2252.05957751 3859
2265.48201153 3860
2270.04606 3861
2269.34739286 3862
2266.88741129 3863
2264.49250116 3864
2262.33333894 3865
2260.50861933 3866
2259.11642989 3867
2258.11750095 3868
2256.99288187 3869
2255.12173394 3870
2251.88711748 3871
2246.74615284 3872
2240.27431706 3873
2233.93576133 3874
2229.21040708 3875
2227.56757443 3876
2229.66957644 3877
2233.98626013 3878
2238.62529779 3879
2241.70644468 3880
2241.55165769 3881
2238.67751131 3882
2234.99345223 3883
2232.41935398 3884
2232.86040653 3885
2237.79615888 3886
2247.80816873 3887
2263.35892604 3888
2284.90772457 3889
2312.43242972 3890
2341.83624393 3891
2366.98815537 3892
2381.78124893 3893
2380.21503151 3894
2361.44328941 3895
2333.28028995 3896
2304.32601723 3897
2283.12422329 3898
2277.057062 3899
2286.37339851 3900
2308.52510266 3901
2340.97366154 3902
2381.15015766 3903
2424.56242931 3904
2464.15943657 3905
2492.75638882 3906
2503.21591268 3907
2491.0255734 3908
2464.23507501 3909
2434.64433175 3910
2413.97655595 3911
2413.40852148 3912
2432.17862858 3913
2457.04806911 3914
2474.2706698 3915
2470.1907295 3916
2436.20007212 3917
2382.03381692 3918
2321.57871765 3919
2268.63045158 3920
2236.28522738 3921
2227.39619196 3922
2236.41247208 3923
2257.5678339 3924
2285.13398761 3925
2313.77996203 3926
2339.2157094 3927
2357.35385089 3928
2364.13358536 3929
2355.99764542 3930
2334.93910692 3931
2306.49425655 3932
2276.22236254 3933
2249.63623615 3934
2230.35513597 3935
2218.00874246 3936
2211.71901311 3937
2210.61351596 3938
2213.63259136 3939
2218.12158164 3940
2220.64965719 3941
2217.80235965 3942
2206.2455077 3943
2186.77179218 3944
2166.89040379 3945
2154.68522709 3946
2158.18889163 3947
2183.59174806 3948
2226.15878257 3949
2277.09587893 3950
2327.65694811 3951
2369.28146125 3952
2398.22118559 3953
2416.7482939 3954
2427.50364966 3955
2433.11166763 3956
2435.52605087 3957
2433.75415288 3958
2425.98742083 3959
2410.42840573 3960
2385.43127169 3961
2352.41286307 3962
2315.73551379 3963
2279.85590916 3964
2249.20343122 3965
2227.02123289 3966
2212.69902486 3967
2204.83876423 3968
2202.05095325 3969
2203.0469853 3970
2207.85379516 3971
2217.46609358 3972
2232.89550533 3973
2255.14341759 3974
2283.68129243 3975
2314.24729553 3976
2342.04244923 3977
2362.29582164 3978
2370.95156493 3979
2370.62395327 3980
2367.63696513 3981
2368.31907829 3982
2378.90764546 3983
2400.18347735 3984
2423.0002224 3985
2437.20344484 3986
2432.69610633 3987
2401.57611171 3988
2350.58334099 3989
2292.51906681 3990
2240.13335635 3991
2205.93089696 3992
2194.61435236 3993
2200.22990471 3994
2216.08382996 3995
2235.51939982 3996
2252.7596582 3997
2266.1896395 3998
2275.46583706 3999
2280.24671235 4000
2280.2354456 4001
2276.18616819 4002
2269.93510795 4003
2263.35877556 4004
2258.3238412 4005
2256.69726766 4006
2260.37223612 4007
2271.24003241 4008
2291.18226874 4009
2321.65431862 4010
2357.80050155 4011
2389.90430697 4012
2408.17107368 4013
2402.87075569 4014
2370.70894177 4015
2324.66794142 4016
2280.21473978 4017
2252.7388753 4018
2255.6436883 4019
2283.17847867 4020
2318.64375883 4021
2345.29067622 4022
2346.55195651 4023
2316.35616822 4024
2268.01940495 4025
2216.90114568 4026
2178.28729319 4027
2165.62589259 4028
2180.19849265 4029
2218.20554097 4030
2275.8484768 4031
2349.35717914 4032
2435.4200025 4033
2531.34244257 4034
2634.48586694 4035
2742.22402379 4036
2858.33894004 4037
3017.30555758 4038
3262.64997477 4039
3637.7074816 4040
4183.04980577 4041
4879.10510131 4042
5646.02965107 4043
6401.67391506 4044
7064.24915273 4045
7572.94787762 4046
7936.90770544 4047
8179.92408897 4048
8325.68729964 4049
8396.31553644 4050
8393.1712473 4051
8302.35838031 4052
8109.67940967 4053
7801.04735846 4054
7378.6371303 4055
6883.3471089 4056
6361.57280577 4057
5859.52105943 4058
5419.03984413 4059
5043.7158898 4060
4716.7355693 4061
4421.15985915 4062
4140.20436693 4063
3864.10441646 4064
3595.03228718 4065
3336.31924846 4066
3091.2841547 4067
2864.26933498 4068
2665.97715151 4069
2509.4942989 4070
2407.86445602 4071
2373.63376921 4072
2403.63641811 4073
2475.38576012 4074
2565.28335672 4075
2649.81697083 4076
2710.68417737 4077
2751.31085535 4078
2780.83284482 4079
2808.35329941 4080
2842.40327573 4081
2881.29596452 4082
2914.26965894 4083
2930.28157889 4084
2918.33329163 4085
2875.21320163 4086
2820.27534663 4087
2776.88907506 4088
2768.34599037 4089
2817.26189698 4090
2939.29745678 4091
3145.66548404 4092
3447.47287957 4093
3855.76950782 4094
4378.18604416 4095
5015.46077475 4096
5767.50040173 4097
6634.21491881 4098
7611.28147286 4099
8662.9165109 4100
9739.2768697 4101
10790.6044265 4102
11767.4523199 4103
12628.3411965 4104
13343.1053181 4105
13882.5284389 4106
14217.4761333 4107
14328.4836042 4108
14243.7156057 4109
14005.9769561 4110
13657.9498457 4111
13241.5283271 4112
12782.8099016 4113
12291.890115 4114
11778.1231472 4115
11250.8356818 4116
10718.1452659 4117
10184.1912513 4118
9652.27597485 4119
9125.69238994 4120
8608.06862989 4121
8107.65862429 4122
7636.02352562 4123
7204.76756896 4124
6825.43475867 4125
6502.56552438 4126
6224.83815016 4127
5978.76997692 4128
5750.91411377 4129
5528.71396323 4130
5306.83767189 4131
5083.56580016 4132
4857.21021543 4133
4626.1386987 4134
4391.94719536 4135
4161.28347736 4136
3941.22129828 4137
3738.81715666 4138
3559.67135251 4139
3401.50936287 4140
3259.39206183 4141
3128.39046259 4142
3003.67063946 4143
2882.68029245 4144
2765.35775816 4145
2651.76800004 4146
2541.97593027 4147
2437.07404122 4148
2341.8550092 4149
2261.93462468 4150
2202.91631527 4151
2169.74504321 4152
2157.84450962 4153
2155.41059843 4154
2150.48372142 4155
2131.15134556 4156
2091.8778269 4157
2042.3709328 4158
1994.55370325 4159
1960.32379891 4160
1949.95108299 4161
1959.48554587 4162
1977.56917109 4163
1992.80314262 4164
1993.92265934 4165
1977.21874752 4166
1951.21857377 4167
1925.55146705 4168
1909.82701095 4169
1911.13517369 4170
1922.49227108 4171
1932.01851676 4172
1927.85283382 4173
1898.64088268 4174
1846.61387826 4175
1789.07273453 4176
1744.07159633 4177
1729.62947737 4178
1757.03656002 4179
1813.1898085 4180
1879.46699671 4181
1937.28144756 4182
1969.20356077 4183
1974.34451423 4184
1964.3841039 4185
1951.29533135 4186
1947.00877059 4187
1957.62998312 4188
1975.45363612 4189
1990.78159333 4190
1993.93366646 4191
1976.66150368 4192
1942.99742811 4193
1903.26316521 4194
1867.8130774 4195
1846.90047118 4196
1845.50518241 4197
1860.27215871 4198
1887.11448313 4199
1921.95265068 4200
1960.66958683 4201
1998.91255139 4202
2032.25458736 4203
2056.27640469 4204
2066.75651354 4205
2064.41953202 4206
2055.26424037 4207
2045.53664674 4208
2041.47149387 4209
2046.95794031 4210
2057.83553999 4211
2068.22060581 4212
2072.23961219 4213
2064.54597609 4214
2046.78006915 4215
2025.58936506 4216
2007.71947559 4217
1999.88593224 4218
2004.97232409 4219
2017.38826888 4220
2030.41521254 4221
2037.34628232 4222
2032.56475704 4223
2018.99559153 4224
2003.61271171 4225
1993.4027846 4226
1995.23917211 4227
2010.79345996 4228
2034.170418 4229
2058.88729537 4230
2078.47230431 4231
2087.96603555 4232
2089.7446299 4233
2088.4121309 4234
2088.565338 4235
2094.62004057 4236
2107.21976491 4237
2123.35991651 4238
2139.89119961 4239
2153.67048613 4240
2162.81513252 4241
2169.28126549 4242
2175.75162849 4243
2184.90447961 4244
2199.00463086 4245
2215.6121113 4246
2229.28284726 4247
2234.53304031 4248
2225.91884015 4249
2201.74387483 4250
2167.58978595 4251
2129.86667088 4252
2094.97376402 4253
2068.84863739 4254
2054.38506699 4255
2053.22039205 4256
2066.98503862 4257
2097.17138855 4258
2140.29475675 4259
2186.57473175 4260
2225.84218701 4261
2247.94594913 4262
2246.16148931 4263
2227.81637976 4264
2203.83959021 4265
2185.14088836 4266
2182.10924109 4267
2196.69695758 4268
2223.8715239 4269
2258.39806725 4270
2295.05199494 4271
2328.97588113 4272
2356.23309964 4273
2373.0370345 4274
2375.6081562 4275
2360.99368282 4276
2333.73683076 4277
2302.38494504 4278
2275.50796206 4279
2261.59242651 4280
2264.57797213 4281
2281.0820496 4282
2307.06346799 4283
2338.4886435 4284
2370.94491693 4285
2397.94455718 4286
2412.31306317 4287
2406.88906436 4288
2375.00027968 4289
2321.75875601 4290
2264.52254317 4291
2221.18910618 4292
2209.61922297 4293
2240.16351727 4294
2298.81411675 4295
2366.64531109 4296
2424.76832034 4297
2455.74793109 4298
2459.49426161 4299
2447.49783099 4300
2431.43943355 4301
2422.93613566 4302
2428.05345439 4303
2441.74086598 4304
2457.62923037 4305
2469.36244564 4306
2471.74251987 4307
2467.44685287 4308
2462.44965146 4309
2462.72438184 4310
2474.05728733 4311
2495.78066274 4312
2519.05677534 4313
2534.53982052 4314
2532.90376344 4315
2508.81505037 4316
2473.06755293 4317
2440.51829848 4318
2425.99221769 4319
2443.24842682 4320
2489.37908265 4321
2548.05073839 4322
2602.5818752 4323
2636.35294683 4324
2641.01853975 4325
2628.2914142 4326
2612.8478316 4327
2609.3311587 4328
2630.66037228 4329
2675.3331968 4330
2734.57776017 4331
2799.58555321 4332
2861.65837855 4333
2917.10335949 4334
2969.72858346 4335
3023.95119566 4336
3084.17801384 4337
3153.57182767 4338
3229.25127333 4339
3306.49761703 4340
3380.60331607 4341
3447.23023315 4342
3509.50031901 4343
3577.56304341 4344
3661.81799631 4345
3772.64673935 4346
3927.92352513 4347
4167.07885852 4348
4533.2983523 4349
5069.65669581 4350
5813.3451862 4351
6742.17209137 4352
7799.16213414 4353
8927.03730526 4354
10068.8168267 4355
11180.2143031 4356
12238.7913224 4357
13224.3354252 4358
14116.6875638 4359
14890.9351103 4360
15494.7605057 4361
15866.2503924 4362
15943.6511059 4363
15668.7064211 4364
15070.1892036 4365
14269.8467642 4366
13393.664821 4367
12567.2765691 4368
11882.8939117 4369
11323.5402748 4370
10849.8890527 4371
10422.7235336 4372
10004.8118055 4373
9581.60280961 4374
9153.5130015 4375
8721.22466892 4376
8285.44046195 4377
7849.62346609 4378
7422.5953687 4379
7013.76888334 4380
6632.52925126 4381
6287.72091372 4382
5984.86249263 4383
5728.14551962 4384
5521.74453238 4385
5369.5546586 4386
5267.03574641 4387
5199.71483569 4388
5152.58837955 4389
5110.69901251 4390
5063.38632465 4391
5015.57367433 4392
4975.72328252 4393
4952.27075293 4394
4952.97742711 4395
4976.78221178 4396
5016.2803853 4397
5063.95050545 4398
5112.30442653 4399
5155.49032064 4400
5191.08505703 4401
5217.10699459 4402
5231.58156043 4403
5233.46490585 4404
5228.23486214 4405
5224.15554466 4406
5229.47423516 4407
5252.1860429 4408
5292.01694467 4409
5338.26441967 4410
5379.5922383 4411
5404.70308763 4412
5406.7757465 4413
5396.39860162 4414
5388.3812589 4415
5397.48158305 4416
5437.23582258 4417
5503.84409778 4418
5580.32462751 4419
5649.42221279 4420
5693.98437045 4421
5705.56834172 4422
5695.01543954 4423
5675.72699871 4424
5661.05652993 4425
5662.83122419 4426
5681.83548942 4427
5713.88866449 4428
5754.80077762 4429
5800.39137349 4430
5846.2754751 4431
5887.7940496 4432
5920.28606916 4433
5939.10833969 4434
5941.4601938 4435
5931.97619674 4436
5917.16145718 4437
5903.49650163 4438
5896.89883847 4439
5894.97903217 4440
5888.85841891 4441
5869.51785629 4442
5827.99832576 4443
5760.90706687 4444
5677.45869888 4445
5588.57622686 4446
5505.13862615 4447
5436.33831281 4448
5378.86933212 4449
5323.73045227 4450
5261.92658067 4451
5184.6262886 4452
5088.17833853 4453
4975.75776439 4454
4850.99533846 4455
4717.50762158 4456
4578.31872318 4457
4434.08190372 4458
4284.84555551 4459
4130.65820489 4460
3971.84995008 4461
3813.05197092 4462
3662.23311938 4463
3527.41691904 4464
3416.56754845 4465
3332.13773989 4466
3264.21404244 4467
3201.23214424 4468
3131.67847965 4469
3045.78226336 4470
2946.41194522 4471
2842.10362198 4472
2741.38334664 4473
2652.5871627 4474
2578.14785069 4475
2512.88446417 4476
2451.13250164 4477
2387.25328554 4478
2317.39957665 4479
2244.73669202 4480
2174.14733395 4481
2110.49144388 4482
2058.4666249 4483
2020.71557479 4484
1998.33317659 4485
1992.37072634 4486
2003.85264811 4487
2029.83825132 4488
2058.83002418 4489
2078.26524832 4490
2075.64132726 4491
2041.6131328 4492
1988.67006479 4493
1938.59304162 4494
1913.09347568 4495
1933.45256551 4496
2009.63144826 4497
2137.73002386 4498
2313.01439388 4499
2530.77251105 4500
2798.79077119 4501
3171.058151 4502
3712.0016357 4503
4485.72024702 4504
5551.30243568 4505
6905.38711291 4506
8500.53707166 4507
10288.6086323 4508
12221.5733812 4509
14234.7465767 4510
16229.7633707 4511
18104.685649 4512
19758.1048138 4513
21099.6913536 4514
22107.471442 4515
22786.4759189 4516
23141.7911927 4517
23179.3386948 4518
22930.0476983 4519
22453.1496736 4520
21809.1180126 4521
21058.1059608 4522
20252.399123 4523
19418.6489372 4524
18578.0482667 4525
17751.6795483 4526
16959.02601 4527
16202.2345545 4528
15472.3198664 4529
14760.1567027 4530
14056.7385362 4531
13359.4679509 4532
12677.2893883 4533
12020.3125688 4534
11398.5913643 4535
10819.0772317 4536
10271.3692466 4537
9739.01166722 4538
9205.63330958 4539
8655.78890858 4540
8093.89017143 4541
7544.42125777 4542
7032.62775209 4543
6583.60112484 4544
6211.59411949 4545
5899.28942907 4546
5623.69998697 4547
5361.97001723 4548
5093.14466878 4549
4813.84924208 4550
4530.66666791 4551
4250.25780078 4552
3979.1986896 4553
3721.12901907 4554
3475.06257542 4555
3239.6092398 4556
3013.38654077 4557
2795.75481284 4558
2589.6503056 4559
2399.07557674 4560
2228.00902499 4561
2080.1686657 4562
1954.86327572 4563
1847.52874361 4564
1753.494203 4565
1668.11803886 4566
1587.31153541 4567
1508.32588702 4568
1428.63161863 4569
1345.71463462 4570
1257.73867865 4571
1168.23917409 4572
1083.32730875 4573
1009.09333848 4574
951.488135417 4575
912.107953653 4576
886.701707152 4577
870.630074174 4578
859.282556913 4579
848.653819442 4580
837.079856517 4581
823.489023629 4582
806.816451983 4583
786.136605236 4584
762.421114856 4585
738.046360218 4586
715.407282017 4587
696.876583296 4588
683.750368605 4589
675.11741677 4590
669.799135691 4591
666.624496894 4592
664.475899096 4593
662.540850913 4594
660.130879082 4595
656.562368977 4596
651.193258367 4597
644.441615412 4598
637.904694459 4599
633.231798378 4600
632.060883634 4601
635.080727861 4602
639.95573051 4603
643.759526785 4604
643.585309487 4605
636.810773979 4606
623.677095534 4607
606.15453329 4608
586.224782733 4609
565.856022289 4610
546.987002514 4611
531.516434818 4612
521.327433992 4613
518.290038048 4614
523.33710247 4615
532.727088008 4616
541.273765415 4617
543.826006203 4618
535.592514202 4619
518.026622067 4620
498.158723276 4621
483.170076863 4622
480.182081798 4623
492.476813641 4624
513.797272697 4625
536.459764913 4626
552.834394143 4627
556.363195352 4628
548.640036805 4629
535.120128719 4630
521.244516683 4631
512.343285913 4632
510.815813573 4633
515.247434015 4634
523.975429708 4635
535.348690828 4636
547.634396022 4637
558.755108326 4638
566.562972616 4639
568.925721348 4640
563.93007061 4641
552.333313096 4642
536.750186066 4643
519.815162806 4644
504.135539878 4645
491.357002282 4646
481.3096799 4647
473.621322809 4648
467.922359532 4649
463.850581573 4650
461.074189492 4651
459.273831946 4652
458.132457288 4653
457.394433192 4654
458.182362508 4655
462.994308669 4656
474.37057314 4657
494.830030571 4658
524.95632155 4659
559.953592501 4660
594.126088465 4661
621.820557328 4662
637.944796771 4663
642.086027152 4664
636.279169787 4665
622.566234213 4666
602.995986676 4667
580.660929901 4668
560.140324632 4669
546.094673801 4670
543.148963876 4671
554.209923044 4672
575.172575991 4673
600.148280668 4674
623.293099005 4675
639.105506024 4676
646.404640766 4677
647.220799918 4678
643.646449986 4679
637.75214339 4680
630.732592511 4681
622.03300857 4682
610.892672778 4683
596.556856589 4684
578.696659902 4685
559.559486188 4686
542.349843053 4687
530.249205399 4688
526.298257154 4689
530.641538223 4690
540.433694403 4691
552.711749743 4692
564.536206633 4693
573.571093221 4694
579.174083808 4695
581.008426252 4696
578.74004773 4697
572.168586886 4698
562.288146304 4699
550.722814826 4700
539.090062637 4701
528.973440888 4702
520.899022429 4703
513.888867454 4704
506.856718538 4705
498.724853215 4706
489.055200566 4707
480.019792501 4708
474.44629687 4709
475.139938702 4710
484.571705353 4711
500.816277718 4712
518.738092037 4713
533.167109052 4714
538.999174098 4715
534.366458802 4716
523.72631279 4717
512.240664081 4718
505.030366708 4719
506.308880351 4720
515.158586704 4721
528.811124055 4722
544.517409771 4723
559.559190393 4724
571.446134115 4725
577.913556883 4726
576.724011776 4727
565.66121991 4728
544.376595668 4729
517.558334083 4730
490.705427972 4731
469.272472525 4732
458.117114207 4733
457.393222236 4734
464.913678508 4735
478.491158405 4736
495.948843062 4737
514.840910747 4738
532.3592357 4739
545.691829283 4740
552.0496675 4741
549.672957787 4742
540.606253033 4743
527.769564906 4744
514.059313529 4745
502.305238717 4746
494.782270565 4747
493.389411465 4748
500.00334659 4749
516.451344066 4750
541.498112123 4751
568.505422637 4752
590.332215732 4753
599.895585934 4754
592.058063044 4755
571.495335594 4756
545.997600445 4757
523.293322302 4758
510.743262913 4759
509.971590432 4760
517.5695435 4761
529.98252322 4762
543.686032637 4763
555.488991622 4764
562.946775984 4765
563.738770625 4766
555.563542403 4767
536.880713174 4768
511.422231359 4769
485.1607527 4770
464.029395089 4771
453.763215825 4772
455.562620044 4773
465.457906105 4774
479.22619101 4775
492.67962415 4776
502.701773114 4777
509.459147493 4778
513.754713156 4779
516.384927574 4780
518.043401664 4781
518.476281041 4782
516.899084637 4783
512.527780855 4784
504.618602845 4785
494.231579561 4786
485.07539836 4787
481.042859232 4788
485.994916378 4789
502.012079866 4790
523.871656119 4791
544.496070386 4792
556.865370863 4793
554.538579068 4794
538.292661844 4795
514.101167452 4796
488.006437955 4797
465.982371044 4798
451.805709934 4799
445.151543659 4800
445.243563387 4801
451.311601368 4802
462.306767873 4803
475.626802217 4804
488.158223244 4805
496.812181392 4806
498.688830961 4807
494.147188106 4808
486.505781621 4809
479.165822479 4810
475.496244889 4811
477.290262295 4812
482.580001241 4813
488.857751674 4814
493.635909459 4815
494.880253019 4816
493.675230784 4817
492.448418514 4818
493.61368009 4819
499.472536855 4820
509.550348022 4821
520.22401836 4822
527.726767469 4823
528.322914902 4824
520.09896731 4825
506.672815329 4826
492.691255094 4827
482.76411273 4828
481.004883407 4829
487.180699729 4830
498.699812556 4831
512.966802775 4832
527.42252929 4833
540.276881968 4834
550.813202216 4835
558.40077501 4836
562.413977351 4837
562.252751327 4838
557.402436995 4839
547.372012573 4840
531.674474034 4841
510.083635415 4842
485.557407819 4843
463.178425551 4844
448.030017783 4845
445.116900246 4846
456.163161863 4847
477.25723399 4848
503.956442428 4849
531.852719707 4850
556.816678998 4851
575.947069773 4852
586.730219667 4853
586.671966103 4854
573.60709526 4855
550.486534927 4856
524.412630182 4857
502.556362902 4858
492.012540223 4859
496.200641611 4860
510.851577553 4861
530.753231768 4862
550.733057278 4863
566.280298594 4864
576.693438308 4865
582.691425611 4866
584.99034525 4867
584.284541492 4868
580.899572881 4869
574.801225496 4870
565.940410446 4871
554.27011655 4872
540.480318099 4873
527.146027911 4874
517.121931626 4875
513.24163965 4876
517.743632446 4877
528.551619312 4878
541.657308825 4879
553.072118851 4880
558.921796613 4881
557.982958122 4882
552.098507581 4883
543.2705198 4884
533.486423147 4885
524.49982206 4886
517.375172998 4887
513.039118603 4888
512.411693628 4889
516.228772432 4890
523.585650421 4891
532.702989297 4892
541.805603313 4893
549.154493469 4894
554.05968817 4895
557.254244052 4896
559.568392303 4897
561.82642203 4898
564.463458672 4899
566.4991076 4900
566.634685405 4901
563.580610063 4902
556.28899261 4903
546.341251481 4904
536.960062996 4905
531.371749779 4906
532.745401308 4907
541.950793413 4908
556.22309254 4909
572.492496729 4910
587.710020563 4911
599.536901276 4912
608.655527866 4913
616.561659981 4914
624.741284868 4915
634.536900336 4916
645.442696628 4917
655.616452528 4918
663.197610524 4919
666.350285715 4920
664.476945252 4921
659.237131015 4922
652.521159697 4923
646.206959414 4924
641.731612754 4925
638.344425065 4926
634.609751593 4927
629.100803098 4928
620.486898358 4929
608.913129754 4930
595.741932664 4931
582.36413967 4932
570.160050214 4933
560.188156513 4934
552.844126649 4935
548.438638847 4936
547.280408723 4937
549.41471528 4938
553.350134937 4939
557.045260901 4940
558.47032783 4941
555.717571319 4942
549.134660799 4943
541.165945729 4944
534.321706944 4945
531.092563488 4946
532.605038131 4947
536.774146202 4948
541.061601049 4949
542.944159334 4950
540.399591781 4951
534.682443213 4952
528.383736359 4953
524.083847009 4954
524.24305318 4955
528.69338763 4956
534.541767336 4957
538.783774123 4958
538.43454322 4959
532.027626262 4960
522.105717656 4961
511.856393789 4962
504.449500263 4963
502.667734544 4964
506.474786834 4965
514.550178215 4966
525.574027522 4967
538.248324218 4968
551.720500771 4969
565.646741662 4970
579.712792634 4971
593.606717498 4972
607.380108754 4973
622.154734974 4974
639.243242332 4975
659.951592125 4976
685.326435352 4977
714.264046547 4978
744.584562391 4979
774.110515415 4980
800.703151313 4981
823.221033505 4982
841.764074673 4983
856.509886106 4984
867.634894519 4985
875.113610307 4986
878.268598251 4987
876.293230849 4988
868.38459066 4989
853.901922507 4990
833.699432151 4991
809.445674543 4992
782.80975405 4993
755.460285583 4994
729.373220386 4995
706.941834514 4996
690.578704263 4997
682.685661662 4998
684.038156548 4999
689.71371161 5000
693.557913025 5001
689.443426324 5002
672.024082609 5003
643.738931179 5004
611.580584055 5005
582.570051105 5006
563.608081449 5007
557.03066833 5008
558.61104431 5009
563.628724759 5010
567.382875102 5011
566.247600353 5012
560.595197725 5013
551.735318367 5014
540.972406632 5015
529.620943078 5016
519.160945826 5017
511.173022344 5018
507.233564152 5019
508.877607704 5020
515.604059844 5021
523.820032507 5022
529.685745857 5023
529.375779053 5024
520.452050535 5025
505.973248847 5026
490.357286082 5027
478.006212819 5028
472.986890412 5029
475.562346692 5030
483.51531976 5031
494.59338002 5032
506.551106136 5033
517.085262754 5034
523.796304941 5035
524.283344412 5036
516.153014591 5037
498.394977793 5038
475.748622102 5039
454.438442693 5040
440.669301701 5041
440.044721941 5042
450.910783784 5043
466.714184294 5044
480.828748426 5045
486.704890548 5046
481.82884225 5047
470.300552171 5048
456.822892977 5049
446.085356422 5050
441.845649415 5051
443.893917045 5052
450.95569002 5053
461.760089229 5054
474.985681334 5055
488.61729005 5056
500.160331606 5057
507.1171747 5058
507.025290984 5059
499.602942023 5060
488.216101277 5061
476.570831071 5062
468.363802108 5063
466.322089702 5064
468.942291899 5065
473.564541989 5066
477.535274986 5067
478.39497639 5068
476.154098147 5069
472.556422213 5070
469.378023758 5071
468.380531089 5072
470.512827655 5073
475.351294398 5074
482.341111973 5075
490.928332114 5076
500.372697823 5077
509.10440679 5078
515.327311896 5079
517.248391286 5080
513.28116826 5081
504.506702462 5082
493.879473439 5083
484.387986702 5084
478.993020714 5085
478.96211547 5086
482.703777423 5087
488.353599059 5088
494.050254451 5089
498.246289949 5090
500.761272687 5091
501.789074589 5092
501.523374141 5093
500.165275383 5094
498.016595953 5095
495.449365279 5096
492.836464356 5097
490.547409104 5098
488.744022309 5099
487.242455373 5100
485.826198396 5101
484.279275218 5102
482.64416369 5103
482.076492632 5104
484.030091976 5105
489.957463872 5106
501.073946033 5107
515.626419251 5108
529.834147593 5109
539.881212752 5110
541.995549091 5111
535.187301969 5112
522.988042189 5113
509.340523285 5114
498.184254031 5115
492.619568829 5116
492.254921241 5117
495.789017804 5118
501.921490447 5119
509.357742338 5120
516.860408759 5121
523.230037814 5122
527.268649515 5123
527.791389101 5124
524.39733534 5125
517.914464391 5126
509.277350846 5127
499.420382259 5128
489.326924203 5129
480.178712456 5130
473.206289418 5131
469.639973837 5132
470.575079519 5133
475.582586137 5134
483.269106442 5135
492.22683156 5136
501.054318843 5137
508.67709606 5138
514.509803336 5139
518.007077906 5140
518.623744223 5141
516.294862564 5142
512.762834435 5143
510.195137934 5144
510.758936047 5145
516.368873732 5146
526.279060661 5147
538.149070131 5148
549.617068811 5149
558.350939591 5150
563.434575061 5151
565.950309716 5152
567.131193504 5153
568.210412063 5154
570.072222667 5155
572.372825629 5156
574.498747375 5157
575.836150698 5158
575.873880296 5159
575.092206149 5160
574.527189838 5161
575.220862762 5162
578.188629763 5163
583.345734735 5164
589.158803273 5165
593.995282095 5166
596.221808596 5167
594.699207628 5168
589.888073568 5169
582.572336574 5170
573.53607153 5171
563.605406709 5172
553.971213827 5173
546.013726331 5174
541.115594308 5175
540.619288684 5176
544.489395646 5177
551.01862256 5178
558.397681989 5179
564.816713687 5180
569.083519595 5181
571.825422173 5182
574.002816027 5183
576.577062959 5184
580.339610707 5185
584.748535588 5186
588.633192876 5187
590.818390225 5188
590.17425468 5189
586.874466143 5190
582.538904079 5191
578.864306941 5192
577.547721986 5193
579.481763145 5194
583.422162654 5195
587.772895144 5196
590.93635553 5197
591.593485693 5198
590.369951578 5199
588.717293945 5200
588.091721382 5201
589.91312785 5202
594.725513923 5203
602.195174931 5204
611.9498447 5205
623.61516791 5206
636.391665343 5207
648.478086297 5208
657.927022544 5209
662.7884367 5210
661.710581013 5211
657.001904373 5212
652.35291758 5213
651.461614283 5214
657.815483867 5215
670.818231522 5216
686.218839933 5217
699.631420067 5218
706.677976902 5219
705.223260766 5220
697.810794734 5221
687.572768151 5222
677.645959988 5223
670.73958322 5224
667.28427213 5225
666.960157547 5226
669.446483945 5227
674.367297188 5228
680.494009319 5229
685.924161558 5230
688.733760652 5231
687.009237173 5232
680.135856561 5233
669.864076269 5234
658.197607299 5235
647.143534502 5236
638.389443711 5237
632.160216967 5238
628.265585491 5239
626.515036925 5240
626.69748238 5241
628.344849688 5242
630.811454779 5243
633.446775323 5244
635.601148373 5245
636.731454394 5246
636.463891536 5247
634.438553344 5248
630.295056572 5249
623.968089146 5250
616.529888953 5251
609.328614713 5252
603.714762507 5253
600.858084426 5254
600.030056022 5255
599.3764061 5256
597.024610284 5257
591.139912133 5258
581.646112816 5259
570.848057629 5260
561.223804244 5261
555.256279845 5262
554.513522291 5263
557.601708818 5264
562.527914806 5265
567.295239796 5266
570.070866206 5267
570.438360637 5268
568.692793696 5269
565.134937525 5270
560.081330842 5271
554.297686209 5272
549.066155641 5273
545.699931133 5274
545.513675332 5275
549.174834397 5276
555.611000249 5277
563.459081589 5278
571.353326676 5279
578.020575191 5280
582.839248507 5281
585.460638177 5282
585.535844615 5283
582.760889791 5284
577.811366492 5285
572.309252916 5286
567.918816135 5287
566.303647855 5288
568.296156865 5289
572.883598101 5290
578.803368754 5291
584.790346797 5292
589.866705643 5293
594.651808267 5294
600.313842695 5295
608.024196584 5296
618.842504292 5297
632.00371765 5298
645.275643615 5299
656.379968717 5300
663.049077944 5301
664.552650339 5302
662.94932761 5303
660.596170082 5304
659.855901066 5305
662.502350481 5306
667.692138762 5307
673.857131359 5308
679.425713721 5309
682.975699311 5310
684.912789252 5311
686.849782918 5312
690.424564919 5313
697.257773338 5314
707.861742478 5315
721.111142133 5316
735.746781045 5317
750.506266787 5318
764.554380976 5319
778.56020383 5320
793.523744039 5321
810.447540519 5322
830.152348895 5323
851.79506831 5324
873.645304228 5325
893.960247617 5326
911.081343894 5327
926.208025806 5328
943.956692491 5329
969.155452425 5330
1006.64074714 5331
1059.04462092 5332
1122.9178608 5333
1193.76696294 5334
1267.08739635 5335
1342.26300187 5336
1445.57855484 5337
1614.73047307 5338
1887.54708189 5339
2302.94015421 5340
2920.94686369 5341
3821.85100113 5342
5086.93515492 5343
6797.35104452 5344
8974.50054498 5345
11510.9261521 5346
14282.1891029 5347
17163.5478382 5348
20034.4056969 5349
22797.3392478 5350
25362.3599805 5351
27639.2795639 5352
29539.2019188 5353
30995.2377644 5354
31957.1356349 5355
32374.9522111 5356
32199.724275 5357
31466.4484229 5358
30351.3042436 5359
29044.4016108 5360
27736.3214005 5361
26579.5328733 5362
25573.4170031 5363
24679.2154005 5364
23858.0680134 5365
23073.3385569 5366
22312.2502456 5367
21576.0991927 5368
20866.3830113 5369
20184.4384413 5370
19525.6589965 5371
18877.6679895 5372
18227.5380202 5373
17562.3168226 5374
16874.6200282 5375
16173.7762146 5376
15472.245659 5377
14782.5167917 5378
14116.3267266 5379
13479.6401174 5380
12875.8241982 5381
12308.2373424 5382
11779.8533525 5383
11284.5187881 5384
10806.8730427 5385
10331.1212092 5386
9841.4782778 5387
9332.66324155 5388
8823.00118481 5389
8334.06603077 5390
7887.4903303 5391
7500.64254738 5392
7167.61941113 5393
6874.65525479 5394
6607.94579288 5395
6354.09071444 5396
6106.1609287 5397
5862.19153962 5398
5620.34133463 5399
5378.78526849 5400
5137.31792551 5401
4898.45062788 5402
4664.96197627 5403
4439.6360353 5404
4224.29369587 5405
4016.96355782 5406
3814.73869923 5407
3614.70392245 5408
3414.3993245 5409
3215.9369878 5410
3024.06483754 5411
2843.5733836 5412
2679.15787755 5413
2531.73610272 5414
2397.48119106 5415
2272.25628253 5416
2151.91765685 5417
2033.96487436 5418
1920.55128264 5419
1814.65059569 5420
1719.24335427 5421
1636.74454382 5422
1565.63818821 5423
1502.7496323 5424
1444.89064236 5425
1388.94140119 5426
1333.32165138 5427
1277.88892592 5428
1222.55558854 5429
1167.24039946 5430
1112.75976641 5431
1061.76080853 5432
1017.11873001 5433
981.715194704 5434
957.47955566 5435
941.731809979 5436
930.400595513 5437
919.404526467 5438
905.116045847 5439
889.699670019 5440
879.279292628 5441
880.06860194 5442
898.123785292 5443
930.544131068 5444
961.19594086 5445
972.848767538 5446
948.238587455 5447
891.082987527 5448
875.354204622 5449
989.84159713 5450
1323.52349347 5451
1955.15470841 5452
2878.14219024 5453
4043.91948923 5454
5403.52521009 5455
6907.61109168 5456
8499.45407237 5457
10114.4962529 5458
11687.6634949 5459
13153.7329161 5460
14442.7141184 5461
15473.6795485 5462
16164.0129047 5463
16430.9242871 5464
16216.0537492 5465
15596.4141644 5466
14695.5919871 5467
13637.4675179 5468
12543.338495 5469
11493.023409 5470
10534.7465915 5471
9716.04009908 5472
9083.96002836 5473
8646.6066763 5474
8348.39393705 5475
8127.75701791 5476
7923.0043409 5477
7684.7124588 5478
7409.2876952 5479
7103.76876126 5480
6775.20937449 5481
6430.35787843 5482
6073.0636037 5483
5705.63232881 5484
5330.35813704 5485
4949.61575225 5486
4568.00446906 5487
4192.66930376 5488
3830.90514902 5489
3490.01660475 5490
3175.28878278 5491
2886.95047599 5492
2624.45509655 5493
2387.25552745 5494
2174.71951793 5495
1985.72873864 5496
1818.98695664 5497
1673.19426689 5498
1547.00042884 5499
1438.29335466 5500
1344.35176862 5501
1262.4325696 5502
1189.80010871 5503
1124.70707308 5504
1067.08469484 5505
1017.0270253 5506
974.62803064 5507
939.726717514 5508
911.186010386 5509
887.63331971 5510
867.693997795 5511
850.032652846 5512
833.706765975 5513
817.986879152 5514
802.14474981 5515
785.480960405 5516
768.200787775 5517
751.556305942 5518
736.860082913 5519
725.425484283 5520
718.157740089 5521
714.939297149 5522
715.495076745 5523
719.549660335 5524
726.689479009 5525
735.701695402 5526
745.08469125 5527
753.333303906 5528
759.032058381 5529
762.173432024 5530
763.856365615 5531
765.211560964 5532
767.35783109 5533
770.469342616 5534
773.163663803 5535
773.911593005 5536
771.181075408 5537
764.059630247 5538
753.921052684 5539
742.667411891 5540
732.203961017 5541
724.211575151 5542
718.368999476 5543
713.311657219 5544
707.6639774 5545
700.098361646 5546
690.650413739 5547
680.851236629 5548
672.310179235 5549
666.636215665 5550
664.673288303 5551
665.473925141 5552
667.833331488 5553
670.54496276 5554
672.601311277 5555
674.066368125 5556
675.361786107 5557
676.909689668 5558
679.055057144 5559
681.080006434 5560
681.49595475 5561
678.794912216 5562
671.493006851 5563
659.560126214 5564
645.157390889 5565
630.630388369 5566
618.327700617 5567
609.934905758 5568
604.945621287 5569
602.401498382 5570
601.342854766 5571
600.892168424 5572
600.814813096 5573
601.175539426 5574
602.040853429 5575
603.49037845 5576
605.889113173 5577
609.881711865 5578
616.125487846 5579
625.269285588 5580
636.623846011 5581
646.755215123 5582
651.888782299 5583
648.245432324 5584
633.504160989 5585
612.064240492 5586
590.26036663 5587
574.435238302 5588
570.361573965 5589
577.351256891 5590
590.656909461 5591
605.462909817 5592
617.020318983 5593
623.392281675 5594
626.290142608 5595
627.670452634 5596
629.490676232 5597
632.81377295 5598
636.228676719 5599
637.899735772 5600
635.988826545 5601
629.127102337 5602
618.910810611 5603
608.089998804 5604
599.420563463 5605
595.486582518 5606
595.987102429 5607
598.250977697 5608
599.534034154 5609
597.111634885 5610
589.993190525 5611
580.114395062 5612
569.69506379 5613
560.957276387 5614
555.749433636 5615
554.53868932 5616
557.475343571 5617
564.709777358 5618
576.164011426 5619
589.801367662 5620
602.587455893 5621
611.476790348 5622
613.537723209 5623
608.766455668 5624
600.228959843 5625
591.139740296 5626
584.7067973 5627
582.355309931 5628
581.633276307 5629
579.577878809 5630
573.223026989 5631
560.725230983 5632
545.654853303 5633
533.212735105 5634
528.605109463 5635
536.483572854 5636
555.009165136 5637
578.157672081 5638
599.829328959 5639
614.015242969 5640
618.523582579 5641
616.170853361 5642
610.115610156 5643
603.518086563 5644
598.526991329 5645
594.503655504 5646
590.333555538 5647
584.901017846 5648
577.390420466 5649
568.844824368 5650
561.018101796 5651
555.667277978 5652
554.454054551 5653
557.51790725 5654
563.785437301 5655
572.1486164 5656
581.502359811 5657
591.008906115 5658
600.262751244 5659
608.897595695 5660
616.547007018 5661
623.045543773 5662
628.922157544 5663
634.855367647 5664
641.524163362 5665
649.49613858 5666
658.459743756 5667
667.689305174 5668
676.455773004 5669
684.107090885 5670
691.642589651 5671
701.649049237 5672
716.779080351 5673
739.685297328 5674
772.779262893 5675
817.998278022 5676
877.226345464 5677
952.348791548 5678
1044.8125227 5679
1154.20750983 5680
1279.63229648 5681
1420.18483809 5682
1574.37443188 5683
1734.96469973 5684
1891.46943828 5685
2033.35727683 5686
2150.2788244 5687
2237.4262591 5688
2296.28543625 5689
2328.68492915 5690
2336.45579985 5691
2321.76638926 5692
2287.56691688 5693
2236.91992252 5694
2172.89163552 5695
2098.61917198 5696
2017.59616661 5697
1933.43183141 5698
1849.73719833 5699
1769.95993692 5700
1695.54757595 5701
1626.6237002 5702
1563.28883596 5703
1505.62539588 5704
1452.99942447 5705
1403.8298881 5706
1356.47050079 5707
1309.27455946 5708
1261.33133936 5709
1213.72862218 5710
1167.89092334 5711
1125.24335563 5712
1087.0693727 5713
1053.80432703 5714
1025.57088702 5715
1002.49145579 5716
984.56007408 5717
969.896612959 5718
955.204740829 5719
937.150820097 5720
912.448798278 5721
880.550712968 5722
845.018211459 5723
809.753100493 5724
778.659091399 5725
754.396839525 5726
735.758551574 5727
720.786229779 5728
707.520349202 5729
694.284139313 5730
681.342910185 5731
669.776555241 5732
660.668282473 5733
655.071991535 5734
653.527728625 5735
656.140428559 5736
663.001227945 5737
674.186586248 5738
688.655185072 5739
703.493998739 5740
715.609978311 5741
721.908297967 5742
720.586358929 5743
714.356348877 5744
706.916611538 5745
701.967601951 5746
702.907493229 5747
710.78953895 5748
725.577650302 5749
747.229358172 5750
775.6643239 5751
810.029931687 5752
848.75737562 5753
890.24984828 5754
932.977320871 5755
982.100383017 5756
1055.0340924 5757
1170.51240634 5758
1347.28093043 5759
1599.15350485 5760
1921.01943662 5761
2303.23073541 5762
2736.13402593 5763
3209.22538881 5764
3704.84589507 5765
4201.72810736 5766
4678.56653584 5767
5114.09504848 5768
5488.24574572 5769
5782.1443196 5770
5976.95664955 5771
6053.94455872 5772
6007.69742856 5773
5858.91525988 5774
5631.34109487 5775
5348.73176935 5776
5037.84916353 5777
4737.75122951 5778
4490.66194716 5779
4338.83124765 5780
4319.93673598 5781
4429.88926991 5782
4642.29270985 5783
4930.52693541 5784
5268.04155098 5785
5630.37819219 5786
5995.26665457 5787
6340.52986526 5788
6643.99130746 5789
6885.46200767 5790
7048.86778347 5791
7118.63136744 5792
7079.16751738 5793
6921.10699151 5794
6661.84910984 5795
6326.00434604 5796
5938.1997178 5797
5523.03344272 5798
5104.73950583 5799
4707.35512545 5800
4354.92977877 5801
4070.75193471 5802
3857.71439687 5803
3696.73469236 5804
3567.63068839 5805
3450.24432559 5806
3330.12736327 5807
3204.9234257 5808
3073.81045611 5809
2935.96777542 5810
2791.6763975 5811
2646.06589534 5812
2505.59910428 5813
2376.74276021 5814
2265.01222663 5815
2166.6578127 5816
2072.71546458 5817
1974.1589511 5818
1862.27918674 5819
1737.09957288 5820
1608.16030851 5821
1485.48689531 5822
1379.08401736 5823
1294.41649609 5824
1227.30550074 5825
1172.33868853 5826
1124.09984867 5827
1078.17783672 5828
1034.58549312 5829
994.551401551 5830
959.304789931 5831
929.929637634 5832
906.108895897 5833
886.743161067 5834
870.723695984 5835
856.967407501 5836
845.086071795 5837
835.437550432 5838
828.418291846 5839
824.419825139 5840
823.205512318 5841
823.227736242 5842
822.773959152 5843
820.130804244 5844
814.209771148 5845
806.604042773 5846
799.626113777 5847
795.589673872 5848
796.486659384 5849
801.304305079 5850
807.395651753 5851
812.095508495 5852
812.859736067 5853
810.179328155 5854
807.711756205 5855
809.264405417 5856
818.63002857 5857
837.202506909 5858
861.554776376 5859
887.681101892 5860
911.572819932 5861
930.659936045 5862
948.249642557 5863
969.150000015 5864
998.172346396 5865
1039.67686417 5866
1094.04486865 5867
1159.59623064 5868
1234.63233523 5869
1317.58623893 5870
1409.88913628 5871
1515.93485842 5872
1640.24630892 5873
1787.45184512 5874
1973.35856472 5875
2234.88440044 5876
2611.31436048 5877
3141.96129099 5878
3857.74827714 5879
4757.69403457 5880
5833.25111953 5881
7075.86677595 5882
8476.74517976 5883
10025.1782245 5884
11709.5330252 5885
13518.1632611 5886
15437.7732625 5887
17422.507484 5888
19396.5864899 5889
21283.0626903 5890
23005.2753108 5891
24514.5210422 5892
25810.8638075 5893
26899.2537931 5894
27784.6484574 5895
28470.5351993 5896
28955.3452916 5897
29236.3927587 5898
29311.019146 5899
29179.1707971 5900
28859.7696728 5901
28380.0341015 5902
27767.2371108 5903
27048.8048724 5904
26254.2566122 5905
25414.8913837 5906
24562.0715292 5907
23727.0104002 5908
22929.142579 5909
22169.392654 5910
21447.0728923 5911
20761.4852428 5912
20107.6735424 5913
19467.5806576 5914
18820.6353838 5915
18146.2605211 5916
17428.3169056 5917
16678.893288 5918
15921.0619845 5919
15177.9375164 5920
14471.3002133 5921
13803.5308314 5922
13162.52995 5923
12535.8374783 5924
11911.2151991 5925
11286.8116775 5926
10675.2278383 5927
10090.1369769 5928
9545.21245679 5929
9048.76979833 5930
8594.78763594 5931
8174.86992898 5932
7780.61662191 5933
7404.87144373 5934
7047.24873773 5935
6709.6488308 5936
6393.97727093 5937
6101.98943697 5938
5833.68302339 5939
5587.91083865 5940
5363.50462184 5941
5159.30094746 5942
4974.28055858 5943
4807.60223851 5944
4658.42996394 5945
4525.92587988 5946
4407.75270388 5947
4298.16269809 5948
4190.9302171 5949
4079.82407691 5950
3960.39084457 5951
3836.29276703 5952
3713.50052889 5953
3597.99258953 5954
3495.24918918 5955
3405.96209073 5956
3328.16681427 5957
3259.86972031 5958
3199.07608276 5959
3143.8360681 5960
3092.24172234 5961
3042.3854515 5962
2992.36399167 5963
2940.84474366 5964
2887.59157644 5965
2832.48868116 5966
2775.42195258 5967
2716.87660595 5968
2659.57625207 5969
2606.76757592 5970
2561.70158921 5971
2526.95502307 5972
2499.95458234 5973
2475.7558455 5974
2449.3957038 5975
2416.13904467 5976
2375.37319755 5977
2330.01818106 5978
2283.11227957 5979
2237.68466382 5980
2195.99557855 5981
2159.09264159 5982
2127.91861915 5983
2103.41659059 5984
2085.69387388 5985
2072.35267383 5986
2060.52222159 5987
2047.33041723 5988
2030.42644655 5989
2010.61474743 5990
1989.87087238 5991
1970.17507118 5992
1953.29519285 5993
1938.21149616 5994
1921.95403795 5995
1901.51001079 5996
1873.9564683 5997
1839.86742604 5998
1804.27499759 5999
1772.50684768 6000
1749.88717429 6001
1739.03321858 6002
1736.13420307 6003
1736.44156536 6004
1735.20091397 6005
1728.32800465 6006
1714.87065558 6007
1694.7870019 6008
1668.03550552 6009
1634.88342054 6010
1598.55949167 6011
1563.94166186 6012
1535.93159467 6013
1519.23700296 6014
1513.85499101 6015
1515.00000718 6016
1517.66662601 6017
1516.86385252 6018
1509.62866285 6019
1496.7629128 6020
1479.47690072 6021
1458.98433611 6022
1436.74503386 6023
1415.09370988 6024
1396.56031957 6025
1383.67821415 6026
1378.40381231 6027
1378.61664467 6028
1380.44568279 6029
1380.00795588 6030
1373.6304526 6031
1360.9806318 6032
1344.36714264 6033
1326.17355929 6034
1308.75408038 6035
1292.90605719 6036
1277.20936449 6037
1260.07147175 6038
1239.90143527 6039
1216.63711094 6040
1194.26089773 6041
1177.42058719 6042
1170.77009962 6043
1177.4994997 6044
1193.2369894 6045
1211.17805219 6046
1224.50749217 6047
1227.00796177 6048
1218.86559886 6049
1204.11919957 6050
1186.86525634 6051
1171.12212407 6052
1158.69961135 6053
1149.02178678 6054
1141.39328778 6055
1135.11971908 6056
1129.78131995 6057
1125.49556206 6058
1122.44222632 6059
1120.80172188 6060
1120.27304125 6061
1118.77493548 6062
1113.81075564 6063
1102.88138456 6064
1084.07576271 6065
1059.79124007 6066
1034.333444 6067
1012.02325511 6068
996.997258252 6069
990.359430942 6070
990.778447762 6071
996.852043911 6072
1007.15314332 6073
1019.12440974 6074
1028.5895681 6075
1031.24149549 6076
1022.77265999 6077
1001.61930479 6078
973.416275095 6079
944.969748527 6080
923.096291947 6081
913.247209853 6082
913.960363877 6083
921.599941735 6084
932.523041037 6085
943.214993149 6086
951.500752768 6087
955.986532942 6088
955.285507821 6089
948.12731543 6090
936.145516116 6091
923.982528924 6092
916.426771734 6093
918.240357743 6094
930.740219349 6095
948.876375026 6096
966.903751194 6097
979.068204301 6098
981.458380415 6099
976.497447304 6100
967.969377679 6101
959.664334446 6102
954.829154711 6103
953.075943249 6104
952.535779468 6105
951.332578297 6106
947.72831454 6107
941.947933003 6108
935.657656533 6109
930.559482163 6110
928.315010011 6111
928.927830102 6112
930.257611102 6113
930.018701941 6114
925.925915116 6115
916.80246093 6116
904.041824735 6117
889.402332362 6118
874.644939838 6119
861.357334036 6120
850.35975421 6121
842.264241597 6122
837.684160775 6123
837.035647158 6124
839.055665375 6125
841.631759631 6126
842.641454698 6127
840.076551072 6128
834.148922341 6129
827.053007233 6130
821.05731556 6131
818.396416353 6132
819.013646911 6133
819.26827975 6134
815.202110533 6135
802.853114108 6136
780.919303966 6137
755.61875343 6138
734.496281465 6139
725.110426858 6140
733.183890066 6141
754.609531352 6142
782.012531967 6143
808.002744392 6144
825.729058137 6145
834.163213688 6146
835.781178669 6147
833.110658042 6148
828.720360103 6149
826.084750862 6150
829.63028203 6151
843.835725273 6152
873.142653427 6153
917.50288563 6154
968.635317009 6155
1017.36336654 6156
1054.49597947 6157
1073.67794246 6158
1078.06245896 6159
1072.7908704 6160
1063.01314668 6161
1053.21673423 6162
1043.66038388 6163
1032.95841473 6164
1019.71904852 6165
1002.68790064 6166
982.39756754 6167
960.61764751 6168
939.145834904 6169
919.763740979 6170
903.630318438 6171
891.159959782 6172
882.723638862 6173
878.684523603 6174
878.061729431 6175
877.067224472 6176
871.555209743 6177
857.372344783 6178
832.433330244 6179
802.551419484 6180
775.431543043 6181
758.792587908 6182
758.898317399 6183
771.480929803 6184
787.66091884 6185
798.523495483 6186
795.733714332 6187
779.823868119 6188
758.13644157 6189
738.202069512 6190
727.42377089 6191
727.619071938 6192
733.261316004 6193
738.314669808 6194
736.744604432 6195
725.472175039 6196
708.227668089 6197
689.701969579 6198
674.594188962 6199
666.609882725 6200
665.248687557 6201
668.903363306 6202
675.963889119 6203
684.845539664 6204
694.187544095 6205
702.733799789 6206
709.226804533 6207
712.48867441 6208
712.697481841 6209
711.149085591 6210
709.174681847 6211
708.085832068 6212
708.163963845 6213
708.244257722 6214
707.05167881 6215
703.311458303 6216
696.641923718 6217
688.848174093 6218
682.066332454 6219
678.43657593 6220
679.247803792 6221
681.998565408 6222
683.130969457 6223
679.080649999 6224
666.905129868 6225
648.90267234 6226
629.983589772 6227
615.087054908 6228
608.885809367 6229
611.229644997 6230
617.849333224 6231
624.334745121 6232
626.333302386 6233
622.762638746 6234
617.278314815 6235
613.913740135 6236
616.704286531 6237
627.415386617 6238
642.099923778 6239
655.921120526 6240
664.03223589 6241
662.764583637 6242
653.818556659 6243
640.419839071 6244
625.800218132 6245
612.997206416 6246
603.353345858 6247
597.357728933 6248
595.493551695 6249
598.120966569 6250
603.404526671 6251
607.625467225 6252
606.997434207 6253
597.804952299 6254
580.276459092 6255
560.348825735 6256
544.416462476 6257
538.876118516 6258
546.686719549 6259
562.247094375 6260
578.639303932 6261
588.93147948 6262
588.096002735 6263
579.632498764 6264
569.422402826 6265
563.35869341 6266
566.507646571 6267
577.060127613 6268
589.825158777 6269
599.578415185 6270
601.404060045 6271
595.757919857 6272
587.57782123 6273
581.94741901 6274
583.869348427 6275
594.209427076 6276
608.06517666 6277
620.097908375 6278
624.966827176 6279
619.671174378 6280
606.777483887 6281
589.665396298 6282
571.720676481 6283
555.841042879 6284
542.844163685 6285
533.00069631 6286
526.581429532 6287
523.807436884 6288
524.510269597 6289
528.341278922 6290
534.950157261 6291
543.902651043 6292
553.493214425 6293
561.017163698 6294
563.738293378 6295
558.988540257 6296
546.954029045 6297
531.5381083 6298
516.900068289 6299
507.197827317 6300
504.72927975 6301
507.706812796 6302
513.79767463 6303
520.664497403 6304
526.358741347 6305
530.435903531 6306
532.811863423 6307
533.402277707 6308
532.20175371 6309
529.751081453 6310
526.822224237 6311
524.189403454 6312
522.61194751 6313
522.628398307 6314
524.620828075 6315
528.968198249 6316
536.006249968 6317
544.688895297 6318
552.347414522 6319
556.215547759 6320
553.538702776 6321
543.658528097 6322
530.02034101 6323
516.551574519 6324
507.187038319 6325
504.617059568 6326
507.324070896 6327
512.902072246 6328
518.940615284 6329
523.268419845 6330
525.168681033 6331
524.461984573 6332
520.96937402 6333
514.598855019 6334
506.226360394 6335
497.333999783 6336
489.416038973 6337
483.939039934 6338
481.633896754 6339
482.475208283 6340
486.402837988 6341
493.344463056 6342
502.307175011 6343
510.745989796 6344
515.962319187 6345
515.254019857 6346
507.494761067 6347
496.064299018 6348
485.146831224 6349
478.934405766 6350
480.54397814 6351
487.70314158 6352
496.45903938 6353
502.850315845 6354
503.449362719 6355
499.685891056 6356
495.565459385 6357
495.124827826 6358
502.105524527 6359
514.794514984 6360
526.736445956 6361
531.306407204 6362
522.008984751 6363
499.039968385 6364
472.057259842 6365
451.451282048 6366
447.609918089 6367
465.064994715 6368
494.619965391 6369
525.100901234 6370
545.312449287 6371
547.140402874 6372
534.885725187 6373
515.969951638 6374
497.829005477 6375
487.075037332 6376
484.428107644 6377
488.071759341 6378
496.175935622 6379
506.918008261 6380
518.609397265 6381
529.656535677 6382
538.464689341 6383
543.478285236 6384
544.391476149 6385
542.332051064 6386
538.508458498 6387
534.123333694 6388
529.512963872 6389
523.397828459 6390
514.319345803 6391
500.817039193 6392
482.487290745 6393
462.232755833 6394
443.6048563 6395
430.161865417 6396
424.849755943 6397
427.284918924 6398
435.96483758 6399
449.382933863 6400
465.936259812 6401
483.117100237 6402
497.910135371 6403
507.28918931 6404
508.395576832 6405
501.688299065 6406
490.62128796 6407
478.762124428 6408
469.638307515 6409
464.463659516 6410
461.10684252 6411
457.171839676 6412
450.264263271 6413
439.682473755 6414
428.721462307 6415
421.258007027 6416
421.176110184 6417
430.908409727 6418
447.084146829 6419
464.881372147 6420
479.468966277 6421
486.595862605 6422
486.048259994 6423
479.310982439 6424
467.877161987 6425
453.308617331 6426
437.993546841 6427
424.887872775 6428
416.963774281 6429
417.067651975 6430
424.521451321 6431
434.801561608 6432
443.182396007 6433
444.970541778 6434
438.911775051 6435
429.752092512 6436
422.847727855 6437
423.562000444 6438
434.450902004 6439
450.027799713 6440
463.368567042 6441
467.536171164 6442
457.61833847 6443
438.511458064 6444
418.074054168 6445
404.179708212 6446
403.74354898 6447
415.57507108 6448
434.443969632 6449
455.081525931 6450
472.377234456 6451
483.858470192 6452
489.155623008 6453
487.956488104 6454
480.008326255 6455
467.206056469 6456
454.139950034 6457
445.579033762 6458
446.273984823 6459
457.335386329 6460
472.568092087 6461
484.894390907 6462
487.224498198 6463
475.669810069 6464
456.89352313 6465
439.736148565 6466
433.054237807 6467
443.428680075 6468
464.785106869 6469
486.68642156 6470
498.672349453 6471
491.589608446 6472
469.039597624 6473
441.769120154 6474
420.622407937 6475
415.915098333 6476
427.828772928 6477
447.592106022 6478
466.111614145 6479
474.406618627 6480
469.299594786 6481
455.650961573 6482
438.919148356 6483
424.563453159 6484
416.323561504 6485
414.15678262 6486
417.518453213 6487
425.862880558 6488
438.286792335 6489
452.602367091 6490
466.329830017 6491
476.984753642 6492
482.376835961 6493
482.105468499 6494
476.435205851 6495
465.632098934 6496
450.208676083 6497
433.245277959 6498
419.355265395 6499
413.180645213 6500
419.102494818 6501
436.066378011 6502
457.956715266 6503
478.454781419 6504
491.296382675 6505
493.472622528 6506
486.686816221 6507
473.012958376 6508
454.531571674 6509
433.941265377 6510
415.350964528 6511
403.072623478 6512
401.425455742 6513
412.541209147 6514
430.391602653 6515
447.041259718 6516
454.540575752 6517
446.684632918 6518
428.09794818 6519
407.540091189 6520
393.793971185 6521
394.77926875 6522
409.072602892 6523
429.596328378 6524
449.181829691 6525
460.908293006 6526
463.183198108 6527
459.414602138 6528
453.209300315 6529
448.145515861 6530
446.059550824 6531
446.270781916 6532
447.901565357 6533
450.072959051 6534
452.048923289 6535
453.417085384 6536
453.809350718 6537
452.856824205 6538
451.220239079 6539
453.309711455 6540
464.394865137 6541
489.754618354 6542
533.4212117 6543
591.93585851 6544
659.063850986 6545
728.554670211 6546
794.415767168 6547
853.378616986 6548
903.765634178 6549
943.915364986 6550
972.205553504 6551
987.798610181 6552
990.562849643 6553
980.39201391 6554
957.227515082 6555
923.134770673 6556
883.096709265 6557
842.315930674 6558
805.991276309 6559
777.227681855 6560
754.673484136 6561
736.405566062 6562
720.49724231 6563
705.356869165 6564
690.533294132 6565
675.815117004 6566
660.990956448 6567
646.250856159 6568
633.983039587 6569
627.327044179 6570
629.428630596 6571
642.610534656 6572
661.638964105 6573
677.223248527 6574
680.017867639 6575
661.342699191 6576
623.725206549 6577
578.892877054 6578
538.864743638 6579
515.43291971 6580
511.68539885 6581
519.885325373 6582
531.607055691 6583
538.440336295 6584
535.322947334 6585
523.555491555 6586
505.151149921 6587
482.127236863 6588
457.117492186 6589
434.578197389 6590
419.308659659 6591
416.116770531 6592
427.919902359 6593
448.622798794 6594
469.446049997 6595
481.594222926 6596
477.648737273 6597
460.925938074 6598
439.751271997 6599
422.493214705 6600
416.917209977 6601
422.557054815 6602
433.071507463 6603
441.982013616 6604
443.020787068 6605
435.724583548 6606
425.861732055 6607
419.516798925 6608
422.712629224 6609
436.615404406 6610
454.536893362 6611
469.062812124 6612
472.775867587 6613
461.75082792 6614
440.739463067 6615
415.824238082 6616
393.098330525 6617
377.602272415 6618
370.235899266 6619
370.888335113 6620
379.448583955 6621
395.217836755 6622
413.842967513 6623
429.561493949 6624
436.597715669 6625
429.880309199 6626
411.672445628 6627
388.557887125 6628
367.187397878 6629
353.981752593 6630
350.903165434 6631
355.978938431 6632
367.098010288 6633
382.132592419 6634
398.436470233 6635
412.682397093 6636
421.491339297 6637
421.499094878 6638
412.081020426 6639
398.04010245 6640
384.82550232 6641
377.894626901 6642
380.47140961 6643
388.982224327 6644
398.562321874 6645
404.338139408 6646
402.754543263 6647
396.579166431 6648
390.469543331 6649
389.092385458 6650
396.326326265 6651
410.013078383 6652
425.217499693 6653
436.980957107 6654
440.662463764 6655
435.771277784 6656
424.681848899 6657
409.829830364 6658
393.668555545 6659
378.976155911 6660
368.86245091 6661
366.457766447 6662
374.831320684 6663
393.317480239 6664
415.608821816 6665
434.91855587 6666
444.461960308 6667
440.785759127 6668
427.982247131 6669
411.187704727 6670
395.548026072 6671
385.075885743 6672
379.829452439 6673
379.008563756 6674
381.811534705 6675
387.272078436 6676
393.54119864 6677
398.469997005 6678
399.905603422 6679
396.079265823 6680
388.559401387 6681
380.619896418 6682
375.554760171 6683
376.423809404 6684
382.802829924 6685
391.63258236 6686
399.783552263 6687
404.195648291 6688
403.897931057 6689
400.231323551 6690
394.658374356 6691
388.669226875 6692
385.415232186 6693
390.744077998 6694
410.759974162 6695
451.578955775 6696
519.229562464 6697
619.51205287 6698
758.20258826 6699
941.088410165 6700
1169.67221581 6701
1429.65517018 6702
1703.07911008 6703
1971.94829948 6704
2219.41014635 6705
2435.2525806 6706
2611.5941532 6707
2740.54171854 6708
2814.93594357 6709
2834.32883377 6710
2801.81604627 6711
2720.5347802 6712
2594.14537579 6713
2434.17441224 6714
2258.24355383 6715
2084.17027291 6716
1929.45068536 6717
1801.49662932 6718
1696.3948131 6719
1609.62057073 6720
1536.66075844 6721
1474.24472521 6722
1421.13504976 6723
1376.27885719 6724
1338.62133626 6725
1306.91857231 6726
1279.47799109 6727
1254.53819671 6728
1230.33336277 6729
1205.01709713 6730
1176.45498892 6731
1142.44506164 6732
1100.78005851 6733
1050.03545932 6734
993.126894022 6735
934.467587742 6736
878.481114259 6737
829.091744687 6738
785.869559542 6739
746.160506141 6740
707.287433735 6741
666.770221257 6742
624.985369625 6743
584.426793033 6744
547.643795634 6745
517.155663542 6746
494.587866568 6747
480.613967441 6748
475.86310014 6749
480.912886876 6750
493.327143137 6751
506.063794522 6752
511.678582461 6753
502.736744225 6754
476.826353494 6755
442.722102182 6756
410.723063256 6757
391.148414378 6758
390.566209323 6759
403.095806326 6760
420.274303041 6761
433.621776865 6762
436.288145808 6763
429.587105152 6764
417.367422557 6765
403.486267482 6766
391.465029452 6767
382.221599888 6768
375.4788859 6769
370.95329555 6770
368.28496251 6771
366.207706955 6772
362.853556169 6773
356.340285989 6774
344.965891408 6775
330.856409044 6776
319.757564233 6777
317.568140089 6778
330.05642783 6779
357.030245401 6780
390.283193543 6781
421.029859155 6782
440.500965231 6783
443.929917608 6784
434.268352681 6785
415.350397475 6786
391.018518368 6787
365.075340093 6788
341.198799228 6789
323.051670393 6790
314.304172336 6791
317.223475686 6792
328.238122553 6793
342.257121422 6794
354.178367663 6795
359.680027399 6796
359.332721759 6797
355.583598304 6798
350.888860935 6799
347.581962687 6800
346.78790526 6801
348.963269825 6802
354.558853398 6803
363.881941751 6804
375.020466734 6805
384.316423194 6806
388.057209402 6807
382.679575053 6808
368.951651888 6809
352.42835819 6810
338.922619605 6811
334.19043837 6812
339.780815422 6813
350.689280482 6814
361.334151798 6815
366.134639738 6816
362.077380411 6817
351.855635377 6818
338.93489491 6819
326.787779075 6820
318.020535861 6821
312.440121454 6822
309.291098129 6823
307.816307179 6824
307.571546286 6825
309.595606033 6826
315.366178271 6827
326.364526306 6828
343.524064619 6829
363.924107586 6830
382.988490207 6831
396.124990111 6832
399.205772514 6833
393.172821036 6834
382.051745788 6835
369.920098478 6836
360.706428508 6837
355.591911615 6838
353.419078205 6839
352.953528703 6840
352.981663198 6841
353.033572991 6842
353.51877726 6843
354.898791377 6844
357.6261238 6845
361.432936562 6846
364.860636689 6847
366.336187031 6848
364.286241581 6849
358.007189425 6850
348.82773809 6851
338.368965794 6852
328.255395938 6853
320.29589597 6854
316.905692712 6855
320.631292556 6856
334.024554688 6857
358.298110956 6858
388.124811916 6859
416.179702352 6860
435.120816939 6861
438.797820466 6862
429.63435421 6863
413.779778786 6864
397.412652556 6865
386.218553772 6866
380.455169586 6867
377.070530961 6868
372.958600793 6869
365.179748724 6870
353.768817437 6871
341.276632707 6872
330.338943083 6873
323.529710134 6874
321.370474857 6875
321.992934662 6876
323.390691519 6877
323.568134549 6878
321.540005788 6879
317.94447 6880
313.567504329 6881
309.196305816 6882
305.542596029 6883
303.147689895 6884
302.530569037 6885
304.211508751 6886
308.525316521 6887
315.218777425 6888
323.922131816 6889
334.264808228 6890
345.768536473 6891
357.470346132 6892
368.268246456 6893
377.057900606 6894
382.853123465 6895
385.452918284 6896
384.971134874 6897
381.522618014 6898
375.353671897 6899
367.966639274 6900
361.567456711 6901
358.374488422 6902
360.426226233 6903
367.014101815 6904
375.316402129 6905
382.450911683 6906
385.643715367 6907
384.966372296 6908
383.466599992 6909
384.338059357 6910
390.697045996 6911
401.617828802 6912
410.422234648 6913
409.979735154 6914
393.195457227 6915
359.263526999 6916
319.661437546 6917
287.309042043 6918
275.144844377 6919
289.888127934 6920
321.387768519 6921
356.645489296 6922
382.634561459 6923
389.851955339 6924
382.302441477 6925
367.219508812 6926
351.852641494 6927
342.168347094 6928
337.137430175 6929
333.374878269 6930
327.486661895 6931
316.793122748 6932
304.205577331 6933
295.256306545 6934
295.504424518 6935
309.840141444 6936
335.380023174 6937
364.275434491 6938
388.580821202 6939
400.707077931 6940
399.697907624 6941
390.315772908 6942
377.520156542 6943
366.202911902 6944
358.880248137 6945
355.305721922 6946
355.077552706 6947
357.780208611 6948
362.227606545 6949
366.030801882 6950
366.691929381 6951
361.716749492 6952
350.165827983 6953
334.400854738 6954
317.209037738 6955
301.382771504 6956
288.756026698 6957
278.356848721 6958
268.702693852 6959
258.307781495 6960
246.433194482 6961
235.374285655 6962
228.199258639 6963
227.982825614 6964
236.97013145 6965
252.681350676 6966
270.970330288 6967
287.680129274 6968
299.206521362 6969
306.44294031 6970
312.451464494 6971
320.314795431 6972
332.651064319 6973
346.581316698 6974
355.655443629 6975
353.34984133 6976
333.664570343 6977
300.230412362 6978
265.02464586 6979
240.324777615 6980
238.039728213 6981
258.284302677 6982
287.593211152 6983
311.72354873 6984
316.579611893 6985
298.25181795 6986
268.413478439 6987
240.075795038 6988
226.23253566 6989
233.313531073 6990
254.29048786 6991
280.474653071 6992
303.162407316 6993
316.302753298 6994
321.22403413 6995
320.525126066 6996
316.810748777 6997
312.273289581 6998
307.528068987 6999
302.816709991 7000
298.38144783 7001
294.364366156 7002
290.381719296 7003
285.877895867 7004
280.295935048 7005
273.315441706 7006
266.33704935 7007
261.522517481 7008
261.041221555 7009
266.723305449 7010
276.873529737 7011
287.720967104 7012
295.460278623 7013
296.54806169 7014
291.519187126 7015
284.078969318 7016
278.023129648 7017
277.028953535 7018
281.764118603 7019
289.820544808 7020
298.646752157 7021
305.709284582 7022
309.439479928 7023
309.560228706 7024
305.883752 7025
298.232281023 7026
287.298341241 7027
275.308563552 7028
264.649790594 7029
257.708414164 7030
255.525668386 7031
255.994970335 7032
256.556801626 7033
254.647031597 7034
248.937265283 7035
241.977554614 7036
237.079767355 7037
237.562850576 7038
245.68257498 7039
259.169833728 7040
274.552159138 7041
288.34960941 7042
297.543357007 7043
301.793749122 7044
301.716788344 7045
297.930953617 7046
291.179419421 7047
283.180023461 7048
276.11485259 7049
272.173282702 7050
273.313425188 7051
278.890461104 7052
286.637954657 7053
294.260398387 7054
299.532798411 7055
301.437335306 7056
299.935721512 7057
295.017473163 7058
286.709086796 7059
275.954702086 7060
264.661222347 7061
254.785150603 7062
248.256477071 7063
245.714249333 7064
246.046197139 7065
248.013287434 7066
250.383264678 7067
252.737000085 7068
256.085486168 7069
261.586640683 7070
270.396903725 7071
282.67905014 7072
296.306259721 7073
308.826398155 7074
317.782832917 7075
321.40386319 7076
320.006795211 7077
314.304260972 7078
305.01044127 7079
293.022875116 7080
279.975413514 7081
267.691206857 7082
257.996908674 7083
252.449258395 7084
251.131905546 7085
253.634782791 7086
259.546680398 7087
268.395370767 7088
279.274345108 7089
291.084598761 7090
302.723855747 7091
312.865437839 7092
317.979370694 7093
313.271371196 7094
293.921884549 7095
255.961674147 7096
207.394043327 7097
165.028194715 7098
145.911751249 7099
166.177684763 7100
222.445623605 7101
292.999752137 7102
355.369227656 7103
387.528069946 7104
383.378147139 7105
355.875648656 7106
319.122784757 7107
287.141626416 7108
267.575718468 7109
258.307956637 7110
256.393494754 7111
258.882369783 7112
262.987866583 7113
266.24921789 7114
266.238429827 7115
260.526509908 7116
248.556681855 7117
234.502722049 7118
223.282022411 7119
219.822716902 7120
226.894355396 7121
240.152301334 7122
253.783487138 7123
261.961518249 7124
260.519734729 7125
252.48227591 7126
242.815947957 7127
236.499369562 7128
237.489469731 7129
243.912614117 7130
251.841883092 7131
257.33882385 7132
257.034546823 7133
251.873081756 7134
244.753789298 7135
238.592828121 7136
236.1031196 7137
237.894383539 7138
243.361138213 7139
251.88149591 7140
262.755224708 7141
274.218108117 7142
283.725448119 7143
288.708859747 7144
286.736887219 7145
278.234559732 7146
266.261769889 7147
253.984064576 7148
244.541579301 7149
240.059047628 7150
241.487426066 7151
249.715131889 7152
265.567650571 7153
286.594316757 7154
305.587817222 7155
314.949283251 7156
307.126417706 7157
281.168944538 7158
248.200269113 7159
220.658999665 7160
210.992037955 7161
225.058817304 7162
253.449521276 7163
284.578239604 7164
306.828281697 7165
312.625620531 7166
306.405522976 7167
294.824908896 7168
284.561060611 7169
280.582165064 7170
281.328104507 7171
283.685890496 7172
284.533265566 7173
281.435127528 7174
275.343735228 7175
268.246565689 7176
262.13738668 7177
258.673768546 7178
257.364276291 7179
256.881042316 7180
255.890137371 7181
253.285436315 7182
249.857754767 7183
247.33054211 7184
247.439285611 7185
251.666987023 7186
258.698152644 7187
265.495081858 7188
268.984643685 7189
266.394555586 7190
259.519131148 7191
253.641083017 7192
254.149266923 7193
266.12988543 7194
288.037519237 7195
312.069202591 7196
330.151037063 7197
334.402009959 7198
323.759497744 7199
305.106415756 7200
285.797615999 7201
273.124647301 7202
269.913516907 7203
272.55762799 7204
276.939380996 7205
278.943118036 7206
276.125313213 7207
269.033762784 7208
258.52717554 7209
245.468219245 7210
230.841519028 7211
215.896609086 7212
201.923535887 7213
190.218091217 7214
182.249085154 7215
179.953430537 7216
185.356046257 7217
200.491127548 7218
225.307872927 7219
252.483240429 7220
273.083363037 7221
278.13208696 7222
262.04124931 7223
234.204267192 7224
208.16255446 7225
197.523018818 7226
212.439266362 7227
243.624228928 7228
275.037872308 7229
290.553260212 7230
277.05465225 7231
243.05320385 7232
206.387752489 7233
185.025587147 7234
194.560834791 7235
228.494641033 7236
268.573178643 7237
296.337913041 7238
294.938193364 7239
267.36126019 7240
229.502737568 7241
197.56248511 7242
186.901482741 7243
198.492512156 7244
221.885016472 7245
246.25739124 7246
261.085909274 7247
263.518209786 7248
258.108868236 7249
249.739014722 7250
243.204570705 7251
239.811253453 7252
236.778240643 7253
231.077352202 7254
219.741239454 7255
203.559061064 7256
188.644439182 7257
181.551533757 7258
188.807916995 7259
211.355406804 7260
240.505535116 7261
266.565786696 7262
279.80906711 7263
275.543354432 7264
259.672056061 7265
239.46631243 7266
222.244435755 7267
213.315519087 7268
212.77245914 7269
219.884750936 7270
233.916359727 7271
253.072030006 7272
272.233777034 7273
285.597013724 7274
287.311681721 7275
274.281508744 7276
254.204979027 7277
237.454172221 7278
234.484575153 7279
252.758308378 7280
285.098665971 7281
319.887061198 7282
345.408132336 7283
351.886062824 7284
341.508142116 7285
320.887614413 7286
296.700120345 7287
275.103511679 7288
258.090915765 7289
245.796039437 7290
238.345474245 7291
235.835645627 7292
238.07011821 7293
244.69324389 7294
255.344642065 7295
269.508269908 7296
284.888742184 7297
298.022957277 7298
305.395310054 7299
