5501.15232831 3800
5084.34092708 3801
4563.58466235 3802
4039.83013464 3803
3613.64774796 3804
3381.0129693 3805
3343.05804937 3806
3407.69719815 3807
3479.2432976 3808
3462.39641501 3809
3291.44506719 3810
3004.42101116 3811
2662.1159318 3812
2325.06704272 3813
2051.15792895 3814
1858.6729672 3815
1733.60938242 3816
1661.07326086 3817
1626.23433724 3818
1615.03182707 3819
1615.48335143 3820
1616.01953343 3821
1605.12563702 3822
1572.0837829 3823
1515.39042983 3824
1439.72981628 3825
1349.88059013 3826
1250.60985487 3827
1149.45647683 3828
1060.3762309 3829
998.161584593 3830
977.527243281 3831
1010.5288561 3832
1084.72812104 3833
1174.28780353 3834
1253.36517751 3835
1296.37756703 3836
1290.82824527 3837
1248.50163719 3838
1183.77700333 3839
1110.95643824 3840
1043.31975105 3841
987.142068922 3842
945.574995558 3843
921.737349234 3844
918.659817629 3845
935.408739023 3846
965.069016741 3847
1000.26420785 3848
1033.66003014 3849
1059.64826527 3850
1082.30775536 3851
1109.12843173 3852
1147.56025382 3853
1204.63697701 3854
1274.51230618 3855
1335.58707564 3856
1365.42055949 3857
1341.70823225 3858
1250.99168731 3859
1119.03189295 3860
982.422795302 3861
877.536308205 3862
839.053831771 3863
867.997987111 3864
932.123782521 3865
997.950247695 3866
1032.20451753 3867
1014.18057003 3868
966.671962462 3869
921.838756064 3870
911.639456919 3871
965.531923711 3872
1076.26081699 3873
1207.38170017 3874
1321.8591636 3875
1382.91497354 3876
1369.04278474 3877
1300.12413472 3878
1202.92676228 3879
1104.04811139 3880
1028.49336084 3881
984.772291084 3882
970.896948843 3883
984.720965678 3884
1024.08256823 3885
1081.69123353 3886
1139.24925619 3887
1177.14434104 3888
1175.89207556 3889
1120.22727566 3890
1029.84495726 3891
941.942846931 3892
893.613021575 3893
921.322277076 3894
1031.79548998 3895
1181.79302446 3896
1323.53075058 3897
1409.53785498 3898
1401.6236538 3899
1319.32467097 3900
1204.7262963 3901
1099.69395906 3902
1045.11659108 3903
1052.58065367 3904
1094.85850925 3905
1142.20447886 3906
1165.06840199 3907
1141.22265484 3908
1083.24059188 3909
1014.12948616 3910
956.747872536 3911
933.177603573 3912
949.523747806 3913
995.195670133 3914
1058.87897237 3915
1129.33340106 3916
1197.2077628 3917
1259.90818966 3918
1316.40141957 3919
1365.66102239 3920
1406.61606262 3921
1437.34626797 3922
1455.23699447 3923
1457.66963198 3924
1442.04573576 3925
1408.18529851 3926
1362.6248224 3927
1313.0233533 3928
1266.99003044 3929
1231.58892465 3930
1208.09561596 3931
1194.08297312 3932
1187.07820325 3933
1184.62767375 3934
1184.84321363 3935
1187.0222409 3936
1190.61763135 3937
1195.08576554 3938
1199.96431816 3939
1205.44007857 3940
1212.01856396 3941
1220.2044206 3942
1230.49218968 3943
1242.89506599 3944
1256.64329448 3945
1270.89948695 3946
1284.83156148 3947
1297.50553013 3948
1307.34172479 3949
1312.52570816 3950
1311.25401725 3951
1301.85706143 3952
1287.14038949 3953
1275.51849887 3954
1275.71273851 3955
1296.39028507 3956
1340.95109256 3957
1389.39968462 3958
1415.31621144 3959
1392.44318479 3960
1296.47409521 3961
1142.12564424 3962
981.641275657 3963
868.487882877 3964
855.802620863 3965
973.268592356 3966
1173.89098755 3967
1395.16706876 3968
1574.97062192 3969
1655.56513793 3970
1636.30403322 3971
1558.54613886 3972
1464.39310524 3973
1395.6461164 3974
1376.57037131 3975
1388.89918709 3976
1408.09500654 3977
1409.76409137 3978
1372.61241939 3979
1304.07031503 3980
1227.55305314 3981
1166.51759426 3982
1144.14124036 3983
1169.14647325 3984
1223.98950052 3985
1288.42571033 3986
1342.32563445 3987
1368.42836037 3988
1368.37925383 3989
1351.67323236 3990
1327.77825985 3991
1305.95048644 3992
1288.3473567 3993
1267.42610519 3994
1234.98095631 3995
1182.85098112 3996
1107.44354315 3997
1027.3455688 3998
967.817380076 3999
953.984783766 4000
1009.64411522 4001
1129.17564666 4002
1276.68300764 4003
1415.05974753 4004
1507.396665 4005
1528.81579397 4006
1496.29220883 4007
1435.8991056 4008
1373.57320773 4009
1333.91608479 4010
1323.2406855 4011
1333.75122833 4012
1357.32410942 4013
1385.88101984 4014
1412.9060111 4015
1435.78910032 4016
1452.54078715 4017
1461.1812893 4018
1459.7368693 4019
1446.20694567 4020
1418.57953022 4021
1374.85193807 4022
1313.08956251 4023
1237.48379241 4024
1163.57446955 4025
1108.06464366 4026
1087.57789158 4027
1115.58867474 4028
1184.45449072 4029
1277.74036627 4030
1379.05879948 4031
1472.35672436 4032
1552.8992093 4033
1631.32196967 4034
1719.31640057 4035
1828.52075291 4036
1967.06031362 4037
2126.40966782 4038
2293.10215343 4039
2453.73062349 4040
2595.34787265 4041
2714.38671282 4042
2816.67962121 4043
2908.4462246 4044
2995.87798121 4045
3080.36640706 4046
3147.17242782 4047
3178.21827932 4048
3155.50213321 4049
3063.29865066 4050
2916.91280643 4051
2754.44131304 4052
2614.35642527 4053
2534.89938722 4054
2532.65438873 4055
2572.75150106 4056
2612.9476896 4057
2611.17095388 4058
2530.79470798 4059
2383.50678801 4060
2206.72632186 4061
2037.96824569 4062
1914.32380407 4063
1850.69216749 4064
1824.18759337 4065
1808.31318322 4066
1776.67408101 4067
1708.71424603 4068
1619.27816489 4069
1536.58243365 4070
1488.76434644 4071
1503.09603259 4072
1580.27317757 4073
1688.31662072 4074
1793.34514989 4075
1861.60048842 4076
1868.92366892 4077
1831.30515286 4078
1775.26093475 4079
1727.21260491 4080
1712.6907894 4081
1742.07800117 4082
1812.29911387 4083
1919.8205586 4084
2061.1219639 4085
2232.75122648 4086
2431.4297341 4087
2653.9196877 4088
2896.99484094 4089
3158.32552556 4090
3445.75496887 4091
3773.59852116 4092
4156.23156831 4093
4607.92789745 4094
5134.83961632 4095
5726.71184171 4096
6371.3387572 4097
7056.55436345 4098
7769.59055971 4099
8492.95305137 4100
9207.05603065 4101
9892.36293129 4102
10529.4022952 4103
11099.0578074 4104
11582.6938331 4105
11961.761735 4106
12217.7648814 4107
12339.7163387 4108
12353.6645854 4109
12297.0341907 4110
12207.1436734 4111
12120.0674404 4112
12044.889251 4113
11963.3488945 4114
11856.0155469 4115
11703.5126083 4116
11491.5423139 4117
11222.6486843 4118
10902.8753545 4119
10538.2477344 4120
10135.8563226 4121
9717.38100065 4122
9314.93358595 4123
8960.77089184 4124
8686.96276759 4125
8501.80215214 4126
8359.70956416 4127
8207.7811404 4128
7993.24946365 4129
7670.5266148 4130
7253.38379719 4131
6785.19860669 4132
6309.45972243 4133
5869.23635101 4134
5488.24015078 4135
5159.93508334 4136
4875.16355039 4137
4624.79079462 4138
4399.68178946 4139
4190.59685759 4140
3988.27519585 4141
3783.47844289 4142
3567.35975222 4143
3341.16614462 4144
3117.16602767 4145
2908.16050126 4146
2726.92131684 4147
2581.36797373 4148
2462.02122195 4149
2355.51018314 4150
2248.49422194 4151
2128.69468811 4152
1999.04502559 4153
1874.02879327 4154
1768.38782702 4155
1696.80173589 4156
1664.73544928 4157
1655.61876345 4158
1649.6838369 4159
1627.2050603 4160
1571.12316601 4161
1487.66568276 4162
1395.19200496 4163
1312.12888135 4164
1256.71095437 4165
1236.61933223 4166
1242.44751404 4167
1263.24575982 4168
1288.08668294 4169
1307.27490529 4170
1317.93671045 4171
1319.57952563 4172
1311.71426634 4173
1293.90444627 4174
1267.16811579 4175
1234.13704391 4176
1197.52209917 4177
1160.02886697 4178
1124.81611962 4179
1096.70544606 4180
1080.88902289 4181
1082.54915719 4182
1106.04060825 4183
1143.67093268 4184
1178.59753654 4185
1193.77935289 4186
1172.24759901 4187
1108.78512657 4188
1026.05645158 4189
950.737794127 4190
909.456339579 4191
925.17992922 4192
989.518721316 4193
1078.02213864 4194
1166.15256265 4195
1229.61253164 4196
1256.6258245 4197
1255.20714952 4198
1235.10871769 4199
1206.06519293 4200
1176.54627203 4201
1148.24732077 4202
1120.58217344 4203
1092.96392408 4204
1064.93155498 4205
1039.26904439 4206
1022.22089208 4207
1020.19001455 4208
1039.56773876 4209
1082.70901307 4210
1138.09832711 4211
1191.25662713 4212
1227.72989754 4213
1234.05579248 4214
1209.84940124 4215
1164.09879728 4216
1105.98164314 4217
1044.65735503 4218
988.75914105 4219
945.773792642 4220
923.023241559 4221
927.817061423 4222
965.5465341 4223
1026.52160331 4224
1093.90720732 4225
1150.85337976 4226
1180.76551679 4227
1178.66888843 4228
1156.49029031 4229
1127.47110116 4230
1104.83023363 4231
1098.92846872 4232
1106.26960211 4233
1119.1479206 4234
1129.86975851 4235
1131.07286993 4236
1122.3307947 4237
1109.92451977 4238
1100.39963185 4239
1100.28965075 4240
1114.33174226 4241
1141.80036896 4242
1180.93294586 4243
1229.96988579 4244
1286.68928642 4245
1343.52329676 4246
1389.4935547 4247
1413.58465008 4248
1404.87540375 4249
1361.66384867 4250
1300.15703692 4251
1238.5969803 4252
1195.19444351 4253
1184.92269036 4254
1201.14647842 4255
1228.33785379 4256
1250.96762524 4257
1253.83835715 4258
1232.99326906 4259
1198.69009787 4260
1162.08301989 4261
1134.30684531 4262
1123.838166 4263
1128.27110913 4264
1142.4064889 4265
1161.05420406 4266
1179.21881782 4267
1195.02834337 4268
1209.19710556 4269
1222.51628172 4270
1235.77027099 4271
1247.43484922 4272
1250.11335524 4273
1235.50081555 4274
1195.30749358 4275
1123.37816839 4276
1032.93208172 4277
947.536205166 4278
890.812975824 4279
886.100852898 4280
940.55302431 4281
1035.25203204 4282
1148.94741591 4283
1260.42807961 4284
1351.59151367 4285
1420.91699167 4286
1472.43897874 4287
1510.18860044 4288
1538.05606203 4289
1556.618211 4290
1563.008948 4291
1554.20706278 4292
1527.19799552 4293
1481.76614373 4294
1426.78923486 4295
1372.97522254 4296
1331.01121312 4297
1310.50475119 4298
1308.11109354 4299
1311.83988117 4300
1309.56582322 4301
1289.24799694 4302
1247.1360756 4303
1196.09043327 4304
1150.93220582 4305
1126.45246638 4306
1134.83321435 4307
1170.52705415 4308
1220.56283884 4309
1271.97041638 4310
1312.02207878 4311
1335.97288237 4312
1349.17948952 4313
1357.63824623 4314
1367.33286279 4315
1382.28246081 4316
1398.57931803 4317
1410.31637109 4318
1411.59929664 4319
1396.95355494 4320
1367.46532197 4321
1329.50548163 4322
1289.58227087 4323
1254.18605863 4324
1228.64920964 4325
1215.50980451 4326
1216.88499966 4327
1234.88694136 4328
1270.27578288 4329
1312.34725839 4330
1344.62891954 4331
1350.64135175 4332
1314.26170427 4333
1237.01010147 4334
1146.8631749 4335
1073.91483414 4336
1048.18800794 4337
1091.99005749 4338
1190.16580927 4339
1316.16938875 4340
1443.51523919 4341
1546.91819858 4342
1624.79796937 4343
1697.90516677 4344
1787.81363423 4345
1916.03699779 4346
2097.13397129 4347
2325.8007791 4348
2593.20747968 4349
2890.54550623 4350
3208.93594501 4351
3538.57847885 4352
3869.14328307 4353
4190.319751 4354
4491.8418307 4355
4764.95059066 4356
5003.47360641 4357
5201.5111914 4358
5353.1795471 4359
5453.19101974 4360
5499.5816675 4361
5491.56677332 4362
5428.36635773 4363
5309.49064622 4364
5141.94448691 4365
4940.74013294 4366
4721.2435124 4367
4498.7781002 4368
4286.63635603 4369
4091.52295952 4370
3918.77644414 4371
3773.72042573 4372
3660.43507316 4373
3568.23053607 4374
3476.68784848 4375
3365.27298947 4376
3213.63880956 4377
3016.98937541 4378
2800.64900341 4379
2593.33040743 4380
2423.6620264 4381
2315.35007954 4382
2260.8372941 4383
2240.20990566 4384
2233.58159053 4385
2221.45178783 4386
2194.71892418 4387
2156.52004516 4388
2110.68693784 4389
2061.04005049 4390
2011.16799682 4391
1963.8440443 4392
1921.64886887 4393
1887.1549667 4394
1862.79715233 4395
1849.2444909 4396
1845.89534782 4397
1852.12187271 4398
1867.29531952 4399
1890.35338647 4400
1919.31629396 4401
1952.09332445 4402
1986.60060975 4403
2020.58374056 4404
2050.5443469 4405
2072.45747146 4406
2082.30963661 4407
2076.25749623 4408
2056.20725302 4409
2031.31714892 4410
2011.18080282 4411
2005.35895109 4412
2020.21435069 4413
2049.68697282 4414
2084.70063422 4415
2116.21052965 4416
2135.82868235 4417
2144.43366862 4418
2149.95132403 4419
2160.45754186 4420
2183.97119309 4421
2222.5650389 4422
2265.13051305 4423
2298.82056424 4424
2310.83524062 4425
2290.65780139 4426
2244.4625344 4427
2185.91354733 4428
2128.66135232 4429
2086.13720696 4430
2064.97806874 4431
2062.92454831 4432
2077.12089161 4433
2104.72161806 4434
2142.65861577 4435
2186.92688206 4436
2233.29531636 4437
2277.54913194 4438
2315.42984853 4439
2341.77222917 4440
2350.70726243 4441
2336.36968958 4442
2292.9478843 4443
2221.57605346 4444
2139.14695213 4445
2064.6697225 4446
2017.077011 4447
2012.14457227 4448
2042.22897252 4449
2089.01616897 4450
2134.21001294 4451
2159.9147971 4452
2161.54393117 4453
2152.05575141 4454
2145.56109759 4455
2156.11226066 4456
2191.66329918 4457
2235.46324389 4458
2264.53200551 4459
2255.98717706 4460
2189.17820189 4461
2076.14844112 4462
1954.33358475 4463
1861.68431119 4464
1835.88797045 4465
1892.33290855 4466
1996.39954217 4467
2106.77275311 4468
2182.31845038 4469
2187.87449586 4470
2131.53541541 4471
2040.79736136 4472
1943.12990962 4473
1865.56163547 4474
1822.67646848 4475
1813.02062186 4476
1834.08144221 4477
1883.35679069 4478
1956.55085128 4479
2042.24084106 4480
2127.28707019 4481
2198.61031821 4482
2244.3229219 4483
2269.04079097 4484
2289.78086166 4485
2323.78691011 4486
2388.17891315 4487
2492.14594632 4488
2627.84415248 4489
2785.24616849 4490
2954.37150358 4491
3126.99687098 4492
3306.96714769 4493
3503.27102914 4494
3724.87297813 4495
3980.918912 4496
4288.33389045 4497
4673.59476954 4498
5163.63943681 4499
5785.26916009 4500
6558.47447158 4501
7478.40903728 4502
8534.51627248 4503
9716.2881638 4504
11012.714651 4505
12405.5459821 4506
13871.4484122 4507
15387.094039 4508
16929.2254445 4509
18468.4453337 4510
19962.9103048 4511
21369.4830054 4512
22645.2509086 4513
23750.7273746 4514
24667.2280852 4515
25384.3241096 4516
25891.6714921 4517
26179.9589542 4518
26268.5179316 4519
26209.0858106 4520
26054.8987063 4521
25858.9062238 4522
25656.8831325 4523
25427.6900685 4524
25138.4103291 4525
24756.3113418 4526
24252.6870174 4527
23643.7962119 4528
22974.7236396 4529
22290.7903032 4530
21636.8908504 4531
21040.1651473 4532
20495.888238 4533
19996.0125735 4534
19532.535386 4535
19094.6652333 4536
18655.5767436 4537
18182.9130953 4538
17644.4934249 4539
17009.717796 4540
16281.2937876 4541
15495.59786 4542
14690.3120255 4543
13902.8960752 4544
13160.8544728 4545
12462.8523892 4546
11802.3074872 4547
11172.6742288 4548
10567.908353 4549
9986.5919239 4550
9429.92647774 4551
8899.13739466 4552
8395.40627654 4553
7917.70713202 4554
7461.52183175 4555
7022.04762711 4556
6594.50917926 4557
6175.10344016 4558
5764.6390294 4559
5365.31233774 4560
4979.30683251 4561
4608.99428814 4562
4260.49434015 4563
3943.21427795 4564
3666.61778095 4565
3440.0858717 4566
3263.79237906 4567
3114.99967648 4568
2967.57974911 4569
2795.56449016 4570
2578.07808076 4571
2334.29825291 4572
2102.63194524 4573
1921.37515572 4574
1827.81513085 4575
1826.18453467 4576
1876.31317001 4577
1935.13086006 4578
1959.83774611 4579
1919.30494864 4580
1828.41577642 4581
1713.46807261 4582
1600.59350235 4583
1514.36624353 4584
1459.32240817 4585
1425.1381091 4586
1401.19882395 4587
1376.99217422 4588
1347.39922217 4589
1318.36944767 4590
1297.18420889 4591
1291.07740026 4592
1304.97601897 4593
1329.13100233 4594
1348.01968226 4595
1346.20609312 4596
1308.96698892 4597
1239.07330567 4598
1158.75329175 4599
1091.11894476 4600
1059.12552964 4601
1075.96291791 4602
1123.79595958 4603
1178.69555708 4604
1216.89227259 4605
1216.98048614 4606
1181.38226057 4607
1126.90626267 4608
1070.45269379 4609
1028.69249882 4610
1009.63686269 4611
1006.96879161 4612
1013.05685661 4613
1020.32130003 4614
1022.46901194 4615
1019.48742655 4616
1013.32898927 4617
1005.93348102 4618
999.171626878 4619
993.831434135 4620
989.733035764 4621
986.663581596 4622
984.411898355 4623
982.919840999 4624
982.509921933 4625
983.561115343 4626
986.449704623 4627
991.387271959 4628
997.294154719 4629
1002.48217968 4630
1005.27124424 4631
1004.01640058 4632
998.004561088 4633
987.73573199 4634
973.788687159 4635
956.738067961 4636
937.461148981 4637
918.000801311 4638
900.664997283 4639
887.745103253 4640
881.184861831 4641
878.590322029 4642
874.553444506 4643
863.642495663 4644
840.520382622 4645
806.217339645 4646
773.862847032 4647
757.856868045 4648
772.493718725 4649
827.819439074 4650
909.744815488 4651
995.619539977 4652
1062.94791833 4653
1090.29422476 4654
1077.17517279 4655
1044.01933238 4656
1012.02431327 4657
1002.2212103 4658
1027.76774551 4659
1080.07860909 4660
1146.86457716 4661
1215.92750427 4662
1276.17674328 4663
1325.70171792 4664
1367.39744067 4665
1404.18057636 4666
1438.9055973 4667
1472.44329978 4668
1502.85933707 4669
1528.01975867 4670
1545.80680899 4671
1554.89970405 4672
1557.23156671 4673
1555.56261221 4674
1552.6325203 4675
1550.89112011 4676
1548.90974843 4677
1542.38191269 4678
1526.96436798 4679
1498.3706958 4680
1455.64746251 4681
1404.52685405 4682
1351.5036383 4683
1303.02280549 4684
1264.75814684 4685
1237.91893108 4686
1222.03125751 4687
1216.62119509 4688
1221.04441038 4689
1230.36000221 4690
1235.18992387 4691
1226.02025291 4692
1193.41723602 4693
1133.98409132 4694
1061.5565546 4695
992.947981427 4696
944.840078153 4697
931.876387591 4698
951.197214708 4699
990.66980735 4700
1038.16790212 4701
1081.72886005 4702
1112.87299327 4703
1128.05114176 4704
1124.11906694 4705
1097.95793211 4706
1049.46183965 4707
990.865853881 4708
937.49386366 4709
904.548382454 4710
905.736588619 4711
935.366324691 4712
973.5737978 4713
1000.32107219 4714
995.82273596 4715
952.460743087 4716
886.392723059 4717
816.429111144 4718
761.230504318 4719
735.938466851 4720
735.747107644 4721
748.661913421 4722
762.773347833 4723
766.648570186 4724
757.705153004 4725
742.123715176 4726
726.414826676 4727
717.033628231 4728
718.226332884 4729
728.335658236 4730
744.728331854 4731
764.791965042 4732
785.902400758 4733
805.179332616 4734
819.62676826 4735
826.272094429 4736
822.274827209 4737
809.284133359 4738
794.892054263 4739
787.043455421 4740
793.618715513 4741
819.41092981 4742
857.79103734 4743
899.504598775 4744
935.372154029 4745
957.020708236 4746
965.150503115 4747
966.508471556 4748
967.899513264 4749
976.021061458 4750
992.831604255 4751
1011.95331252 4752
1026.2043501 4753
1028.46124288 4754
1013.9630533 4755
989.916235785 4756
967.317014138 4757
957.073954263 4758
969.31330171 4759
1001.16337089 4760
1038.35526557 4761
1066.34182785 4762
1070.72141006 4763
1044.59712399 4764
998.580857315 4765
945.718226508 4766
898.948586469 4767
869.455766976 4768
856.64312764 4769
854.870402781 4770
858.523255525 4771
862.101594387 4772
862.218926934 4773
857.894979135 4774
848.288826285 4775
832.567401079 4776
811.09679834 4777
787.984869125 4778
768.039070304 4779
756.027497094 4780
756.106612677 4781
766.80038945 4782
783.479116114 4783
801.514786084 4784
816.350381849 4785
825.234811738 4786
828.053854083 4787
824.905325382 4788
815.886402183 4789
801.256187834 4790
781.949879374 4791
759.071738182 4792
733.717018783 4793
707.084817424 4794
681.912382715 4795
662.038613062 4796
651.296370737 4797
653.452168326 4798
668.351900524 4799
688.472646491 4800
705.530730566 4801
711.309734013 4802
700.021856368 4803
678.8748305 4804
659.432539308 4805
653.168738839 4806
670.845246741 4807
710.911155237 4808
760.634697434 4809
806.973092004 4810
837.007092261 4811
843.66797476 4812
833.848096455 4813
816.446422356 4814
800.290216697 4815
792.972047838 4816
793.690850841 4817
798.020305611 4818
801.554681851 4819
800.026444831 4820
792.261946709 4821
780.594596501 4822
767.530572162 4823
755.555881722 4824
746.862679985 4825
742.782543214 4826
744.474561151 4827
753.088591936 4828
769.21370855 4829
788.257654707 4830
802.831665214 4831
805.576652099 4832
789.35405624 4833
754.796303707 4834
713.444195151 4835
677.574595547 4836
659.367514216 4837
666.704877092 4838
691.036010605 4839
719.891016361 4840
740.898061787 4841
742.791721024 4842
726.890915045 4843
702.938487709 4844
680.759972314 4845
670.043018143 4846
675.299471175 4847
692.16007452 4848
715.406095181 4849
739.859495033 4850
761.095533431 4851
778.211830052 4852
791.3776202 4853
800.761096473 4854
806.532852567 4855
808.925295414 4856
808.220312806 4857
804.699205111 4858
798.640777547 4859
790.237202151 4860
779.500946317 4861
766.421670693 4862
750.989033849 4863
733.400468537 4864
715.111321486 4865
698.037926547 4866
684.08303018 4867
675.118994251 4868
672.64751579 4869
677.8085248 4870
691.718564017 4871
715.482738387 4872
748.786568242 4873
787.696748266 4874
827.736226332 4875
864.461311499 4876
893.795994811 4877
914.199353252 4878
925.277056353 4879
926.643160899 4880
917.992800683 4881
901.432989916 4882
881.864944657 4883
864.312662303 4884
853.762436005 4885
852.738301226 4886
856.263611092 4887
857.95940721 4888
851.492790941 4889
831.615994342 4890
802.690599393 4891
774.204846707 4892
755.62943837 4893
756.200361349 4894
777.745646297 4895
812.035765245 4896
850.174008025 4897
883.326313871 4898
904.520827306 4899
913.463143084 4900
911.386310317 4901
899.514775135 4902
879.247219575 4903
854.032237501 4904
828.592464005 4905
807.638255434 4906
795.804774535 4907
794.913795808 4908
802.342903587 4909
815.092161307 4910
830.181984937 4911
845.018292545 4912
858.617268949 4913
870.434927066 4914
879.931281695 4915
886.634993211 4916
890.980198802 4917
894.055306509 4918
896.956240506 4919
900.76005219 4920
905.347134033 4921
908.414511661 4922
907.439645033 4923
899.916278178 4924
884.281691182 4925
863.692639031 4926
842.777407645 4927
826.135049914 4928
818.062298567 4929
818.234568794 4930
822.512891286 4931
826.668633248 4932
826.512674048 4933
819.941519998 4934
809.183613363 4935
796.997465585 4936
786.124284399 4937
778.873577412 4938
775.104526754 4939
773.790666826 4940
773.910550478 4941
774.485623185 4942
775.291125041 4943
776.803424906 4944
779.522846992 4945
783.946683562 4946
790.544147582 4947
799.722162811 4948
811.876491555 4949
827.400803177 4950
846.158345098 4951
864.466359555 4952
877.203708006 4953
879.274413195 4954
865.945709921 4955
840.826185872 4956
816.17377007 4957
804.583327942 4958
818.567357581 4959
864.006001739 4960
929.262184932 4961
999.883610932 4962
1061.49805379 4963
1101.94467561 4964
1125.29255541 4965
1142.99314983 4966
1166.47429976 4967
1206.96260696 4968
1271.42357672 4969
1361.95501221 4970
1480.37702108 4971
1628.49935946 4972
1804.89488428 4973
1998.60973622 4974
2196.99488549 4975
2387.46703648 4976
2558.6994091 4977
2709.54821037 4978
2843.9829716 4979
2965.99051984 4980
3079.42281607 4981
3183.96174705 4982
3274.09277454 4983
3343.99996274 4984
3387.8951673 4985
3401.50018637 4986
3385.36959584 4987
3341.02805613 4988
3269.99201379 4989
3174.0520388 4990
3057.64473506 4991
2926.64148188 4992
2786.90089029 4993
2644.26361351 4994
2504.95670222 4995
2375.73876057 4996
2263.37702254 4997
2174.60866026 4998
2112.46682386 4999
2067.02181962 5000
2025.53709311 5001
1975.33248017 5002
1905.0965916 5003
1817.08056737 5004
1721.47160479 5005
1628.51470977 5006
1548.28493185 5007
1484.47554756 5008
1431.60539012 5009
1383.50146603 5010
1334.01653378 5011
1278.64993349 5012
1219.03784499 5013
1158.2518167 5014
1099.35142359 5015
1045.25489474 5016
997.434648487 5017
956.462623428 5018
922.895561442 5019
897.269182605 5020
879.027868535 5021
865.958485334 5022
855.716353906 5023
845.965957366 5024
835.147610742 5025
824.773017472 5026
817.113950341 5027
814.434200936 5028
818.697194801 5029
828.391509333 5030
839.741954225 5031
848.946974551 5032
852.254265256 5033
848.253839274 5034
839.249945533 5035
827.870081194 5036
816.732763493 5037
807.844910977 5038
800.687221485 5039
794.083996829 5040
786.863361585 5041
778.020914337 5042
768.592331937 5043
760.989905201 5044
757.644815999 5045
760.939787711 5046
770.313411999 5047
780.375229328 5048
785.300106756 5049
779.279919641 5050
758.954901182 5051
731.455714306 5052
706.715657835 5053
694.640595958 5054
704.163200283 5055
731.99981852 5056
766.407503555 5057
795.503899398 5058
807.535254861 5059
798.148964499 5060
775.365875986 5061
748.367821511 5062
726.313408632 5063
716.373087835 5064
717.056741293 5065
724.504048365 5066
734.863990531 5067
744.431410915 5068
751.303627286 5069
754.844017232 5070
754.443674468 5071
749.515250349 5072
741.061877788 5073
732.775042265 5074
728.599512308 5075
732.471554396 5076
746.79619112 5077
767.232782007 5078
787.586810381 5079
801.675325443 5080
803.826192114 5081
794.925037628 5082
780.463790227 5083
766.020839504 5084
757.119061647 5085
755.827056165 5086
758.380860529 5087
760.460247198 5088
757.751974858 5089
747.64558326 5090
734.978983345 5091
726.624074537 5092
729.442710283 5093
749.492491625 5094
782.520015375 5095
817.087629867 5096
841.626896679 5097
844.701030509 5098
823.437925157 5099
789.215892167 5100
754.74762046 5101
732.730168051 5102
732.267321669 5103
747.038210557 5104
766.57928555 5105
780.43945119 5106
779.128340378 5107
765.130084971 5108
749.10704419 5109
741.869867152 5110
754.087186074 5111
787.410266747 5112
828.835909963 5113
864.027437435 5114
878.660991278 5115
863.326694003 5116
829.090532281 5117
792.350601236 5118
769.491910464 5119
775.373549088 5120
806.633989577 5121
847.871923277 5122
883.482270564 5123
898.029797202 5124
886.046175946 5125
857.689048702 5126
824.475730105 5127
797.918025333 5128
786.650738145 5129
787.847280401 5130
795.824333648 5131
804.901474802 5132
809.927756963 5133
811.724788974 5134
814.890733912 5135
824.082633524 5136
843.878367937 5137
874.589432118 5138
910.14563726 5139
943.954913539 5140
969.426578147 5141
982.539047755 5142
988.935719348 5143
996.532493984 5144
1013.24439637 5145
1046.09183806 5146
1092.67040867 5147
1144.92759142 5148
1194.73472056 5149
1234.07061191 5150
1260.0257696 5151
1276.90485105 5152
1289.55686708 5153
1302.83135167 5154
1319.90025307 5155
1338.03315094 5156
1353.20275639 5157
1361.38017143 5158
1358.93783267 5159
1346.13091454 5160
1325.390111 5161
1299.16941434 5162
1269.90286159 5163
1239.157701 5164
1207.36005603 5165
1174.85886817 5166
1142.00312439 5167
1109.94356676 5168
1082.42278066 5169
1063.70885099 5170
1058.07215433 5171
1068.76777199 5172
1090.13434986 5173
1111.89129834 5174
1123.71231315 5175
1115.53883397 5176
1086.50655864 5177
1046.90917964 5178
1007.7178112 5179
979.909234722 5180
970.73905379 5181
976.506138588 5182
991.502244955 5183
1010.01494136 5184
1026.65321899 5185
1038.57621123 5186
1044.14295255 5187
1041.71817541 5188
1029.79761506 5189
1010.59402234 5190
990.444254493 5191
975.905923187 5192
973.53802777 5193
986.904877413 5194
1011.61480882 5195
1041.96697647 5196
1072.25472043 5197
1097.25813425 5198
1115.1744709 5199
1125.65012178 5200
1128.33610949 5201
1122.98938885 5202
1111.81912489 5203
1099.49213102 5204
1090.78793332 5205
1090.48298289 5206
1100.90625472 5207
1118.61012785 5208
1139.31151371 5209
1158.72174994 5210
1173.10049229 5211
1182.07939568 5212
1186.56117652 5213
1187.45170703 5214
1185.7090854 5215
1183.25447747 5216
1182.871568 5217
1187.37808013 5218
1199.57833543 5219
1219.46396189 5220
1241.16109322 5221
1258.05543457 5222
1263.52214229 5223
1252.41108473 5224
1227.40940035 5225
1193.78804993 5226
1156.82780944 5227
1121.71922048 5228
1092.12531264 5229
1070.50405797 5230
1059.28457 5231
1060.87107351 5232
1074.84998522 5233
1095.6804671 5234
1117.26976615 5235
1133.5145587 5236
1139.73325927 5237
1137.73632461 5238
1131.18016411 5239
1123.72785816 5240
1118.74941541 5241
1115.81199958 5242
1111.85884306 5243
1103.77548598 5244
1088.48736965 5245
1065.73435429 5246
1039.69602312 5247
1014.94910099 5248
996.079348862 5249
986.34178876 5250
983.844672771 5251
985.454350064 5252
988.030747497 5253
988.581808629 5254
985.703697083 5255
978.932359183 5256
967.815098067 5257
951.942656284 5258
932.788452348 5259
914.373996975 5260
900.909047397 5261
896.611516589 5262
903.675150361 5263
917.746195089 5264
933.144411346 5265
944.178039088 5266
945.793066784 5267
938.404548151 5268
925.176636341 5269
909.300271416 5270
893.955289071 5271
881.790873397 5272
874.845911424 5273
875.129816353 5274
884.652560494 5275
903.439644184 5276
926.190796781 5277
946.712379856 5278
958.797734691 5279
957.49094188 5280
946.472142284 5281
933.048456466 5282
924.554784194 5283
927.995033402 5284
942.900961478 5285
961.585251096 5286
976.050498565 5287
978.307175194 5288
965.708719867 5289
947.456900959 5290
934.361503891 5291
937.257441486 5292
964.219361197 5293
1008.00536187 5294
1056.10583579 5295
1095.9779455 5296
1115.80060198 5297
1115.67127626 5298
1105.26936513 5299
1094.56675981 5300
1093.50703462 5301
1107.22563773 5302
1132.12753621 5303
1163.68890801 5304
1197.3756203 5305
1229.04681693 5306
1256.33404873 5307
1277.35388916 5308
1290.21889747 5309
1293.51348245 5310
1291.51389783 5311
1292.25747289 5312
1303.86668892 5313
1334.34338132 5314
1384.35428711 5315
1443.73078733 5316
1501.41126678 5317
1546.30749827 5318
1571.37876849 5319
1583.83240547 5320
1594.01296939 5321
1612.29015943 5322
1648.16084694 5323
1703.02360135 5324
1773.9643128 5325
1858.02189652 5326
1952.26447135 5327
2054.9313492 5328
2165.66174436 5329
2284.17736233 5330
2410.20696531 5331
2549.13739596 5332
2721.91228694 5333
2952.17204355 5334
3263.61452203 5335
3681.04436507 5336
4236.56504309 5337
4965.41204653 5338
5902.91760349 5339
7083.87379833 5340
8529.86764117 5341
10249.8368015 5342
12252.2288791 5343
14545.3488459 5344
17106.5639571 5345
19846.6343885 5346
22667.4689389 5347
25470.7401031 5348
28165.947568 5349
30704.8976547 5350
33053.1924045 5351
35176.3799284 5352
37040.0162605 5353
38611.1426201 5354
39857.8900605 5355
40748.3598608 5356
41251.0000353 5357
41367.7817401 5358
41157.0278012 5359
40682.5979288 5360
40008.5149332 5361
39191.2248065 5362
38256.5290371 5363
37222.6586572 5364
36107.8802853 5365
34932.7286649 5366
33740.7580705 5367
32589.1447145 5368
31535.4037298 5369
30636.1405571 5370
29907.7868704 5371
29314.2821513 5372
28815.9529045 5373
28373.0353999 5374
27949.6639923 5375
27521.837373 5376
27067.7177775 5377
26565.4109824 5378
25996.2310306 5379
25365.7386179 5380
24690.4676444 5381
23987.037455 5382
23271.6046431 5383
22548.6448276 5384
21810.8440009 5385
21050.365153 5386
20259.381914 5387
19436.772637 5388
18596.4879409 5389
17754.5506097 5390
16927.0365394 5391
16129.0879757 5392
15370.6946489 5393
14660.1218068 5394
14005.653803 5395
13414.6107404 5396
12879.7462488 5397
12382.6204795 5398
11904.4689341 5399
11426.6109407 5400
10940.1041496 5401
10452.3667512 5402
9972.40165041 5403
9509.23070565 5404
9068.96978741 5405
8646.28605364 5406
8233.02448066 5407
7821.00777151 5408
7403.01854543 5409
6981.51975876 5410
6564.55341823 5411
6160.24712695 5412
5776.65966395 5413
5418.78081137 5414
5087.74321698 5415
4784.4355195 5416
4509.74848209 5417
4263.354053 5418
4041.48393283 5419
3839.76024182 5420
3653.79500704 5421
3479.30426198 5422
3312.78234094 5423
3151.04960904 5424
2990.91916478 5425
2829.43940868 5426
2668.5995417 5427
2515.00505791 5428
2375.45268263 5429
2256.72322019 5430
2161.02752197 5431
2081.25042599 5432
2009.12618893 5433
1936.37067325 5434
1856.46793078 5435
1771.48364167 5436
1686.07166443 5437
1604.89538593 5438
1532.42035118 5439
1470.50039823 5440
1419.20590558 5441
1378.57338848 5442
1348.62707504 5443
1328.78358193 5444
1317.56132106 5445
1313.40368199 5446
1314.75155533 5447
1326.91438851 5448
1378.17903777 5449
1501.6856862 5450
1730.6442107 5451
2092.75773602 5452
2569.98060107 5453
3121.75275495 5454
3707.27225617 5455
4286.33091454 5456
4836.10609013 5457
5352.29748671 5458
5831.49016323 5459
6270.23345892 5460
6656.81867404 5461
6960.29517061 5462
7146.92351962 5463
7182.89286008 5464
7044.03641697 5465
6759.63852787 5466
6377.37141864 5467
5945.02075547 5468
5508.86199523 5469
5091.61404748 5470
4698.04318038 5471
4332.47708757 5472
3999.25408564 5473
3703.03283105 5474
3448.98813479 5475
3242.35183778 5476
3088.36435963 5477
2988.82073407 5478
2932.70485051 5479
2906.00877631 5480
2894.69693769 5481
2885.10648261 5482
2867.18491976 5483
2832.80207808 5484
2773.82948346 5485
2682.46704595 5486
2561.04899308 5487
2423.50183903 5488
2284.40993484 5489
2158.37020909 5490
2054.02939002 5491
1965.15632704 5492
1883.22726237 5493
1799.70282603 5494
1707.48676813 5495
1608.02511883 5496
1505.87404028 5497
1405.60197999 5498
1311.70153686 5499
1227.33807069 5500
1154.61815012 5501
1095.6226455 5502
1052.40014715 5503
1024.24857022 5504
1005.79808636 5505
991.217748382 5506
974.665892309 5507
952.248838935 5508
927.555058721 5509
905.969140872 5510
892.88565804 5511
892.933073526 5512
903.511650981 5513
918.070939357 5514
930.009607092 5515
932.926462449 5516
926.800381079 5517
918.988673235 5518
917.271499039 5519
929.431786025 5520
959.48098868 5521
1001.99177143 5522
1050.07817258 5523
1096.84276687 5524
1136.2954918 5525
1167.77130779 5526
1192.52546617 5527
1211.81686853 5528
1226.83723148 5529
1237.69995972 5530
1243.67172175 5531
1243.99579896 5532
1237.93174385 5533
1226.01197452 5534
1210.8641859 5535
1195.31591883 5536
1182.19855278 5537
1173.58409307 5538
1168.73485138 5539
1166.26496133 5540
1164.78661051 5541
1162.86067274 5542
1158.61157856 5543
1149.9353481 5544
1134.72296523 5545
1110.9919631 5546
1080.29199373 5547
1048.04701212 5548
1019.88602708 5549
1001.43688038 5550
995.744562829 5551
999.804666453 5552
1009.74460387 5553
1021.68604658 5554
1032.2716688 5555
1040.95441117 5556
1048.12407909 5557
1054.17109918 5558
1059.31386329 5559
1061.4115297 5560
1056.61238328 5561
1041.02097875 5562
1010.82974583 5563
967.405624109 5564
919.915337451 5565
878.183512046 5566
852.047459683 5567
847.714385343 5568
859.399846568 5569
878.844220844 5570
897.776435104 5571
908.79092841 5572
911.24015631 5573
907.625766352 5574
900.470378119 5575
892.273381612 5576
884.944309262 5577
879.815379103 5578
878.196588601 5579
881.390772006 5580
889.447979553 5581
899.847399271 5582
909.749868866 5583
916.313017756 5584
917.518442813 5585
915.150315185 5586
912.087421046 5587
911.211998 5588
915.148049583 5589
923.593453509 5590
934.406933368 5591
945.416693796 5592
954.475620044 5593
960.508638824 5594
963.831151307 5595
964.851785985 5596
963.979089364 5597
961.438285559 5598
956.946049535 5599
950.132207731 5600
940.625711661 5601
928.387773074 5602
915.471326313 5603
904.743839056 5604
899.078028658 5605
901.113528016 5606
909.592070469 5607
920.052887843 5608
927.935611896 5609
928.705684268 5610
920.201446159 5611
904.266022262 5612
883.130662605 5613
859.028848086 5614
834.929942578 5615
816.499143092 5616
810.026460817 5617
821.808586535 5618
856.695924216 5619
907.092399425 5620
959.064265624 5621
998.612976471 5622
1012.24859028 5623
999.571618272 5624
973.908961501 5625
949.250053529 5626
939.556632441 5627
950.980034841 5628
972.688211788 5629
991.610743993 5630
994.663478426 5631
972.530792132 5632
934.084522405 5633
893.672043559 5634
865.655968475 5635
863.043272492 5636
882.961172633 5637
912.297627984 5638
937.757546332 5639
946.292710552 5640
935.118186112 5641
914.914133956 5642
897.283007442 5643
893.830858193 5644
910.892128518 5645
940.281979671 5646
971.333023573 5647
993.367742562 5648
997.841656121 5649
989.445631922 5650
977.929776883 5651
973.063407549 5652
984.002143561 5653
1010.11088907 5654
1042.95270716 5655
1073.8668888 5656
1094.27852043 5657
1101.89947864 5658
1104.60935771 5659
1111.22004186 5660
1130.5510611 5661
1168.93741691 5662
1224.14485435 5663
1292.09329462 5664
1368.69887711 5665
1450.22807543 5666
1535.71002713 5667
1625.47800412 5668
1719.87239388 5669
1819.64014933 5670
1934.20002528 5671
2081.30456495 5672
2279.05577199 5673
2545.53887537 5674
2895.07827397 5675
3334.6345868 5676
3870.32173663 5677
4508.25757823 5678
5252.28390538 5679
6096.61210336 5680
7032.90282543 5681
8052.81073223 5682
9144.00578679 5683
10255.2818564 5684
11313.4420751 5685
12244.9828563 5686
12977.8123661 5687
13482.6530485 5688
13778.8543342 5689
13888.417316 5690
13833.3392028 5691
13630.6883309 5692
13286.0607843 5693
12803.4284127 5694
12186.7745231 5695
11447.6886783 5696
10636.3601199 5697
9815.22332421 5698
9046.75798369 5699
8389.42229674 5700
7852.77279496 5701
7413.99503985 5702
7049.68363177 5703
6736.63936434 5704
6460.70063414 5705
6219.6404909 5706
6012.05053261 5707
5836.51276865 5708
5687.45485272 5709
5548.03031489 5710
5399.48943599 5711
5223.06814696 5712
5004.22835642 5713
4753.61515064 5714
4491.15163122 5715
4236.78945973 5716
4009.26836716 5717
3809.49224423 5718
3624.88513965 5719
3442.52942097 5720
3249.66294322 5721
3042.54476317 5722
2830.97440688 5723
2625.87096256 5724
2438.15859324 5725
2274.77740831 5726
2130.27109772 5727
1996.77847041 5728
1866.43253917 5729
1733.17492845 5730
1603.35843477 5731
1488.54226211 5732
1400.31015119 5733
1349.41191909 5734
1332.05948707 5735
1332.16447092 5736
1333.24120877 5737
1318.9239725 5738
1282.49048051 5739
1233.37495006 5740
1182.5576292 5741
1141.02516101 5742
1116.46889704 5743
1105.06209 5744
1100.46377012 5745
1096.32894885 5746
1087.46276674 5747
1077.55309517 5748
1074.41856069 5749
1085.90472912 5750
1119.2839672 5751
1170.16635557 5752
1223.33712639 5753
1263.16313886 5754
1274.1299313 5755
1253.34122093 5756
1221.01836188 5757
1199.86447678 5758
1212.59675547 5759
1274.80752744 5760
1374.75395007 5761
1494.13783607 5762
1614.65057771 5763
1719.75588058 5764
1808.00143231 5765
1885.52821768 5766
1958.53913824 5767
2032.95422913 5768
2108.18003299 5769
2177.13598979 5770
2232.45742338 5771
2266.7889302 5772
2274.46855712 5773
2253.15375694 5774
2200.88660195 5775
2115.70817279 5776
2000.40244163 5777
1877.2166081 5778
1773.39761286 5779
1716.20864466 5780
1729.54372813 5781
1806.53356809 5782
1923.87807263 5783
2058.10999701 5784
2186.23889814 5785
2297.49606616 5786
2393.90421494 5787
2478.09057304 5788
2552.66908749 5789
2618.03459873 5790
2670.00922927 5791
2703.84771867 5792
2714.80243645 5793
2699.04195344 5794
2656.68212289 5795
2588.90140644 5796
2496.87998138 5797
2382.4197584 5798
2253.249721 5799
2120.38468891 5800
1994.88091327 5801
1887.61515934 5802
1804.58149559 5803
1746.51298836 5804
1713.88204314 5805
1707.14209761 5806
1723.40364913 5807
1752.71036495 5808
1784.20088945 5809
1807.00867846 5810
1812.32860597 5811
1800.43653977 5812
1774.10218374 5813
1736.09699993 5814
1689.25440996 5815
1636.99858829 5816
1583.08667561 5817
1531.282472 5818
1485.32663018 5819
1448.31391732 5820
1422.63451594 5821
1410.64395874 5822
1414.68146239 5823
1434.07214191 5824
1461.74092161 5825
1489.79213372 5826
1510.32461228 5827
1517.41480836 5828
1513.8412579 5829
1504.77488601 5830
1495.38955601 5831
1490.44029456 5832
1490.63229945 5833
1494.41000208 5834
1500.19204142 5835
1506.44810447 5836
1513.02152163 5837
1521.23089791 5838
1532.47120208 5839
1548.13585866 5840
1569.58074781 5841
1598.07972345 5842
1634.89673316 5843
1681.29692295 5844
1737.08413497 5845
1795.79933355 5846
1849.30292149 5847
1889.44969167 5848
1909.64429703 5849
1917.74836575 5850
1929.48672351 5851
1960.67163354 5852
2026.48777632 5853
2126.28859873 5854
2242.91549474 5855
2358.42479443 5856
2454.94350549 5857
2525.65412287 5858
2585.95967495 5859
2653.93231384 5860
2747.65485269 5861
2880.5433154 5862
3046.93768711 5863
3236.30867 5864
3438.12054183 5865
3643.49181 5866
3858.0991273 5867
4095.16795801 5868
4367.9962699 5869
4690.31109203 5870
5085.3419198 5871
5585.70808923 5872
6224.45036864 5873
7034.42480527 5874
8025.70327488 5875
9165.30765784 5876
10415.4577825 5877
11738.3494746 5878
13094.5495161 5879
14438.5074072 5880
15723.2018063 5881
16901.5778563 5882
17928.8030839 5883
18778.1182199 5884
19431.453856 5885
19870.7827799 5886
20080.4826301 5887
20092.8434864 5888
19984.1919873 5889
19832.5379355 5890
19715.8003726 5891
19698.8362215 5892
19823.7363145 5893
20130.3307595 5894
20658.4819162 5895
21432.378188 5896
22421.963746 5897
23585.4264837 5898
24880.9475779 5899
26264.9508942 5900
27681.6023303 5901
29069.661991 5902
30367.8193953 5903
31515.7983777 5904
32471.5066003 5905
33208.1101039 5906
33699.20571 5907
33919.0892532 5908
33885.5196904 5909
33684.5759451 5910
33408.398527 5911
33149.1702256 5912
32963.8713278 5913
32801.20336 5914
32589.1192341 5915
32255.5320115 5916
31742.7773599 5917
31084.7458292 5918
30350.9656305 5919
29611.0988805 5920
28931.880438 5921
28337.2972498 5922
27819.4301415 5923
27369.5813558 5924
26978.8994815 5925
26631.5587824 5926
26302.0781546 5927
25964.234148 5928
25591.7955528 5929
25170.5626925 5930
24718.4551434 5931
24258.7018353 5932
23814.5607888 5933
23402.7856816 5934
23004.769749 5935
22589.9640532 5936
22127.7887135 5937
21590.8987146 5938
20990.2841788 5939
20361.8565452 5940
19741.9797028 5941
19166.432679 5942
18650.3407486 5943
18183.8650817 5944
17755.6472777 5945
17354.3443458 5946
16969.9805105 5947
16595.7389608 5948
16225.2355118 5949
15852.0812275 5950
15471.2795017 5951
15084.2155664 5952
14694.0808648 5953
14304.0773693 5954
13917.7108874 5955
13541.3895167 5956
13183.1299066 5957
12850.9772581 5958
12552.684879 5959
12288.8594276 5960
12052.7315261 5961
11837.1889555 5962
11635.1199448 5963
11439.7249449 5964
11244.8266894 5965
11044.3011657 5966
10832.0252489 5967
10605.318196 5968
10374.3642091 5969
10152.3512095 5970
9952.48448016 5971
9786.00804808 5972
9649.16688833 5973
9531.3035999 5974
9421.70940265 5975
9310.07046779 5976
9193.26146384 5977
9074.31124358 5978
8956.45459262 5979
8842.89654898 5980
8734.77045133 5981
8629.94559758 5982
8526.00494378 5983
8420.52832023 5984
8311.37586759 5985
8197.27584016 5986
8077.10768375 5987
7949.75685285 5988
7814.91079993 5989
7677.12248961 5990
7542.7491798 5991
7418.1603962 5992
7309.32631233 5993
7216.93680813 5994
7137.98959065 5995
7069.4050785 5996
7008.05514855 5997
6949.23540311 5998
6886.22870623 5999
6812.1821072 6000
6720.25202778 6001
6608.71178368 6002
6487.99628667 6003
6370.31203409 6004
6267.87930671 6005
6189.35716805 6006
6126.76437198 6007
6067.27465803 6008
5998.04695304 6009
5908.08862017 6010
5804.24972718 6011
5703.31195387 6012
5622.18433654 6013
5577.11686689 6014
5568.34645462 6015
5579.85209301 6016
5594.86540352 6017
5596.66451151 6018
5575.10676105 6019
5532.2646906 6020
5471.53498539 6021
5396.32557185 6022
5310.98961749 6023
5223.2434509 6024
5141.55271686 6025
5074.39444303 6026
5028.22433442 6027
4995.2173709 6028
4961.41644007 6029
4912.82199946 6030
4836.52022862 6031
4736.75344767 6032
4631.33028202 6033
4538.45185419 6034
4476.0683347 6035
4448.93099949 6036
4442.98592026 6037
4442.72022125 6038
4432.61454423 6039
4403.14674493 6040
4360.6803933 6041
4314.18188835 6042
4272.6289857 6043
4243.35240065 6044
4225.15143766 6045
4214.08438005 6046
4206.2021218 6047
4197.66589553 6048
4185.8390143 6049
4168.81049649 6050
4144.67534266 6051
4111.56770669 6052
4068.74366724 6053
4016.67263695 6054
3955.88462705 6055
3886.91864871 6056
3811.4654651 6057
3733.4646799 6058
3657.12113637 6059
3586.64693753 6060
3526.32256682 6061
3480.67090186 6062
3454.27293927 6063
3451.72008531 6064
3475.58841835 6065
3513.76844231 6066
3547.63613031 6067
3558.51303202 6068
3528.98702438 6069
3462.22590836 6070
3377.93340215 6071
3296.3064513 6072
3237.30824851 6073
3207.98287536 6074
3196.8449594 6075
3190.96325648 6076
3177.40090872 6077
3149.17824324 6078
3114.95665998 6079
3085.93750582 6080
3073.33928418 6081
3084.580175 6082
3107.88144677 6083
3125.42069704 6084
3119.34335508 6085
3074.14256784 6086
2998.33696763 6087
2914.460103 6088
2845.25212332 6089
2812.79547037 6090
2822.25100599 6091
2861.24086365 6092
2916.55705072 6093
2975.00812894 6094
3027.05923263 6095
3069.94738633 6096
3101.63653225 6097
3120.08700807 6098
3124.89635615 6099
3121.2724662 6100
3115.63348815 6101
3114.40829757 6102
3122.84415473 6103
3138.30086353 6104
3154.9229574 6105
3166.83667972 6106
3168.31732915 6107
3155.8468577 6108
3127.52594443 6109
3081.48927053 6110
3015.99292214 6111
2934.04609419 6112
2844.8048288 6113
2757.84733965 6114
2682.75797481 6115
2626.85375835 6116
2592.18382447 6117
2580.05667767 6118
2591.78225053 6119
2626.03160772 6120
2669.95992629 6121
2707.56633706 6122
2722.82389174 6123
2702.12395725 6124
2652.58930179 6125
2591.81715158 6126
2537.51458598 6127
2506.58590689 6128
2500.23799987 6129
2505.64866577 6130
2509.48467209 6131
2498.52075018 6132
2467.56817357 6133
2424.01550696 6134
2376.35813248 6135
2333.10272941 6136
2300.29166391 6137
2276.98843839 6138
2261.02980014 6139
2250.25058181 6140
2243.23320697 6141
2242.56321262 6142
2252.1595521 6143
2275.94788456 6144
2317.55839014 6145
2377.42894537 6146
2454.07651633 6147
2545.98811574 6148
2651.7318497 6149
2771.92657628 6150
2909.34765898 6151
3066.87642045 6152
3247.33336195 6153
3446.88129842 6154
3649.48450714 6155
3837.77174689 6156
3994.34697337 6157
4107.31404585 6158
4183.2253353 6159
4232.49113032 6160
4265.53806172 6161
4290.36870598 6162
4299.59229924 6163
4279.822948 6164
4217.63746456 6165
4101.16420015 6166
3938.6540098 6167
3752.2895125 6168
3564.57166097 6169
3397.63515064 6170
3260.46249773 6171
3146.29750019 6172
3047.44565604 6173
2956.22043538 6174
2868.41676508 6175
2787.10857921 6176
2716.28748835 6177
2659.95274219 6178
2620.28120279 6179
2592.48428419 6180
2570.10756542 6181
2546.68374517 6182
2516.88302698 6183
2483.60576947 6184
2453.35600123 6185
2432.66611704 6186
2427.38467347 6187
2433.06206479 6188
2437.33032347 6189
2427.599821 6190
2391.52048041 6191
2327.27683475 6192
2246.90215943 6193
2163.39051725 6194
2089.74095812 6195
2033.98115292 6196
1992.67939578 6197
1960.79416706 6198
1933.27273171 6199
1906.22658897 6200
1880.6821695 6201
1858.95979587 6202
1843.38491609 6203
1835.75202148 6204
1833.63226597 6205
1832.58175862 6206
1828.1368734 6207
1816.11772137 6208
1797.1757316 6209
1775.94440981 6210
1757.18348995 6211
1745.59628709 6212
1742.84715546 6213
1746.33339908 6214
1753.12860488 6215
1760.30312108 6216
1765.6985498 6217
1769.0500947 6218
1770.37634631 6219
1769.69580631 6220
1766.57333881 6221
1758.56195706 6222
1742.65098396 6223
1715.82498731 6224
1675.8612061 6225
1627.19708019 6226
1577.59051816 6227
1534.83963574 6228
1506.34083474 6229
1492.21361615 6230
1486.36338641 6231
1482.48284051 6232
1474.34026085 6233
1460.01440314 6234
1443.82878117 6235
1430.60456873 6236
1425.16749185 6237
1430.46652775 6238
1444.72426219 6239
1465.4301632 6240
1490.06754755 6241
1516.17875625 6242
1541.58449786 6243
1564.18237566 6244
1581.86526966 6245
1592.54393526 6246
1594.30668057 6247
1585.3304647 6248
1563.78850206 6249
1528.16081056 6250
1482.38091448 6251
1435.06252277 6252
1394.9877271 6253
1370.83264512 6254
1365.22607607 6255
1372.03505174 6256
1384.43150863 6257
1395.57854555 6258
1400.8512072 6259
1401.1325803 6260
1398.14975691 6261
1393.6322801 6262
1389.21444885 6263
1386.09055665 6264
1385.33366193 6265
1388.01870796 6266
1394.86113701 6267
1403.60479771 6268
1410.52998903 6269
1411.89992404 6270
1404.2297756 6271
1388.40553568 6272
1368.96113872 6273
1350.54957044 6274
1337.78578603 6275
1333.14376288 6276
1336.10975691 6277
1345.94782316 6278
1361.91574963 6279
1381.84932559 6280
1400.21242814 6281
1410.97063499 6282
1408.07645044 6283
1387.61219026 6284
1354.66510973 6285
1316.70520575 6286
1281.21619885 6287
1254.69893185 6288
1236.00551184 6289
1220.44137427 6290
1203.28348602 6291
1180.13764358 6292
1151.80648549 6293
1123.16738185 6294
1099.21683346 6295
1084.84824791 6296
1080.57584594 6297
1081.21257125 6298
1081.17945318 6299
1074.9105664 6300
1061.47725502 6301
1050.12679226 6302
1051.47184609 6303
1076.14583614 6304
1129.4093294 6305
1195.86013665 6306
1255.1137787 6307
1286.74564877 6308
1274.19560612 6309
1227.7966387 6310
1169.25344553 6311
1120.35298669 6312
1101.36507849 6313
1111.80439562 6314
1136.38914749 6315
1159.48997769 6316
1165.81327386 6317
1151.4336061 6318
1125.77943212 6319
1099.05858615 6320
1081.4632536 6321
1078.79330721 6322
1088.23919078 6323
1105.98924419 6324
1128.22419923 6325
1151.40344527 6326
1172.94339444 6327
1190.45750809 6328
1201.55519291 6329
1204.19170949 6330
1198.41694439 6331
1185.0556888 6332
1164.93547189 6333
1139.16672351 6334
1111.98376899 6335
1089.57835044 6336
1078.18407887 6337
1083.6899131 6338
1103.39580295 6339
1125.77020637 6340
1138.85692847 6341
1130.78508131 6342
1097.87391749 6343
1050.26627643 6344
999.453334784 6345
956.945004001 6346
931.07743711 6347
921.094379418 6348
924.625480756 6349
939.295265524 6350
962.50136579 6351
990.526709424 6352
1019.3024731 6353
1044.7511853 6354
1063.09847343 6355
1073.34860613 6356
1075.97825724 6357
1071.4786431 6358
1060.39505256 6359
1044.23912599 6360
1025.3624105 6361
1006.14882956 6362
988.990072083 6363
976.423904347 6364
971.194012837 6365
976.064358774 6366
993.792010751 6367
1024.06931228 6368
1059.40936315 6369
1091.28673089 6370
1111.15969606 6371
1113.39359588 6372
1104.05636671 6373
1092.15994773 6374
1086.73386108 6375
1095.12608354 6376
1112.72854267 6377
1129.77957835 6378
1136.47829558 6379
1123.84472265 6380
1093.98149963 6381
1056.8595295 6382
1022.6346935 6383
1001.22271812 6384
994.841626517 6385
996.879256431 6386
1000.22644723 6387
997.801709618 6388
986.761705678 6389
972.174263279 6390
959.979710366 6391
956.129139151 6392
963.966436205 6393
978.672563207 6394
993.830512441 6395
1003.01143869 6396
1001.11212861 6397
990.229903024 6398
974.884741387 6399
959.606031471 6400
948.46313354 6401
941.025065482 6402
934.346545172 6403
925.450045453 6404
911.624473912 6405
895.374201618 6406
883.912073845 6407
884.632834478 6408
904.782326926 6409
943.533293561 6410
988.390478491 6411
1025.92673163 6412
1042.71513909 6413
1032.31293777 6414
1004.77806981 6415
972.564443651 6416
948.149238496 6417
940.257291092 6418
942.595957481 6419
945.120619801 6420
937.76754542 6421
912.651226953 6422
876.957451924 6423
844.221458498 6424
828.024856549 6425
840.589383936 6426
876.730715222 6427
919.350830992 6428
951.089669422 6429
955.154548238 6430
930.887208776 6431
895.229669549 6432
866.043515886 6433
861.07957277 6434
886.102139365 6435
925.960529143 6436
963.377893547 6437
981.053673023 6438
968.843549824 6439
937.119111461 6440
899.914555147 6441
871.289513717 6442
862.120236836 6443
867.839063302 6444
879.21772348 6445
887.010159623 6446
883.221810477 6447
870.42952976 6448
856.477501815 6449
849.263440083 6450
856.175978308 6451
876.384954864 6452
902.505214485 6453
926.956096373 6454
942.262684864 6455
945.21743593 6456
937.971682391 6457
923.020271215 6458
902.863679544 6459
880.169553294 6460
857.935118456 6461
839.201615153 6462
827.015562461 6463
823.264977167 6464
826.015865606 6465
832.546337501 6466
840.129592248 6467
846.525476091 6468
852.204934262 6469
858.573696566 6470
867.040205186 6471
878.62678517 6472
890.608417299 6473
898.159703248 6474
896.423769485 6475
880.930544762 6476
854.528022027 6477
826.529488051 6478
806.487092181 6479
803.793104346 6480
819.957730734 6481
845.573177864 6482
870.415005537 6483
884.270717124 6484
882.853306192 6485
874.889629083 6486
870.847769717 6487
881.214347283 6488
912.326207723 6489
955.533879692 6490
998.801516961 6491
1030.07128509 6492
1038.96231071 6493
1025.27418525 6494
992.593738202 6495
944.520333442 6496
885.263740489 6497
825.343807119 6498
779.049816181 6499
760.746565834 6500
783.823189902 6501
841.443842053 6502
907.940043115 6503
956.882813135 6504
962.194653615 6505
917.605527438 6506
845.505099633 6507
770.55794129 6508
717.431395527 6509
700.995513428 6510
713.644901112 6511
744.629958986 6512
783.18134116 6513
819.104241712 6514
844.388275611 6515
851.52158517 6516
832.978721093 6517
784.272690754 6518
719.718416988 6519
660.816924705 6520
629.120909919 6521
643.770004289 6522
697.840940691 6523
768.635361756 6524
833.196154733 6525
869.422731579 6526
873.570174573 6527
859.120710043 6528
840.244338732 6529
830.958004296 6530
836.430406486 6531
849.047765553 6532
860.188229687 6533
861.237982982 6534
848.951599365 6535
832.238596203 6536
821.694087077 6537
827.931479903 6538
859.550959208 6539
917.778196994 6540
1002.1609035 6541
1112.24595582 6542
1246.18852223 6543
1393.83566848 6544
1541.94947186 6545
1677.26286928 6546
1787.87278099 6547
1875.96758325 6548
1951.97667509 6549
2026.44885547 6550
2109.29993564 6551
2198.00550941 6552
2278.85803454 6553
2337.73058595 6554
2360.65125648 6555
2341.58163112 6556
2285.38825138 6557
2197.7363861 6558
2084.32361306 6559
1954.89486797 6560
1827.77309082 6561
1722.40683272 6562
1658.27691312 6563
1645.54608795 6564
1662.82365086 6565
1682.02456124 6566
1675.01515169 6567
1620.52000131 6568
1534.9855048 6569
1447.72262186 6570
1388.104793 6571
1381.66997961 6572
1418.52395191 6573
1469.76272564 6574
1506.25122081 6575
1500.46980071 6576
1452.28558438 6577
1384.04475293 6578
1318.79502343 6579
1279.13154231 6580
1270.34610571 6581
1276.21149584 6582
1279.12982827 6583
1261.56483898 6584
1216.23846055 6585
1155.35516556 6586
1093.31425327 6587
1044.53591261 6588
1017.18777421 6589
1000.8354437 6590
981.590677826 6591
945.540715089 6592
883.455478636 6593
808.435625606 6594
740.231168111 6595
698.628274788 6596
700.388063723 6597
738.673843069 6598
795.638351862 6599
853.342004851 6600
894.71416685 6601
914.687406459 6602
916.758870758 6603
904.616055113 6604
881.961327037 6605
852.733059335 6606
821.121778358 6607
791.337618242 6608
767.566364755 6609
751.864048416 6610
742.840704893 6611
738.789703742 6612
738.002831759 6613
738.991897088 6614
740.817918861 6615
742.625091146 6616
743.555741043 6617
743.417923607 6618
744.623808671 6619
750.224448901 6620
763.276535216 6621
785.452297432 6622
809.786091567 6623
825.984624732 6624
823.729338371 6625
794.174130392 6626
743.775727078 6627
688.006667201 6628
642.482396984 6629
622.011416249 6630
625.993297043 6631
640.227259729 6632
650.021547135 6633
640.970456482 6634
611.106235352 6635
574.833009387 6636
547.69431065 6637
545.180720411 6638
572.379210974 6639
613.759283139 6640
651.340664323 6641
667.114553683 6642
650.76968895 6643
615.412751695 6644
578.599432078 6645
557.917738458 6646
566.824104428 6647
598.940930454 6648
641.96550047 6649
683.571988512 6650
712.658850956 6651
727.572965615 6652
731.001260018 6653
725.658443562 6654
714.128679673 6655
697.271692586 6656
674.757597194 6657
646.232602672 6658
611.471780171 6659
573.349950432 6660
537.911154755 6661
511.353319225 6662
499.81557338 6663
505.515595895 6664
524.744963455 6665
553.29663306 6666
586.955140065 6667
621.422794166 6668
652.224477085 6669
674.853663514 6670
684.795822271 6671
680.01997227 6672
667.135814247 6673
654.637848871 6674
651.036490712 6675
663.098692324 6676
688.098375289 6677
720.108019857 6678
753.187091547 6679
781.626596976 6680
801.798769585 6681
811.134450329 6682
807.068826582 6683
787.432144261 6684
755.864521404 6685
720.400830721 6686
689.19966179 6687
670.243561167 6688
666.243160534 6689
674.075828765 6690
690.310866797 6691
711.573155064 6692
738.655904989 6693
779.12564364 6694
841.181199595 6695
933.03552739 6696
1062.15464813 6697
1234.17525895 6698
1454.47236006 6699
1728.431233 6700
2056.87591115 6701
2423.8118974 6702
2809.34985826 6703
3193.55722003 6704
3558.5006376 6705
3897.75655402 6706
4208.955397 6707
4489.72920025 6708
4735.99920256 6709
4928.3982302 6710
5039.45465007 6711
5041.57694694 6712
4909.5554804 6713
4654.96631929 6714
4317.8921925 6715
3939.2413046 6716
3559.65175509 6717
3209.92939144 6718
2909.8353556 6719
2678.57582198 6720
2535.09535659 6721
2477.5327417 6722
2470.09502108 6723
2473.80123518 6724
2449.64939192 6725
2375.19639373 6726
2267.92607145 6727
2151.2362614 6728
2048.5695212 6729
1977.67799207 6730
1935.56238259 6731
1914.51493687 6732
1906.8110963 6733
1904.94709119 6734
1902.70096393 6735
1894.28448755 6736
1873.8985822 6737
1836.25094793 6738
1780.50741553 6739
1708.10936391 6740
1620.51899297 6741
1519.59817553 6742
1412.82294874 6743
1311.83387516 6744
1228.39396794 6745
1173.81908626 6746
1147.35105858 6747
1135.37606205 6748
1123.63186215 6749
1097.94712095 6750
1051.06906373 6751
986.332434871 6752
907.970579369 6753
820.239534365 6754
730.141238193 6755
650.77383334 6756
596.080894254 6757
580.032639459 6758
608.824171202 6759
662.882841728 6760
717.278997419 6761
747.032275878 6762
733.965158832 6763
693.885203255 6764
653.168067314 6765
638.24666323 6766
670.947217543 6767
737.779783943 6768
809.015012006 6769
854.777954206 6770
847.665472672 6771
790.692399845 6772
707.032951635 6773
620.268695521 6774
553.349765081 6775
515.164361909 6776
501.305070814 6777
506.835064245 6778
526.766530775 6779
554.40473018 6780
580.763841998 6781
596.679643472 6782
593.037765602 6783
568.739335428 6784
538.124845873 6785
517.316104356 6786
522.459320541 6787
561.814096324 6788
621.530763757 6789
683.8964644 6790
731.160129389 6791
749.648305689 6792
742.696168746 6793
718.055974296 6794
683.495861796 6795
646.255160031 6796
610.205990611 6797
577.934477395 6798
552.029771968 6799
534.68921192 6800
524.345715184 6801
517.346020062 6802
510.007579435 6803
498.918363988 6804
484.950537934 6805
472.344388575 6806
465.439552266 6807
468.456930029 6808
482.087799387 6809
503.123932797 6810
528.148740914 6811
553.749553105 6812
577.153939939 6813
596.591733412 6814
610.375335481 6815
616.825111552 6816
616.505616257 6817
614.962009439 6818
618.41950105 6819
633.115175025 6820
660.77422585 6821
688.597676719 6822
700.84860401 6823
681.755607361 6824
621.471352174 6825
538.22453182 6826
458.557013403 6827
409.070295138 6828
411.561868764 6829
453.829093276 6830
509.08704116 6831
550.437607106 6832
553.594630244 6833
522.812000696 6834
479.700358516 6835
446.160881307 6836
442.997890328 6837
471.097083735 6838
514.38472775 6839
556.212839807 6840
580.319420112 6841
583.780210753 6842
579.451926197 6843
581.129584125 6844
602.520559789 6845
648.915690334 6846
711.675508641 6847
780.837390385 6848
846.4245692 6849
900.59092205 6850
940.487270373 6851
963.971641135 6852
968.897165799 6853
954.969045096 6854
928.089362061 6855
895.466499622 6856
864.323997834 6857
840.07108871 6858
819.222771125 6859
795.582980519 6860
762.940695229 6861
716.469240153 6862
661.269637659 6863
606.75961694 6864
562.396015684 6865
536.930185316 6866
531.333007788 6867
541.831717828 6868
564.577372677 6869
595.555980622 6870
628.033735658 6871
652.97431476 6872
661.250326139 6873
644.097202844 6874
604.477643031 6875
559.004372239 6876
525.093115557 6877
520.005743111 6878
548.41599019 6879
594.777574926 6880
641.690596524 6881
671.747675348 6882
674.161967742 6883
652.960779626 6884
614.184214842 6885
563.886519913 6886
508.539022651 6887
455.902143138 6888
414.004384913 6889
390.892209923 6890
392.530135345 6891
415.393705231 6892
453.263905287 6893
499.907787802 6894
549.029892435 6895
594.0058143 6896
628.069936076 6897
644.441024854 6898
637.449091246 6899
612.216947363 6900
579.902219891 6901
551.752493579 6902
538.335095006 6903
539.737265077 6904
547.984904362 6905
554.879816879 6906
552.514364651 6907
540.639278929 6908
527.015078274 6909
519.794541417 6910
527.016125205 6911
550.386967657 6912
582.600893568 6913
615.649350688 6914
641.525231445 6915
654.568574815 6916
653.715677048 6917
638.431895994 6918
608.18649706 6919
565.50916346 6920
521.209671135 6921
487.505201689 6922
476.64075154 6923
495.909867767 6924
533.666146306 6925
573.72614659 6926
599.870378312 6927
599.060408263 6928
575.585495885 6929
539.571375563 6930
501.170899347 6931
469.689450407 6932
447.711472187 6933
434.678030873 6934
430.010936318 6935
432.830712547 6936
438.825137598 6937
441.486975216 6938
434.259737814 6939
411.078763374 6940
374.86902552 6941
336.307437938 6942
306.346903017 6943
295.644107988 6944
305.117807161 6945
324.368258682 6946
342.339402302 6947
348.078831151 6948
338.403210427 6949
322.265314921 6950
309.689822051 6951
310.690369063 6952
329.763113518 6953
359.686742444 6954
391.730785486 6955
417.148208331 6956
430.07915788 6957
433.113670226 6958
430.379876536 6959
426.014954749 6960
423.268138824 6961
421.767380213 6962
420.222378915 6963
417.339755693 6964
412.040669933 6965
404.471514875 6966
395.210089913 6967
384.835973499 6968
373.668620616 6969
359.93141829 6970
340.835190146 6971
313.57856883 6972
276.075620629 6973
234.669025016 6974
201.176294493 6975
187.53262171 6976
204.902210646 6977
250.186414691 6978
307.927205941 6979
362.226464936 6980
397.496646003 6981
408.441290551 6982
401.61516163 6983
384.240969731 6984
363.516806505 6985
344.344386427 6986
328.108284245 6987
315.899145607 6988
308.804504628 6989
307.150790741 6990
309.704930151 6991
315.04065651 6992
321.729616163 6993
329.041950983 6994
338.188221724 6995
350.714343583 6996
368.169824601 6997
391.2353495 6998
417.290196641 6999
442.925364267 7000
464.724746989 7001
479.819541425 7002
488.229497856 7003
490.916287163 7004
488.843990069 7005
482.735039628 7006
471.54881577 7007
453.465751345 7008
426.65872641 7009
389.94475485 7010
348.783754525 7011
312.550077215 7012
290.68724826 7013
291.941248804 7014
314.222707474 7015
347.018483128 7016
379.572923254 7017
401.364902368 7018
407.966805479 7019
401.17828207 7020
383.083705103 7021
355.823431663 7022
323.681171579 7023
293.80441422 7024
273.5539732 7025
270.242532893 7026
285.678772632 7027
311.9679028 7028
340.212692661 7029
361.515094002 7030
371.659062058 7031
377.385163067 7032
387.008274933 7033
408.858544709 7034
446.394958563 7035
487.796364865 7036
518.236719171 7037
522.859737546 7038
491.691467314 7039
435.543740005 7040
370.756898943 7041
313.704732996 7042
278.103546066 7043
262.251631102 7044
258.944423468 7045
260.955777381 7046
261.888873531 7047
261.983553225 7048
264.628791136 7049
273.239395245 7050
290.697802309 7051
313.928832694 7052
336.144362233 7053
350.486489261 7054
350.550264825 7055
337.459001038 7056
318.444117606 7057
300.926955297 7058
292.166880208 7059
294.993921192 7060
307.590016808 7061
327.91425227 7062
353.860168606 7063
380.711031448 7064
400.213440268 7065
403.846420998 7066
383.168538453 7067
338.099568954 7068
283.262634073 7069
234.800244195 7070
208.858550253 7071
214.257369764 7072
242.911425056 7073
284.348689069 7074
328.076179174 7075
364.781172986 7076
388.776513285 7077
395.050759076 7078
378.581979526 7079
338.037369639 7080
287.034453434 7081
242.997255429 7082
223.386205164 7083
241.325168118 7084
286.429112968 7085
340.409189573 7086
384.932294633 7087
404.338975963 7088
402.551688451 7089
392.125997571 7090
385.681249303 7091
394.075529148 7092
410.481072093 7093
417.94062833 7094
399.341868518 7095
339.382342568 7096
248.437426104 7097
155.764464886 7098
91.1178401579 7099
82.9383851624 7100
131.425241145 7101
210.24074778 7102
291.965576313 7103
349.653103648 7104
373.526975816 7105
374.352616998 7106
364.124271522 7107
354.771387323 7108
352.988216666 7109
357.457846487 7110
366.184788853 7111
377.168864749 7112
388.365312792 7113
397.647351252 7114
402.874338926 7115
401.903075129 7116
393.629155068 7117
379.574537551 7118
361.67260839 7119
341.860832575 7120
321.325295759 7121
298.773960155 7122
272.403494591 7123
240.406636406 7124
203.260766385 7125
171.292838287 7126
157.501809247 7127
174.917834362 7128
232.134117245 7129
312.521621299 7130
390.555956944 7131
440.641570406 7132
440.973563855 7133
398.442229452 7134
332.947744514 7135
264.502683385 7136
211.769241689 7137
179.418795528 7138
164.036685322 7139
162.102036435 7140
170.206443708 7141
186.608048892 7142
210.78320487 7143
242.235239029 7144
280.275409121 7145
320.424739131 7146
354.707584525 7147
374.997253186 7148
373.434083946 7149
350.823217536 7150
317.982052985 7151
286.311498846 7152
267.115548102 7153
265.323805378 7154
276.600097135 7155
295.870227727 7156
318.038226414 7157
337.254063942 7158
346.301158611 7159
337.79934758 7160
304.377083283 7161
246.22972628 7162
181.064966892 7163
129.103941575 7164
110.61975387 7165
136.995172778 7166
193.228222499 7167
259.422381068 7168
315.622089042 7169
346.511301052 7170
354.517882941 7171
346.284747205 7172
328.475199946 7173
307.440291785 7174
287.931894406 7175
274.225025695 7176
270.608123392 7177
280.559541043 7178
302.38856986 7179
332.391585046 7180
366.848834749 7181
401.744807242 7182
430.730393045 7183
446.300524035 7184
440.916297936 7185
408.201642477 7186
354.654329449 7187
294.695588427 7188
242.910697364 7189
213.263794579 7190
209.880233896 7191
229.3789385 7192
268.179299266 7193
322.46752702 7194
383.860605902 7195
439.661796256 7196
476.961344873 7197
483.157022698 7198
456.529111763 7199
408.039564224 7200
349.403075585 7201
292.303761908 7202
244.770826984 7203
209.559165399 7204
189.026187191 7205
185.493732909 7206
197.228583506 7207
215.264666603 7208
229.855274421 7209
231.246817291 7210
216.553457587 7211
198.142398469 7212
190.476488934 7213
208.070143538 7214
257.109757045 7215
320.629535374 7216
377.620714705 7217
406.980092721 7218
394.871336299 7219
352.957747829 7220
298.499225579 7221
248.83545168 7222
218.437327293 7223
208.936181854 7224
218.443495755 7225
245.062239177 7226
285.477161147 7227
328.550489003 7228
360.402570746 7229
367.080705879 7230
337.235316312 7231
278.217628061 7232
205.444000143 7233
134.441153476 7234
79.8621539221 7235
47.8554816923 7236
40.0675025797 7237
58.1141335771 7238
102.794599921 7239
165.268726494 7240
230.409961701 7241
282.901811513 7242
308.170439826 7243
304.461891422 7244
280.199475901 7245
244.131006879 7246
205.071373115 7247
172.232982118 7248
155.215177738 7249
163.69040966 7250
206.870599113 7251
278.034277639 7252
351.817840491 7253
401.652251239 7254
401.309821891 7255
348.448352748 7256
274.60082621 7257
214.056204433 7258
201.047965772 7259
247.45067042 7260
326.55183755 7261
407.666877739 7262
459.985743206 7263
465.995145467 7264
436.199543559 7265
384.688450392 7266
325.64618724 7267
271.286174771 7268
228.629262372 7269
203.920075883 7270
203.449435498 7271
230.12152193 7272
276.080681009 7273
331.302921606 7274
385.687482619 7275
430.489744321 7276
462.440202869 7277
479.581352504 7278
479.938612174 7279
462.567313798 7280
431.517750287 7281
392.363398685 7282
350.724255393 7283
311.665329945 7284
276.743188647 7285
246.228102461 7286
220.39093659 7287
199.72378348 7288
186.323585672 7289
183.018642928 7290
192.666546805 7291
217.488347611 7292
253.631787512 7293
293.93088862 7294
331.121781156 7295
358.16853659 7296
371.411398691 7297
369.37696404 7298
350.613280829 7299
