730.094397502 3800
655.589719251 3801
535.098333333 3802
405.953862601 3803
305.351614017 3804
269.014319251 3805
302.666984674 3806
382.549816274 3807
483.74221413 3808
581.422577458 3809
657.221296757 3810
715.352894579 3811
764.999532207 3812
815.305007462 3813
874.62939796 3814
939.053627164 3815
994.655914216 3816
1027.28259512 3817
1022.85596734 3818
976.880094033 3819
912.090176484 3820
855.948886647 3821
835.788434607 3822
876.497877888 3823
974.283962898 3824
1106.10667989 3825
1248.67513671 3826
1378.84620227 3827
1481.90466652 3828
1562.40650529 3829
1627.5879573 3830
1684.64931956 3831
1740.60280569 3832
1800.99018016 3833
1870.53358336 3834
1953.92129956 3835
2055.74144447 3836
2172.65335789 3837
2286.55442549 3838
2377.81894182 3839
2426.93001834 3840
2417.94047003 3841
2360.39475559 3842
2275.10313493 3843
2182.81319932 3844
2103.98300626 3845
2049.12748386 3846
2013.79458129 3847
1992.31095022 3848
1979.03510645 3849
1968.67789038 3850
1957.81659629 3851
1943.70175776 3852
1923.60099558 3853
1894.85659547 3854
1856.83959608 3855
1811.40021313 3856
1760.53010744 3857
1706.20935033 3858
1651.50195062 3859
1604.37718241 3860
1574.13800572 3861
1570.03000427 3862
1600.90556899 3863
1667.91211996 3864
1764.5815907 3865
1884.1566768 3866
2019.92088392 3867
2163.85852915 3868
2303.30035928 3869
2424.62548344 3870
2514.29909097 3871
2559.64607537 3872
2560.36316941 3873
2525.9871684 3874
2466.27203292 3875
2390.91268492 3876
2310.86985833 3877
2240.67443345 3878
2195.38289544 3879
2189.95452145 3880
2236.70119372 3881
2318.55733403 3882
2399.83740729 3883
2444.78048129 3884
2417.99824664 3885
2309.78957754 3886
2165.24299638 3887
2036.25136795 3888
1974.37013564 3889
2023.15198267 3890
2160.55160852 3891
2331.63351948 3892
2481.56291858 3893
2556.26891433 3894
2533.32639893 3895
2443.40496439 3896
2322.09412831 3897
2204.75105686 3898
2122.31930094 3899
2078.73782231 3900
2067.34516739 3901
2081.4969695 3902
2114.56021213 3903
2158.63020794 3904
2204.09969072 3905
2241.30241341 3906
2260.63582226 3907
2256.63234123 3908
2243.65562199 3909
2241.98188477 3910
2271.75519631 3911
2351.98724527 3912
2476.29451676 3913
2611.75030367 3914
2724.37843758 3915
2780.42649521 3916
2759.11669106 3917
2686.84629815 3918
2600.68283428 3919
2537.45079014 3920
2531.62530554 3921
2582.3011064 3922
2659.55709963 3923
2732.79707812 3924
2771.64276118 3925
2760.40780029 3926
2724.03960737 3927
2694.35493467 3928
2702.96324148 3929
2778.16403988 3930
2912.10247904 3931
3073.83318349 3932
3232.22727295 3933
3356.42037184 3934
3426.78706825 3935
3447.39614302 3936
3425.32142994 3937
3367.59123404 3938
3282.7751163 3939
3192.56443174 3940
3125.03606731 3941
3108.13428662 3942
3169.20589934 3943
3306.07199129 3944
3468.51482903 3945
3602.1857176 3946
3653.08050772 3947
3579.00829536 3948
3407.74957797 3949
3193.09172852 3950
2988.53083582 3951
2846.36732991 3952
2787.26483933 3953
2792.30209484 3954
2840.15589335 3955
2909.63605797 3956
2983.63574458 3957
3062.87019114 3958
3153.01305479 3959
3259.70344981 3960
3388.11487681 3961
3534.02363542 3962
3684.16979905 3963
3825.00269442 3964
3943.05470345 3965
4027.58761957 3966
4076.68485771 3967
4090.24869233 3968
4068.18166892 3969
4011.20189883 3970
3931.54315413 3971
3849.89303064 3972
3787.01686088 3973
3763.51454176 3974
3785.25713897 3975
3822.26727323 3976
3839.35471626 3977
3801.53501947 3978
3679.58030656 3979
3498.13316267 3980
3311.78774469 3981
3175.15514702 3982
3142.15813539 3983
3229.35869459 3984
3385.40064465 3985
3551.97451466 3986
3671.10217214 3987
3694.57288124 3988
3638.90248959 3989
3547.44478751 3990
3463.40099464 3991
3429.10853872 3992
3459.03099339 3993
3529.55552575 3994
3614.43718684 3995
3687.57555838 3996
3728.01782365 3997
3739.44088073 3998
3732.99569981 3999
3719.77426129 4000
3710.55372934 4001
3709.8003482 4002
3715.48653877 4003
3725.29621648 4004
3736.925777 4005
3747.0344702 4006
3748.60097429 4007
3733.82606727 4008
3694.95076417 4009
3625.33623197 4010
3534.7223258 4011
3445.46693888 4012
3380.14505987 4013
3361.18648604 4014
3397.87172842 4015
3466.2451205 4016
3537.26696356 4017
3582.0426866 4018
3575.48036558 4019
3529.18124717 4020
3475.7196825 4021
3447.76225766 4022
3477.61203778 4023
3576.13915305 4024
3714.61676381 4025
3860.15111888 4026
3980.00632928 4027
4046.1543674 4028
4061.91246605 4029
4043.67128573 4030
4007.78846021 4031
3970.4166548 4032
3942.03922304 4033
3925.45477785 4034
3922.89962932 4035
3936.60040374 4036
3969.88675543 4037
4031.41679308 4038
4131.411961 4039
4280.04920735 4040
4486.76066914 4041
4744.60663839 4042
5030.2407113 4043
5319.69577196 4044
5589.10976858 4045
5818.34904293 4046
5999.61184006 4047
6127.71215948 4048
6197.48439202 4049
6204.66492475 4050
6157.4070219 4051
6072.9815936 4052
5968.80063704 4053
5862.17876134 4054
5762.98364399 4055
5663.41516448 4056
5553.1267162 4057
5421.81324489 4058
5261.03726949 4059
5079.06737915 4060
4893.0618205 4061
4720.19566016 4062
4577.4708168 4063
4473.37187761 4064
4401.88901585 4065
4355.61806825 4066
4327.18411776 4067
4310.34291865 4068
4305.65834207 4069
4316.27142609 4070
4345.31700025 4071
4395.69557279 4072
4462.53734189 4073
4531.41451267 4074
4587.36010242 4075
4615.46106187 4076
4606.2987127 4077
4573.48733726 4078
4536.66789745 4079
4515.41164312 4080
4528.30292928 4081
4576.53335912 4082
4645.84608745 4083
4721.49310678 4084
4788.77946873 4085
4835.6817426 4086
4857.84651509 4087
4852.31456434 4088
4816.13592441 4089
4747.4414095 4090
4656.67376694 4091
4562.10719852 4092
4482.0840395 4093
4434.82839748 4094
4430.04206844 4095
4460.2224727 4096
4515.81146738 4097
4587.28169843 4098
4665.17152954 4099
4740.31098845 4100
4803.67657522 4101
4846.27261272 4102
4859.32017598 4103
4843.34553455 4104
4812.15440218 4105
4780.53431751 4106
4763.22865144 4107
4770.68895975 4108
4792.2574025 4109
4810.78185356 4110
4809.15810717 4111
4770.8969687 4112
4692.97307749 4113
4586.00040881 4114
4461.17260466 4115
4329.65123878 4116
4202.24590933 4117
4088.66377284 4118
3998.36177343 4119
3940.77140714 4120
3924.8225181 4121
3952.97680795 4122
4023.06316829 4123
4132.81602075 4124
4279.96307181 4125
4459.13731304 4126
4657.93738773 4127
4863.01990512 4128
5061.07615981 4129
5240.29704212 4130
5401.22720142 4131
5550.57587691 4132
5695.08133 4133
5841.33856208 4134
5988.11202649 4135
6121.91464409 4136
6228.22119515 4137
6292.54076121 4138
6304.76796865 4139
6278.58159104 4140
6235.696591 4141
6197.78325893 4142
6185.82732925 4143
6203.52423315 4144
6235.69231104 4145
6266.22488075 4146
6279.05236647 4147
6262.12395505 4148
6217.76448672 4149
6151.52404174 4150
6068.93974706 4151
5975.73730107 4152
5880.58632333 4153
5794.38752254 4154
5728.07442725 4155
5692.54318726 4156
5694.48905141 4157
5730.57400203 4158
5795.99657449 4159
5885.96605869 4160
5996.21451884 4161
6127.02015005 4162
6281.0307422 4163
6460.90947264 4164
6669.20395786 4165
6900.90864446 4166
7138.77434261 4167
7364.46596973 4168
7559.68486161 4169
7709.99686931 4170
7822.51697415 4171
7911.86074264 4172
7992.62299815 4173
8079.04676377 4174
8176.30553444 4175
8279.51481723 4176
8383.27460448 4177
8482.19559139 4178
8574.78176852 4179
8673.67547448 4180
8794.71136303 4181
8953.6933706 4182
9164.80310259 4183
9418.74195707 4184
9688.3760885 4185
9946.17412598 4186
10164.7014247 4187
10329.5695322 4188
10457.3214735 4189
10568.9639413 4190
10685.4652764 4191
10825.6413307 4192
10989.9415066 4193
11169.4042203 4194
11355.0066237 4195
11537.7634391 4196
11710.0301464 4197
11866.2760405 4198
12001.1657736 4199
12109.3735215 4200
12185.7939906 4201
12226.4765935 4202
12227.863719 4203
12186.4037336 4204
12098.9672836 4205
11973.2426824 4206
11828.4540644 4207
11684.356609 4208
11560.6702128 4209
11475.3954663 4210
11440.695913 4211
11467.4654435 4212
11566.5792107 4213
11746.8392592 4214
11989.2804601 4215
12255.0479471 4216
12504.9170807 4217
12699.8230856 4218
12819.8558685 4219
12887.4534161 4220
12930.6975256 4221
12977.6233472 4222
13051.7707923 4223
13141.4733523 4224
13218.3749226 4225
13254.065865 4226
13220.5837049 4227
13110.3872981 4228
12945.6390798 4229
12750.8106082 4230
12550.3317959 4231
12362.8127199 4232
12178.6297088 4233
11979.5855846 4234
11747.5120843 4235
11465.6221265 4236
11146.5254336 4237
10831.2598591 4238
10561.9610013 4239
10380.6807492 4240
10307.0318283 4241
10292.2508729 4242
10274.6489717 4243
10192.6424814 4244
9991.12499494 4245
9688.36127904 4246
9349.47643178 4247
9040.24982325 4248
8826.03252746 4249
8733.55291534 4250
8714.54208344 4251
8712.17909654 4252
8669.74102558 4253
8540.10458077 4254
8340.19272684 4255
8113.28939365 4256
7902.68645658 4257
7750.73846506 4258
7667.99065889 4259
7624.76502738 4260
7588.84699475 4261
7528.07873294 4262
7419.10166896 4263
7274.60924181 4264
7116.54259348 4265
6966.80435139 4266
6846.72167097 4267
6768.57437601 4268
6737.14868482 4269
6756.99580704 4270
6832.63020344 4271
6956.44000346 4272
7089.96957138 4273
7189.99146195 4274
7213.35703026 4275
7123.43092706 4276
6942.43571368 4277
6724.04505564 4278
6522.13429649 4279
6389.99565226 4280
6348.33290877 4281
6365.36362278 4282
6404.59783419 4283
6429.61372108 4284
6411.55037851 4285
6362.00293432 4286
6306.10062342 4287
6268.93527969 4288
6274.62443025 4289
6324.28558175 4290
6395.13631309 4291
6463.32135536 4292
6505.03284604 4293
6503.71338373 4294
6466.29198742 4295
6404.44979028 4296
6329.84576116 4297
6253.77351263 4298
6183.32258024 4299
6122.76995482 4300
6076.33342032 4301
6048.20643419 4302
6040.49247885 4303
6051.10974428 4304
6077.47992531 4305
6117.03009711 4306
6166.64139076 4307
6219.42378296 4308
6266.91403648 4309
6300.66146435 4310
6312.44328279 4311
6301.82203528 4312
6278.21331803 4313
6251.64891988 4314
6232.13926247 4315
6226.67179056 4316
6230.04265022 4317
6233.97157787 4318
6230.19591434 4319
6210.92991934 4320
6175.78939741 4321
6130.35260486 4322
6080.35651577 4323
6031.51763219 4324
5987.04614246 4325
5944.07770003 4326
5898.84932318 4327
5847.60659196 4328
5787.26242468 4329
5720.34295153 4330
5652.20223048 4331
5588.20346546 4332
5533.64126116 4333
5490.67888803 4334
5456.78637359 4335
5429.05267597 4336
5404.57363295 4337
5381.35459446 4338
5361.82392792 4339
5349.75296855 4340
5348.90484636 4341
5363.11941311 4342
5398.02081411 4343
5460.91384297 4344
5559.15066463 4345
5700.07312293 4346
5898.98775193 4347
6194.09920685 4348
6627.608419 4349
7241.6076867 4350
8070.67777621 4351
9073.27473887 4352
10163.2793015 4353
11254.2190364 4354
12260.2733234 4355
13131.389487 4356
13879.213419 4357
14521.4980669 4358
15075.950708 4359
15551.142843 4360
15903.6904556 4361
16071.9178349 4362
15994.2969961 4363
15612.9186053 4364
14960.1126668 4365
14164.6136466 4366
13359.5427782 4367
12677.6451898 4368
12207.6368955 4369
11894.1867359 4370
11652.5519068 4371
11398.2272996 4372
11052.9177077 4373
10610.389073 4374
10111.9268473 4375
9599.54698427 4376
9114.99400819 4377
8681.62519541 4378
8287.23236918 4379
7915.55965263 4380
7550.39899754 4381
7179.85626071 4382
6819.59373638 4383
6496.14695072 4384
6235.99873667 4385
6064.72899525 4386
5981.79036376 4387
5955.87551308 4388
5953.99701437 4389
5943.26891148 4390
5899.50451662 4391
5830.0420757 4392
5749.38569408 4393
5671.99447171 4394
5611.37553709 4395
5568.67303241 4396
5536.13971995 4397
5505.85670383 4398
5469.96003555 4399
5425.63366782 4400
5380.69270626 4401
5344.27757896 4402
5325.49891193 4403
5331.77773326 4404
5358.80350122 4405
5397.24334563 4406
5437.77537827 4407
5471.2894303 4408
5495.32540858 4409
5515.8070496 4410
5539.17628161 4411
5571.85300313 4412
5617.30115854 4413
5667.4780094 4414
5711.55365381 4415
5738.73592399 4416
5738.8873191 4417
5711.01293034 4418
5661.07276505 4419
5595.18188431 4420
5519.44022808 4421
5441.23495483 4422
5370.84051145 4423
5318.88691373 4424
5295.96557063 4425
5309.93357297 4426
5348.55377814 4427
5390.58215253 4428
5414.80878751 4429
5400.54651323 4430
5344.95064285 4431
5268.55343206 4432
5193.40239815 4433
5141.46164285 4434
5129.87289722 4435
5156.43001352 4436
5214.03023 4437
5295.59738721 4438
5394.00896166 4439
5501.04926788 4440
5607.6560375 4441
5704.77815072 4442
5783.42014238 4443
5839.11601502 4444
5877.65035992 4445
5906.20282744 4446
5931.92412833 4447
5960.41567802 4448
5985.72017845 4449
5996.62011417 4450
5981.9158133 4451
5930.7531452 4452
5844.46964567 4453
5740.4814801 4454
5637.23964394 4455
5553.11896186 4456
5500.72958981 4457
5469.39471714 4458
5442.54945673 4459
5403.69898054 4460
5337.65858429 4461
5248.25322099 4462
5154.07531388 4463
5074.03009206 4464
5026.88779727 4465
5019.39280821 4466
5031.3127596 4467
5038.80925757 4468
5018.14888721 4469
4950.42784599 4470
4851.99594086 4471
4754.99066656 4472
4691.48379429 4473
4692.75484574 4474
4764.87709534 4475
4881.41006334 4476
5013.86655333 4477
5133.888616 4478
5218.9343815 4479
5269.09229623 4480
5290.02867919 4481
5287.38432061 4482
5266.77800882 4483
5233.84746947 4484
5194.23849532 4485
5153.5713635 4486
5117.42837579 4487
5089.24502155 4488
5067.85022544 4489
5051.47874959 4490
5038.37322818 4491
5027.18518203 4492
5019.38751855 4493
5017.65450487 4494
5024.6518324 4495
5042.8769943 4496
5069.45025424 4497
5094.89947012 4498
5109.39196444 4499
5103.14401178 4500
5069.82451923 4501
5015.75055526 4502
4950.13018589 4503
4882.12630463 4504
4820.37599641 4505
4767.10854049 4506
4720.02668792 4507
4676.74859644 4508
4634.91474068 4509
4593.66255665 4510
4555.12200111 4511
4521.77061709 4512
4496.07277948 4513
4480.362655 4514
4476.20821575 4515
4484.86963657 4516
4507.59978409 4517
4545.51375037 4518
4595.89346124 4519
4651.68227724 4520
4705.62522414 4521
4750.50574777 4522
4782.21492224 4523
4806.96646918 4524
4833.09963741 4525
4868.90956391 4526
4921.61141988 4527
4986.35364916 4528
5050.54948029 4529
5101.55042568 4530
5126.84738723 4531
5120.57264449 4532
5088.80040594 4533
5038.82817672 4534
4977.91414497 4535
4912.85511055 4536
4848.01644186 4537
4786.8939808 4538
4732.96273248 4539
4689.46444467 4540
4654.55541964 4541
4621.25177925 4542
4582.37850784 4543
4530.8065234 4544
4465.55541632 4545
4403.63561023 4546
4365.25343232 4547
4370.49787378 4548
4436.29041269 4549
4549.37026706 4550
4679.42625273 4551
4796.12500586 4552
4869.64275699 4553
4891.70996254 4554
4888.06391124 4555
4887.31211524 4556
4917.89237032 4557
5000.7756062 4558
5121.32235789 4559
5254.20965803 4560
5374.2634287 4561
5457.73042726 4562
5504.62991789 4563
5535.86444527 4564
5572.93041339 4565
5637.16072852 4566
5737.0708179 4567
5849.35374998 4568
5945.95159225 4569
5998.97848062 4570
5985.29462403 4571
5918.92165957 4572
5831.73471416 4573
5755.53042806 4574
5721.48289045 4575
5742.44812084 4576
5806.6976097 4577
5900.83521132 4578
6011.54804014 4579
6126.84587767 4580
6239.79561471 4581
6344.75988166 4582
6436.13661235 4583
6508.81789132 4584
6564.2637269 4585
6608.80120224 4586
6648.83353103 4587
6690.6746589 4588
6733.03076357 4589
6758.93727219 4590
6749.59258193 4591
6686.31893679 4592
6555.81562582 4593
6378.92660481 4594
6189.93603135 4595
6022.93956332 4596
5910.83833189 4597
5858.69936709 4598
5840.63779573 4599
5829.30412235 4600
5797.53298292 4601
5730.14390368 4602
5650.0484085 4603
5587.6346266 4604
5573.0862516 4605
5632.84687313 4606
5755.17394624 4607
5905.2901487 4608
6048.3243259 4609
6149.87422971 4610
6193.05918522 4611
6189.98709657 4612
6155.43000738 4613
6104.06017342 4614
6047.79501693 4615
5985.05894195 4616
5910.06350387 4617
5817.05835641 4618
5700.81926789 4619
5565.46089942 4620
5423.43646458 4621
5287.41272323 4622
5169.95980924 4623
5080.61211492 4624
5021.43280756 4625
4993.32568406 4626
4997.18710053 4627
5031.74897407 4628
5078.57941659 4629
5111.17277611 4630
5103.15979424 4631
5029.05489386 4632
4891.27381848 4633
4728.60015697 4634
4582.01467844 4635
4492.20456392 4636
4485.74368548 4637
4536.19250166 4638
4604.68144077 4639
4652.61966686 4640
4644.70885441 4641
4585.2695947 4642
4506.19244666 4643
4439.70888968 4644
4417.62921752 4645
4449.93406537 4646
4505.21074387 4647
4547.61179844 4648
4541.55241138 4649
4460.06926619 4650
4324.95494888 4651
4175.32846838 4652
4050.04520132 4653
3986.37723546 4654
3991.17275972 4655
4040.91358281 4656
4110.9209734 4657
4176.70868814 4658
4222.75848284 4659
4258.31104869 4660
4296.82720834 4661
4351.66740498 4662
4434.03867381 4663
4536.68263658 4664
4642.71536296 4665
4735.29228116 4666
4797.92032122 4667
4825.13395082 4668
4827.0563822 4669
4814.92813696 4670
4799.90489468 4671
4791.86627044 4672
4795.67037058 4673
4814.85251337 4674
4852.9214593 4675
4912.60769305 4676
4985.84924326 4677
5056.58397121 4678
5108.6777164 4679
5126.18946244 4680
5103.0885328 4681
5053.19876303 4682
4992.6302602 4683
4937.37000251 4684
4900.96424916 4685
4882.65439006 4686
4876.31156284 4687
4875.84320852 4688
4875.36575867 4689
4873.05756687 4690
4871.28852242 4691
4872.60582476 4692
4879.53386565 4693
4891.90704261 4694
4901.85589623 4695
4900.19112042 4696
4877.79488182 4697
4827.522759 4698
4759.61216522 4699
4693.48262092 4700
4648.4891441 4701
4643.48090564 4702
4679.75605232 4703
4733.62619867 4704
4779.65716372 4705
4792.61534725 4706
4755.01618174 4707
4680.69271392 4708
4591.41783231 4709
4508.79320538 4710
4453.20194551 4711
4430.17031939 4712
4434.35042913 4713
4460.18358485 4714
4502.17971628 4715
4558.22594408 4716
4632.80959038 4717
4731.15299118 4718
4858.43685525 4719
5017.26543601 4720
5195.3151896 4721
5374.92786984 4722
5538.57864964 4723
5669.42416967 4724
5763.19244547 4725
5828.05749396 4726
5872.66681026 4727
5905.59550159 4728
5932.15962249 4729
5948.95394626 4730
5951.13885192 4731
5933.91311988 4732
5893.49479698 4733
5834.38938414 4734
5765.20837884 4735
5694.52582544 4736
5630.77782621 4737
5579.51911957 4738
5542.50776025 4739
5521.2255211 4740
5517.14222522 4741
5527.49565128 4742
5533.65851122 4743
5513.41571092 4744
5444.73311222 4745
5308.29906128 4746
5116.24232942 4747
4901.61885371 4748
4697.6075551 4749
4536.91612473 4750
4433.90890508 4751
4370.7252003 4752
4326.34603072 4753
4279.92189024 4754
4215.47049414 4755
4141.45510231 4756
4074.1145477 4757
4029.5594314 4758
4022.93600351 4759
4053.75731904 4760
4107.82584945 4761
4170.58500416 4762
4227.6228787 4763
4271.68255914 4764
4312.19621439 4765
4360.91971476 4766
4429.51314647 4767
4527.71908658 4768
4652.29872203 4769
4794.46575961 4770
4945.48456066 4771
5096.63615801 4772
5237.68540344 4773
5356.65495391 4774
5441.56329983 4775
5480.53282548 4776
5468.7424967 4777
5423.26812797 4778
5365.32592884 4779
5315.95900189 4780
5294.33811325 4781
5302.8556883 4782
5334.48421657 4783
5382.14665323 4784
5438.87909805 4785
5500.74825486 4786
5568.24714117 4787
5642.2198038 4788
5723.50346242 4789
5810.88787261 4790
5894.67505764 4791
5963.03345992 4792
6004.22760363 4793
6007.57815568 4794
5975.67791952 4795
5920.67283733 4796
5854.82603626 4797
5790.26805173 4798
5735.42110663 4799
5691.7965627 4800
5660.13120909 4801
5641.15521553 4802
5635.42391681 4803
5642.56274674 4804
5661.88638712 4805
5692.71280504 4806
5734.17752261 4807
5781.68652497 4808
5827.26353205 4809
5862.86994635 4810
5880.5491554 4811
5877.56171616 4812
5863.66108204 4813
5850.37134511 4814
5849.12279979 4815
5869.26846969 4816
5905.86690773 4817
5947.81749075 4818
5984.08458911 4819
6004.03936399 4820
6006.62646118 4821
6001.64598217 4822
5999.41271489 4823
6010.15570473 4824
6037.872444 4825
6067.60317895 4826
6080.8770871 4827
6059.37134058 4828
5987.99871077 4829
5880.79728289 4830
5767.56561799 4831
5678.0286635 4832
5641.16930684 4833
5661.64691319 4834
5709.99910417 4835
5754.41194294 4836
5763.32350447 4837
5715.13890945 4838
5626.2991788 4839
5522.33584009 4840
5428.58116843 4841
5368.14901672 4842
5338.98480545 4843
5322.18433505 4844
5298.67361611 4845
5249.67010406 4846
5168.39044792 4847
5068.66566894 4848
4966.27023344 4849
4876.857827 4850
4812.37515636 4851
4767.1474027 4852
4730.19453017 4853
4690.61963511 4854
4638.44158707 4855
4577.4631517 4856
4522.67599733 4857
4489.28781915 4858
4492.31900392 4859
4534.52712311 4860
4592.94482525 4861
4641.50719356 4862
4654.3470359 4863
4611.19732627 4864
4524.7133129 4865
4419.73858071 4866
4320.95134964 4867
4252.18270411 4868
4222.34130793 4869
4225.78449811 4870
4256.30073758 4871
4307.73036206 4872
4376.16494358 4873
4463.38414913 4874
4572.048251 4875
4704.79864384 4876
4862.91914238 4877
5037.66319878 4878
5215.80993633 4879
5384.21236649 4880
5530.08449355 4881
5648.8542991 4882
5745.45336965 4883
5825.31099694 4884
5893.81637511 4885
5954.30995482 4886
6003.91218621 4887
6038.57210002 4888
6054.26846366 4889
6047.77698881 4890
6022.96440598 4891
5987.47915312 4892
5948.95213461 4893
5914.84876837 4894
5887.73724779 4895
5863.5399928 4896
5837.72915228 4897
5805.80798591 4898
5764.36115164 4899
5713.8572568 4900
5655.64942042 4901
5591.081928 4902
5521.93669496 4903
5455.01750839 4904
5400.25420455 4905
5367.55766849 4906
5366.64686635 4907
5399.12209981 4908
5453.74242353 4909
5518.20004076 4910
5580.27023016 4911
5630.36558174 4912
5670.10140264 4913
5704.11166271 4914
5737.00165656 4915
5772.5616848 4916
5803.76807108 4917
5815.78512938 4918
5793.69568108 4919
5722.79885125 4920
5600.18217965 4921
5444.4342291 4922
5276.32581445 4923
5116.49183671 4924
4982.64426395 4925
4878.20479955 4926
4802.0851482 4927
4753.20211035 4928
4730.22107686 4929
4727.47293556 4930
4735.71342808 4931
4745.64748752 4932
4748.06746131 4933
4738.30296592 4934
4721.10908225 4935
4702.39515707 4936
4688.03298575 4937
4682.28402384 4938
4680.13821903 4939
4673.25155082 4940
4653.325846 4941
4612.53017963 4942
4551.60435622 4943
4479.25698362 4944
4404.45007358 4945
4336.08937412 4946
4282.26019434 4947
4249.17825044 4948
4242.757448 4949
4268.87841822 4950
4331.22848983 4951
4418.97196827 4952
4515.36818872 4953
4603.75622424 4954
4668.07267229 4955
4704.85495177 4956
4723.70342108 4957
4734.77506151 4958
4748.16144511 4959
4769.55006085 4960
4793.01348507 4961
4810.74895141 4962
4814.99609988 4963
4799.16954258 4964
4765.29753361 4965
4719.32665992 4966
4667.19149081 4967
4614.8571902 4968
4570.12926884 4969
4542.92508815 4970
4543.22770337 4971
4580.9656177 4972
4658.95794196 4973
4759.16608986 4974
4859.81426813 4975
4939.239575 4976
4978.93990579 4977
4986.41413469 4978
4982.19114219 4979
4986.79355838 4980
5020.19252647 4981
5086.07626575 4982
5167.84798591 4983
5247.71244411 4984
5307.96292752 4985
5338.03882242 4986
5350.34744772 4987
5361.87582115 4988
5389.52967605 4989
5447.31814217 4990
5522.65908308 4991
5588.4745093 4992
5617.66279796 4993
5583.8256757 4994
5485.40642653 4995
5354.28986527 4996
5224.58669486 4997
5130.25306891 4998
5095.29380968 4999
5109.07104765 5000
5153.39115425 5001
5210.14225306 5002
5262.13376438 5003
5300.91726168 5004
5323.17634869 5005
5325.67285816 5006
5305.27660757 5007
5263.61929848 5008
5209.1853479 5009
5150.95914747 5010
5097.88828806 5011
5057.26406559 5012
5030.2422775 5013
5016.5323724 5014
5015.84694663 5015
5027.67787533 5016
5049.05645479 5017
5075.4882892 5018
5102.47499921 5019
5125.62170436 5020
5145.56068515 5021
5170.56001904 5022
5209.49636315 5023
5271.2159827 5024
5358.40516618 5025
5449.25564107 5026
5515.92270399 5027
5530.66078771 5028
5469.46131586 5029
5351.54875212 5030
5224.31241025 5031
5135.46553155 5032
5132.06289462 5033
5228.77736812 5034
5388.93215862 5035
5571.3993765 5036
5735.18652689 5037
5850.25969618 5038
5931.90582004 5039
6007.16941816 5040
6103.00950297 5041
6243.17884206 5042
6412.52240475 5043
6569.62407228 5044
6672.69408899 5045
6680.51170184 5046
6583.50620352 5047
6423.99588768 5048
6249.00072802 5049
6105.40807526 5050
6028.81867065 5051
6006.68154511 5052
6013.54487994 5053
6024.02629866 5054
6013.92807358 5055
5973.48673465 5056
5902.93789481 5057
5802.72001455 5058
5673.36119468 5059
5522.43966492 5060
5369.34055681 5061
5234.53237146 5062
5138.43137171 5063
5096.59279701 5064
5103.36846892 5065
5147.3120789 5066
5217.00580896 5067
5300.92206047 5068
5385.75720248 5069
5456.96919977 5070
5500.02241799 5071
5500.56683128 5072
5456.359703 5073
5385.60795561 5074
5308.46242778 5075
5245.02801975 5076
5209.6275886 5077
5191.14206305 5078
5171.45413971 5079
5132.47895215 5080
5057.68012999 5081
4950.39639076 5082
4827.92749084 5083
4707.83581555 5084
4607.53230913 5085
4535.53538476 5086
4485.34544538 5087
4449.02785343 5088
4418.66086348 5089
4387.6638452 5090
4355.29748225 5091
4322.42110375 5092
4289.8941473 5093
4258.53831807 5094
4228.70350573 5095
4200.4118951 5096
4173.67860592 5097
4148.56157026 5098
4128.28615905 5099
4121.35034891 5100
4136.74016901 5101
4183.4334631 5102
4266.73270521 5103
4376.14962973 5104
4496.95703422 5105
4614.4469794 5106
4714.84860292 5107
4796.0304503 5108
4863.80835502 5109
4924.14906672 5110
4983.01892 5111
5046.94506086 5112
5123.37201396 5113
5219.81939809 5114
5343.80387275 5115
5497.99203968 5116
5664.82629806 5117
5821.48970778 5118
5945.17972079 5119
6015.09893532 5120
6034.38597588 5121
6021.99395716 5122
5997.14471715 5123
5978.83525874 5124
5972.99841576 5125
5965.08211886 5126
5938.74761233 5127
5877.66823701 5128
5772.63458081 5129
5642.83285615 5130
5514.51831072 5131
5413.93779545 5132
5364.75347092 5133
5361.46523746 5134
5380.12595706 5135
5396.50836986 5136
5386.6559276 5137
5341.08513323 5138
5271.96310578 5139
5193.22681764 5140
5118.81236554 5141
5059.97820411 5142
5017.9173295 5143
4991.45884463 5144
4979.43047188 5145
4980.77755435 5146
4995.679334 5147
5025.05162203 5148
5069.82260549 5149
5130.82978882 5150
5204.66932709 5151
5281.9521006 5152
5352.83461392 5153
5407.47185828 5154
5438.99261031 5155
5450.98200245 5156
5449.32464915 5157
5439.90428412 5158
5428.43039424 5159
5418.90245851 5160
5414.36744784 5161
5417.85831824 5162
5432.30104961 5163
5456.12309376 5164
5481.82942345 5165
5501.52020763 5166
5507.29109329 5167
5494.13621055 5168
5466.42911135 5169
5430.44086004 5170
5392.44380532 5171
5358.44453126 5172
5332.08930912 5173
5315.80404528 5174
5312.00511942 5175
5322.9880152 5176
5346.93639259 5177
5377.04646194 5178
5406.20677362 5179
5427.30562341 5180
5436.46441707 5181
5439.32865363 5182
5443.28799624 5183
5455.74004747 5184
5482.80031524 5185
5520.52457147 5186
5560.2250121 5187
5593.18023092 5188
5610.81917243 5189
5609.06801996 5190
5588.8402303 5191
5551.31006976 5192
5497.65610997 5193
5430.76953788 5194
5358.08559211 5195
5287.79090884 5196
5228.08258542 5197
5186.19374383 5198
5162.61705598 5199
5154.98438852 5200
5160.91496913 5201
5177.85204685 5202
5199.23243617 5203
5214.47802394 5204
5212.82322243 5205
5183.51827653 5206
5124.28001357 5207
5052.79011876 5208
4989.62718877 5209
4955.39746268 5210
4966.43776147 5211
5012.93605957 5212
5075.21320728 5213
5133.54381217 5214
5168.93667192 5215
5176.78428248 5216
5165.3520028 5217
5143.36852967 5218
5119.56862964 5219
5101.51313187 5220
5094.29873516 5221
5102.7241199 5222
5131.59451685 5223
5183.6658978 5224
5250.84194153 5225
5321.43986244 5226
5383.75616873 5227
5426.734141 5228
5449.61167575 5229
5459.7598258 5230
5464.78114568 5231
5472.23260313 5232
5483.98993359 5233
5491.59034281 5234
5485.46170401 5235
5456.01470417 5236
5396.8127831 5237
5315.79252733 5238
5224.98216709 5239
5136.43204411 5240
5061.51626979 5241
5002.76326612 5242
4956.59991324 5243
4919.32483846 5244
4887.24431714 5245
4857.39012275 5246
4827.94684381 5247
4797.19479879 5248
4763.41279901 5249
4726.52890842 5250
4692.82710883 5251
4670.134285 5252
4666.29054954 5253
4688.68807495 5254
4739.92463768 5255
4819.75760894 5256
4927.90752928 5257
5063.8862298 5258
5218.32065088 5259
5369.81544136 5260
5496.08057183 5261
5574.78432965 5262
5592.58745346 5263
5565.25969056 5264
5514.46199545 5265
5461.90091377 5266
5427.13134287 5267
5411.25093317 5268
5406.08450259 5269
5403.36817337 5270
5395.10195484 5271
5381.62822785 5272
5372.88229493 5273
5379.34805019 5274
5411.51634682 5275
5472.21074454 5276
5543.66422232 5277
5604.6603946 5278
5633.93950353 5279
5613.98507034 5280
5553.16603681 5281
5470.72130178 5282
5385.9655116 5283
5317.61835995 5284
5270.66210031 5285
5236.80708189 5286
5207.20777868 5287
5173.0237807 5288
5131.03838965 5289
5090.50215394 5290
5062.3552835 5291
5057.56590643 5292
5085.29026608 5293
5144.60157416 5294
5231.10930177 5295
5340.41027553 5296
5468.01319028 5297
5608.13343987 5298
5753.9450685 5299
5898.57994439 5300
6035.15562511 5301
6157.1648045 5302
6258.78857544 5303
6334.26721484 5304
6377.82875985 5305
6386.41617716 5306
6369.00358966 5307
6337.90119171 5308
6305.45053732 5309
6283.66160566 5310
6280.26681862 5311
6300.18237111 5312
6348.28672465 5313
6429.33063958 5314
6540.74063434 5315
6669.12725475 5316
6800.20460009 5317
6919.65080585 5318
7016.98807485 5319
7095.29336773 5320
7160.61993192 5321
7219.03666644 5322
7276.74002516 5323
7340.96861775 5324
7419.52540166 5325
7520.2367447 5326
7650.90725266 5327
7818.05384771 5328
8026.64358326 5329
8281.56818701 5330
8587.72953574 5331
8949.99344327 5332
9373.10478758 5333
9861.79878138 5334
10420.821533 5335
11058.9682833 5336
11812.9155356 5337
12731.1822258 5338
13862.4468807 5339
15251.2338996 5340
16851.5112289 5341
18530.4804136 5342
20151.5457606 5343
21578.152591 5344
22738.1926666 5345
23698.737228 5346
24545.0889195 5347
25362.7645328 5348
26224.3016066 5349
27133.0719885 5350
28069.6985934 5351
29014.7634303 5352
29952.6304701 5353
30923.6428384 5354
32010.6105521 5355
33297.6086496 5356
34867.7963251 5357
36721.7660607 5358
38721.1195265 5359
40713.829415 5360
42547.5008197 5361
44093.4669274 5362
45318.5865261 5363
46213.4843655 5364
46768.7526646 5365
46981.8325014 5366
46921.1012089 5367
46696.9024062 5368
46420.4236694 5369
46201.5340897 5370
46089.2332245 5371
46052.9698482 5372
46056.7724837 5373
46064.5954284 5374
46050.3893547 5375
46018.1852968 5376
45977.6269509 5377
45938.3758321 5378
45905.8559533 5379
45853.8480396 5380
45741.8092667 5381
45529.0158849 5382
45176.0922931 5383
44677.0727898 5384
44059.6294032 5385
43353.0024315 5386
42586.4615748 5387
41781.0735181 5388
40939.4593138 5389
40061.7111747 5390
39147.9539986 5391
38200.9454598 5392
37237.8455992 5393
36280.6974913 5394
35351.6029395 5395
34470.6637409 5396
33627.6076372 5397
32788.8228809 5398
31920.0344066 5399
30987.1609643 5400
29977.0654656 5401
28911.7831853 5402
27816.7723195 5403
26717.5452347 5404
25634.0788274 5405
24564.4897147 5406
23501.5185524 5407
22437.8801546 5408
21368.6354001 5409
20312.2105316 5410
19300.5123594 5411
18365.6833751 5412
17539.301439 5413
16830.2637954 5414
16218.9781554 5415
15683.9974967 5416
15203.8330845 5417
14759.4900043 5418
14339.1034879 5419
13932.0391221 5420
13527.6385101 5421
13116.1635706 5422
12694.3629114 5423
12261.7258345 5424
11817.7458746 5425
11362.051653 5426
10897.0951929 5427
10427.959943 5428
9959.8420398 5429
9497.95767276 5430
9048.31109895 5431
8618.5106949 5432
8216.3740046 5433
7849.73651036 5434
7525.47831508 5435
7245.80993235 5436
7011.54399261 5437
6823.48894113 5438
6682.36469736 5439
6587.72015294 5440
6538.30329179 5441
6532.84571772 5442
6569.94319928 5443
6641.38617883 5444
6728.91309414 5445
6813.41839291 5446
6875.75781824 5447
6920.34358108 5448
7030.45893159 5449
7306.02450618 5450
7847.17001211 5451
8739.66341483 5452
9949.7337945 5453
11384.7956948 5454
12951.6597942 5455
14558.2043089 5456
16144.5738915 5457
17685.3014642 5458
19156.5224663 5459
20534.2340873 5460
21768.84469 5461
22751.1759324 5462
23363.3903873 5463
23487.4013379 5464
23039.0847325 5465
22122.5442969 5466
20906.6370189 5467
19560.6212765 5468
18248.8416861 5469
17058.6154729 5470
16018.5624974 5471
15155.89393 5472
14497.4168024 5473
14038.9524459 5474
13725.6771223 5475
13497.993974 5476
13296.1810513 5477
13069.3759147 5478
12799.8851334 5479
12477.6859041 5480
12092.7375547 5481
11636.8623004 5482
11118.9607477 5483
10557.0769778 5484
9969.37281617 5485
9374.04901797 5486
8789.38876017 5487
8233.76913874 5488
7725.60126723 5489
7283.31268807 5490
6917.60542317 5491
6619.86623011 5492
6378.50446231 5493
6181.90887561 5494
6018.60020002 5495
5877.99723559 5496
5749.83425751 5497
5623.824526 5498
5490.51447604 5499
5353.85740377 5500
5228.5145991 5501
5129.4718407 5502
5071.57172242 5503
5056.62710322 5504
5064.333252 5505
5072.20913915 5506
5057.73239637 5507
5006.02061436 5508
4931.5333946 5509
4855.77433393 5510
4800.287651 5511
4783.81485131 5512
4798.63593332 5513
4822.56794576 5514
4833.24545115 5515
4808.86362877 5516
4745.6742862 5517
4660.81438933 5518
4572.61256459 5519
4499.41419774 5520
4454.8582576 5521
4440.78186624 5522
4457.20994091 5523
4504.16814325 5524
4580.21075162 5525
4675.35284216 5526
4776.52439776 5527
4870.6253276 5528
4945.0425896 5529
4994.91846606 5530
5021.48850824 5531
5026.15597394 5532
5010.36315473 5533
4978.29992941 5534
4938.67437663 5535
4900.63112547 5536
4873.32664679 5537
4865.11303002 5538
4881.33417001 5539
4926.6470554 5540
5005.71679692 5541
5121.73035171 5542
5264.78374304 5543
5418.14544155 5544
5565.00000564 5545
5688.77477824 5546
5780.19548137 5547
5837.99707106 5548
5861.31953873 5549
5849.3130745 5550
5803.81889148 5551
5732.97556788 5552
5645.82912614 5553
5551.43980131 5554
5458.63033726 5555
5374.88858501 5556
5307.26838884 5557
5262.83031896 5558
5248.06086757 5559
5261.46672109 5560
5295.76965246 5561
5343.55086681 5562
5397.36999658 5563
5449.16830589 5564
5489.95524978 5565
5510.6539011 5566
5502.17451932 5567
5459.59615606 5568
5391.76156466 5569
5310.35513324 5570
5227.07761481 5571
5152.42136421 5572
5087.43752367 5573
5028.77684102 5574
4973.06105131 5575
4916.9989159 5576
4859.29652143 5577
4800.61746583 5578
4741.70932482 5579
4683.3259081 5580
4627.29776162 5581
4577.65837376 5582
4538.71554355 5583
4514.78485322 5584
4508.22072773 5585
4512.35920468 5586
4517.93944945 5587
4515.68714053 5588
4497.65256642 5589
4470.84077556 5590
4451.64877324 5591
4456.64126638 5592
4501.97011138 5593
4587.15696706 5594
4690.14826442 5595
4787.42836942 5596
4855.46368088 5597
4879.43370656 5598
4868.60667849 5599
4836.38608735 5600
4796.18925366 5601
4760.88593267 5602
4739.79469907 5603
4740.85945054 5604
4772.03073245 5605
4840.20105884 5606
4934.66163271 5607
5030.24131338 5608
5101.31377513 5609
5122.45410783 5610
5085.85153564 5611
5013.41994231 5612
4929.96098881 5613
4860.30215497 5614
4822.9947575 5615
4813.4387089 5616
4821.71065055 5617
4837.87585161 5618
4852.91201509 5619
4865.69320105 5620
4879.11213452 5621
4896.0961555 5622
4919.32831344 5623
4945.30571747 5624
4964.03495013 5625
4965.20956545 5626
4938.5778981 5627
4886.66186035 5628
4839.7351651 5629
4831.74305223 5630
4896.6627791 5631
5058.16012701 5632
5290.1347025 5633
5551.50045109 5634
5801.1261983 5635
6001.20043818 5636
6152.82020431 5637
6282.17239683 5638
6415.88319422 5639
6579.98850838 5640
6775.96902844 5641
6973.09562532 5642
7138.42870426 5643
7239.01987486 5644
7256.6688928 5645
7213.80037949 5646
7139.78514405 5647
7064.02019939 5648
7012.30101279 5649
6987.99581513 5650
6985.90849603 5651
7000.822905 5652
7027.19972175 5653
7054.50850575 5654
7068.24130235 5655
7053.76680511 5656
6996.64461403 5657
6896.16300968 5658
6773.80704819 5659
6653.10190021 5660
6557.5940646 5661
6503.75474851 5662
6483.66460711 5663
6484.14840916 5664
6492.01847881 5665
6496.19094882 5666
6502.11118467 5667
6523.03017574 5668
6572.25218475 5669
6662.29287362 5670
6788.50318987 5671
6929.75195444 5672
7064.22327389 5673
7170.21263653 5674
7242.08413686 5675
7305.58857035 5676
7390.12948116 5677
7525.13286544 5678
7734.56703226 5679
8019.2639612 5680
8373.93864247 5681
8793.30307125 5682
9270.55437343 5683
9784.11486668 5684
10304.0532712 5685
10800.3182579 5686
11243.3618 5687
11618.9798672 5688
11930.3910142 5689
12181.7644329 5690
12377.2513558 5691
12515.9709034 5692
12585.3483434 5693
12571.1415556 5694
12459.1060066 5695
12242.0472441 5696
11948.6024756 5697
11618.7681776 5698
11292.5692982 5699
11007.4357653 5700
10769.22529 5701
10562.895138 5702
10373.0225338 5703
10184.2967492 5704
9986.44793079 5705
9775.85880407 5706
9549.36978167 5707
9303.82343251 5708
9040.65830754 5709
8773.78400986 5710
8519.21571542 5711
8292.97680131 5712
8107.95891105 5713
7958.37231742 5714
7831.54035453 5715
7714.76826225 5716
7595.71384293 5717
7467.23392845 5718
7326.1223502 5719
7169.26601682 5720
6993.6576979 5721
6802.24882119 5722
6606.93132836 5723
6420.33892497 5724
6255.11110901 5725
6119.29716662 5726
6006.66338293 5727
5908.20537718 5728
5814.91078348 5729
5719.80529104 5730
5629.89200813 5731
5558.03881788 5732
5517.14049846 5733
5519.09567112 5734
5558.47118104 5735
5615.16708978 5736
5668.6082884 5737
5698.39483805 5738
5697.9355059 5739
5683.77376665 5740
5674.66892873 5741
5689.39105464 5742
5739.85169519 5743
5813.9956294 5744
5894.53438174 5745
5964.16807561 5746
6007.9053435 5747
6028.59406569 5748
6037.37838276 5749
6045.45214767 5750
6063.68267955 5751
6096.14785076 5752
6140.62916134 5753
6194.66847568 5754
6255.86519671 5755
6327.72277117 5756
6424.55690096 5757
6561.84533445 5758
6755.07940217 5759
7012.3113756 5760
7313.0886976 5761
7630.11691361 5762
7936.08682579 5763
8206.02704522 5764
8434.88356917 5765
8627.62595468 5766
8789.30612436 5767
8924.82856718 5768
9035.74384052 5769
9120.26206638 5770
9176.44648682 5771
9202.33940663 5772
9193.58266109 5773
9141.11093673 5774
9035.30941266 5775
8866.5582524 5776
8635.39956365 5777
8384.09551476 5778
8165.61958577 5779
8032.97882667 5780
8032.54788376 5781
8150.15909893 5782
8339.30741021 5783
8553.15854136 5784
8745.91925923 5785
8898.41231451 5786
9019.31557158 5787
9118.62709679 5788
9206.30643584 5789
9285.70078206 5790
9346.53186922 5791
9376.83121184 5792
9364.62468388 5793
9300.08643638 5794
9182.64265241 5795
9014.21030864 5796
8796.71109844 5797
8534.16408674 5798
8250.59380161 5799
7981.11476015 5800
7760.98031789 5801
7624.17807648 5802
7570.83966409 5803
7564.6190394 5804
7567.34185438 5805
7540.92455591 5806
7465.64614892 5807
7360.65035773 5808
7250.02808242 5809
7157.88819738 5810
7101.12386633 5811
7064.89992536 5812
7025.66004459 5813
6959.8346201 5814
6846.82640162 5815
6695.02596918 5816
6529.13498887 5817
6374.05435076 5818
6254.06659909 5819
6176.5509494 5820
6130.46148928 5821
6103.81416243 5822
6084.63485554 5823
6063.82903882 5824
6038.41716708 5825
6006.20188542 5826
5964.98097824 5827
5913.67434187 5828
5856.11910651 5829
5797.50644181 5830
5743.02994121 5831
5697.72278833 5832
5665.05874169 5833
5647.64082058 5834
5648.06295379 5835
5668.80015484 5836
5709.17730406 5837
5765.11546819 5838
5832.37516989 5839
5906.69621365 5840
5982.22904935 5841
6049.80370622 5842
6099.8288075 5843
6122.70859641 5844
6114.02670876 5845
6091.58457077 5846
6079.14512405 5847
6100.48425982 5848
6176.36212021 5849
6299.36577954 5850
6446.76034704 5851
6595.6417545 5852
6723.68220621 5853
6823.12785027 5854
6901.43160998 5855
6966.75807167 5856
7027.29030353 5857
7092.49256921 5858
7174.4004159 5859
7285.36632527 5860
7437.74795284 5861
7638.65967036 5862
7873.79797162 5863
8123.38814261 5864
8367.64353003 5865
8590.62821068 5866
8810.27280652 5867
9062.07023069 5868
9381.68493025 5869
9803.80801173 5870
10340.8080566 5871
10982.9805871 5872
11719.6769985 5873
12540.1572495 5874
13424.2632999 5875
14334.0599555 5876
15229.6126165 5877
16070.9616801 5878
16821.1056157 5879
17454.3289259 5880
17947.5850525 5881
18277.8101161 5882
18422.5963162 5883
18364.923459 5884
18090.3573669 5885
17584.4696054 5886
16835.5670409 5887
15886.374835 5888
14829.6339387 5889
13760.0030966 5890
12771.9311294 5891
11936.0062886 5892
11281.2245503 5893
10832.4255472 5894
10614.4690603 5895
10641.149736 5896
10887.9687398 5897
11322.1300306 5898
11910.8253864 5899
12620.6127132 5900
13413.7304 5901
14250.5023167 5902
15091.2136892 5903
15897.5775919 5904
16656.0281831 5905
17373.728468 5906
18058.4768139 5907
18717.9773076 5908
19353.019116 5909
19953.5296359 5910
20508.484649 5911
21006.8483395 5912
21444.9368005 5913
21841.6297973 5914
22220.1421707 5915
22603.7204373 5916
23011.3561222 5917
23435.2490901 5918
23857.1529573 5919
24258.7806465 5920
24622.7398797 5921
24944.4997807 5922
25229.1526519 5923
25482.0194383 5924
25708.4704244 5925
25915.636472 5926
26113.1250372 5927
26310.7248993 5928
26518.208318 5929
26735.0256881 5930
26933.0232658 5931
27079.4590955 5932
27141.5717372 5933
27094.3472886 5934
26954.8814806 5935
26754.4949644 5936
26524.5532924 5937
26295.174545 5938
26081.6355502 5939
25889.5598635 5940
25724.4086902 5941
25591.2741101 5942
25482.6141255 5943
25375.6286855 5944
25246.5602695 5945
25071.7015925 5946
24837.8108881 5947
24555.5766306 5948
24239.0159159 5949
23902.1607493 5950
23560.2917813 5951
23234.3627807 5952
22946.9404308 5953
22720.6247193 5954
22574.1015199 5955
22488.6214579 5956
22424.6597063 5957
22342.4384107 5958
22203.4704537 5959
22001.6104927 5960
21763.9849004 5961
21519.2696023 5962
21296.0805385 5963
21112.0484949 5964
20963.8385587 5965
20845.7320542 5966
20752.017799 5967
20674.9009306 5968
20598.8627078 5969
20506.5639083 5970
20380.6546077 5971
20207.6305303 5972
20003.4372984 5973
19797.5975889 5974
19619.7288136 5975
19497.6338818 5976
19426.567468 5977
19373.8483466 5978
19305.865181 5979
19189.3913351 5980
19017.4672889 5981
18824.5196531 5982
18648.6523596 5983
18527.9983028 5984
18484.3940737 5985
18490.7301488 5986
18510.7000528 5987
18507.9735689 5988
18452.0828665 5989
18348.0388579 5990
18214.0216769 5991
18068.2584271 5992
17927.0770341 5993
17781.8742403 5994
17606.605164 5995
17374.842126 5996
17061.1719999 5997
16679.2902645 5998
16292.7499968 5999
15968.4163502 6000
15773.1002746 6001
15736.4197875 6002
15799.6703812 6003
15891.260606 6004
15939.5122238 6005
15889.5689972 6006
15765.0826185 6007
15612.5590696 6008
15478.5656108 6009
15404.1994762 6010
15377.781473 6011
15358.2424534 6012
15304.1485401 6013
15175.6680116 6014
14971.9168685 6015
14731.5596356 6016
14495.0635556 6017
14302.7492038 6018
14173.9889394 6019
14089.2981006 6020
14024.944684 6021
13957.1851481 6022
13869.4725726 6023
13770.8652638 6024
13676.0874315 6025
13599.8834889 6026
13553.1164834 6027
13519.2324329 6028
13469.9064166 6029
13376.7292948 6030
13213.564675 6031
12990.1770951 6032
12744.7203654 6033
12516.1708077 6034
12342.999101 6035
12236.9534273 6036
12171.7110272 6037
12117.9954069 6038
12046.5218537 6039
11940.1342111 6040
11813.8023893 6041
11687.7626587 6042
11582.2766127 6043
11512.638879 6044
11468.4553025 6045
11431.0718643 6046
11381.8030936 6047
11304.1955292 6048
11205.5871632 6049
11107.640671 6050
11032.2405095 6051
11000.4997358 6052
11012.3783659 6053
11044.9879805 6054
11074.2730905 6055
11076.2284427 6056
11037.5696961 6057
10965.9961622 6058
10871.6468673 6059
10764.6788432 6060
10654.4512652 6061
10547.3491516 6062
10449.0668363 6063
10365.3180365 6064
10301.1010934 6065
10256.2194342 6066
10228.1668587 6067
10214.4282852 6068
10212.1712023 6069
10213.5440488 6070
10206.6669601 6071
10179.5252769 6072
10120.3935821 6073
10032.3753729 6074
9939.83867001 6075
9868.82457882 6076
9845.39977984 6077
9885.99552134 6078
9981.78119357 6079
10119.8213708 6080
10287.1613481 6081
10470.4684742 6082
10654.5773897 6083
10823.736292 6084
10962.1599355 6085
11055.2079839 6086
11099.9332734 6087
11100.2241076 6088
11060.0526077 6089
10983.5667641 6090
10879.1071329 6091
10759.3523111 6092
10637.1988856 6093
10525.4845264 6094
10428.7219705 6095
10336.0449035 6096
10234.9080656 6097
10112.7454501 6098
9964.11264414 6099
9807.99186559 6100
9668.62830564 6101
9570.30744856 6102
9532.63924702 6103
9544.03109816 6104
9580.16896771 6105
9616.66422578 6106
9630.22036267 6107
9613.27475748 6108
9569.81318582 6109
9504.09292644 6110
9420.44120833 6111
9325.55593097 6112
9229.20134841 6113
9141.36159862 6114
9072.01784649 6115
9026.75621187 6116
9000.97055503 6117
8988.60952363 6118
8983.60878048 6119
8979.88361188 6120
8971.26983282 6121
8951.57485932 6122
8914.59869101 6123
8855.72123446 6124
8783.83241117 6125
8714.64859666 6126
8663.96524082 6127
8646.47063257 6128
8655.45482317 6129
8665.07507329 6130
8648.78323983 6131
8580.35365094 6132
8456.22990532 6133
8308.32301719 6134
8171.68296852 6135
8081.40180649 6136
8058.22982381 6137
8082.34161945 6138
8126.76298709 6139
8164.47939257 6140
8173.06837785 6141
8154.78375937 6142
8120.0792265 6143
8079.42819471 6144
8043.21657138 6145
8020.72295965 6146
8020.56685451 6147
8051.36989075 6148
8121.21988558 6149
8224.29036105 6150
8340.14367612 6151
8447.61302098 6152
8525.66107649 6153
8569.23459537 6154
8602.6237976 6155
8653.2870661 6156
8748.74211081 6157
8905.67756353 6158
9104.56800597 6159
9318.30415529 6160
9519.72301828 6161
9685.32684444 6162
9814.92441535 6163
9917.39705038 6164
10001.6626471 6165
10075.4775962 6166
10131.5751127 6167
10152.2844744 6168
10119.6989828 6169
10016.4965213 6170
9845.34692619 6171
9632.85415878 6172
9407.07116994 6173
9196.0299326 6174
9016.36795538 6175
8860.87323012 6176
8719.33470462 6177
8581.52346545 6178
8440.30462917 6179
8300.37395676 6180
8169.25899582 6181
8054.49817009 6182
7962.27465821 6183
7888.94134802 6184
7826.54731579 6185
7767.11301532 6186
7702.66580544 6187
7625.67256594 6188
7528.91719095 6189
7405.18784227 6190
7247.62203518 6191
7064.08065701 6192
6881.77169696 6193
6729.2613704 6194
6635.1033319 6195
6610.95339357 6196
6629.55424552 6197
6658.15663118 6198
6663.94383381 6199
6622.7246092 6200
6546.72408505 6201
6457.76118215 6202
6377.69863651 6203
6325.74262007 6204
6299.82300161 6205
6287.73102384 6206
6277.17637453 6207
6256.44974469 6208
6223.83015898 6209
6185.83042122 6210
6149.21762437 6211
6120.65510722 6212
6101.36578977 6213
6084.93403696 6214
6064.36174162 6215
6032.64915659 6216
5986.66198831 6217
5932.7349936 6218
5878.63317727 6219
5832.13605171 6220
5799.81965439 6221
5782.87207784 6222
5780.98150848 6223
5793.83897109 6224
5820.53974468 6225
5855.22465888 6226
5889.55740814 6227
5915.17225746 6228
5924.10341559 6229
5915.72001723 6230
5895.66274856 6231
5869.77567927 6232
5843.85025572 6233
5820.20047634 6234
5796.09355209 6235
5768.40155599 6236
5733.99953029 6237
5693.10065203 6238
5654.31796475 6239
5627.58104057 6240
5622.83377772 6241
5645.9076152 6242
5683.90447342 6243
5718.60100018 6244
5731.73568815 6245
5708.91353312 6246
5668.7490058 6247
5646.53109709 6248
5677.74090909 6249
5796.07487378 6250
6002.49936161 6251
6269.9111743 6252
6570.25178027 6253
6875.63270097 6254
7169.7575378 6255
7453.11022771 6256
7727.4934905 6257
7994.68252787 6258
8248.4341591 6259
8462.54975705 6260
8607.74407026 6261
8654.66885477 6262
8582.53719719 6263
8408.87001032 6264
8161.88963615 6265
7869.87304732 6266
7560.56256534 6267
7256.88760975 6268
6979.43183915 6269
6748.80424718 6270
6584.42569751 6271
6485.01435148 6272
6432.02293938 6273
6406.33727489 6274
6388.96496009 6275
6368.1334344 6276
6342.13938945 6277
6310.02271546 6278
6270.81997809 6279
6222.89367115 6280
6163.01119684 6281
6087.70587413 6282
5993.49888191 6283
5879.47069219 6284
5755.47974145 6285
5634.24418847 6286
5528.50303214 6287
5449.39203167 6288
5395.53325118 6289
5359.7507457 6290
5334.82300468 6291
5313.3457528 6292
5285.38596495 6293
5239.01171257 6294
5162.21844836 6295
5043.50012503 6296
4891.63833407 6297
4741.83380213 6298
4631.11946629 6299
4596.48010163 6300
4651.35419481 6301
4757.49676012 6302
4869.74038486 6303
4942.82866696 6304
4944.79612073 6305
4894.89610444 6306
4824.70460614 6307
4765.85905581 6308
4745.51183187 6309
4759.51914324 6310
4790.51069807 6311
4821.03517133 6312
4834.64842034 6313
4828.71945087 6314
4810.46987159 6315
4787.34189873 6316
4766.65022757 6317
4751.18307587 6318
4738.41152932 6319
4725.49840567 6320
4709.61484868 6321
4689.58635216 6322
4667.4732215 6323
4645.71797585 6324
4626.76714073 6325
4613.33619244 6326
4609.03933056 6327
4617.68373409 6328
4643.08633742 6329
4687.71215025 6330
4745.93505777 6331
4809.12198861 6332
4868.61764317 6333
4916.11343334 6334
4947.30194072 6335
4960.37564954 6336
4953.56236566 6337
4925.32011054 6338
4879.72750875 6339
4826.64513508 6340
4776.21372437 6341
4738.50845403 6342
4717.09686233 6343
4704.56041469 6344
4692.41234257 6345
4672.15326157 6346
4639.19612002 6347
4600.15607461 6348
4563.64438642 6349
4538.28655279 6350
4530.74845024 6351
4537.85327277 6352
4553.35712199 6353
4571.00007853 6354
4584.55546855 6355
4588.14389601 6356
4576.06793025 6357
4542.62183881 6358
4482.82121274 6359
4404.91142496 6360
4328.63833654 6361
4274.16705054 6362
4261.32844389 6363
4292.36554908 6364
4344.65586642 6365
4393.65590076 6366
4414.81918834 6367
4395.89500525 6368
4353.45360924 6369
4308.21165911 6370
4280.92592282 6371
4287.10705045 6372
4321.12238982 6373
4372.02424402 6374
4428.84511312 6375
4481.2512143 6376
4523.50723768 6377
4551.85292394 6378
4562.52568285 6379
4552.39352699 6380
4526.69475363 6381
4496.61834604 6382
4473.49846382 6383
4468.45437772 6384
4485.58460022 6385
4520.93375687 6386
4570.09618349 6387
4628.62285164 6388
4688.22333285 6389
4733.46164856 6390
4748.09197746 6391
4715.84565615 6392
4630.18376842 6393
4515.01702588 6394
4400.22677828 6395
4315.75227847 6396
4285.18142242 6397
4297.6216981 6398
4330.58474045 6399
4361.52732572 6400
4369.65487789 6401
4351.29465266 6402
4312.33288363 6403
4258.77294372 6404
4196.83818694 6405
4136.76872986 6406
4092.4343737 6407
4077.86119214 6408
4106.80866847 6409
4178.55552009 6410
4271.45090803 6411
4362.17349134 6412
4427.4001396 6413
4455.4437885 6414
4462.10480883 6415
4467.17455238 6416
4490.48127137 6417
4546.22211816 6418
4626.04655153 6419
4715.97463382 6420
4801.9984489 6421
4871.27988273 6422
4919.17443537 6423
4944.48099845 6424
4946.00500336 6425
4922.89524255 6426
4878.58900706 6427
4819.4688763 6428
4751.98503705 6429
4682.56761693 6430
4616.87115654 6431
4559.69530709 6432
4515.80780893 6433
4489.91124904 6434
4480.70281955 6435
4476.40568509 6436
4464.16903647 6437
4431.12881045 6438
4372.01738272 6439
4303.32929943 6440
4245.45436753 6441
4218.81808237 6442
4237.51058363 6443
4284.93951744 6444
4335.24251649 6445
4362.5083114 6446
4343.92215032 6447
4282.86825578 6448
4195.7785081 6449
4099.21442347 6450
4009.3241733 6451
3935.34669638 6452
3881.01453347 6453
3849.91162811 6454
3845.46096849 6455
3865.03111112 6456
3898.38813061 6457
3934.79943789 6458
3963.54646539 6459
3978.51785582 6460
3982.85313677 6461
3980.8010784 6462
3976.61787208 6463
3972.63033734 6464
3964.79992677 6465
3947.77492993 6466
3916.19412929 6467
3867.05468304 6468
3810.42799596 6469
3760.90246808 6470
3733.09389645 6471
3739.62150427 6472
3773.61676432 6473
3817.29388376 6474
3852.71629638 6475
3862.86302641 6476
3848.23940036 6477
3824.83265398 6478
3809.19268508 6479
3817.65450868 6480
3855.81194841 6481
3914.3732941 6482
3982.93986621 6483
4051.09613767 6484
4108.90748868 6485
4147.51414265 6486
4158.18666461 6487
4132.18001696 6488
4066.17906221 6489
3976.45535674 6490
3883.71785052 6491
3808.71051168 6492
3768.64634563 6493
3759.360374 6494
3768.72532832 6495
3784.5783587 6496
3795.4811829 6497
3797.75580711 6498
3792.34677323 6499
3780.26318896 6500
3762.50801176 6501
3739.93992372 6502
3713.28476363 6503
3683.26278634 6504
3650.6069693 6505
3616.49493068 6506
3582.75237365 6507
3551.25726242 6508
3523.89104466 6509
3502.1542942 6510
3486.67655148 6511
3477.96833752 6512
3476.53806824 6513
3482.52291213 6514
3494.65516325 6515
3511.34261586 6516
3530.98891827 6517
3551.48392488 6518
3567.56043172 6519
3572.74189576 6520
3560.53598028 6521
3525.61269743 6522
3475.10325522 6523
3423.68557508 6524
3386.16632651 6525
3376.71861436 6526
3396.00542136 6527
3432.00861223 6528
3472.19931321 6529
3504.17216425 6530
3522.65586058 6531
3532.68823968 6532
3540.12048758 6533
3550.79754634 6534
3567.54661541 6535
3586.34734191 6536
3602.23490801 6537
3610.23437811 6538
3608.05368318 6539
3603.192851 6540
3605.38991831 6541
3624.40016229 6542
3668.85264068 6543
3740.55831077 6544
3838.81067636 6545
3962.89540335 6546
4111.41128445 6547
4275.95933033 6548
4444.04901374 6549
4603.11245385 6550
4741.09560199 6551
4856.06601516 6552
4955.19344565 6553
5045.98601769 6554
5135.70898243 6555
5220.45533552 6556
5280.97971433 6557
5296.8929294 6558
5247.86822742 6559
5130.84092778 6560
4979.42561188 6561
4831.97976221 6562
4726.92502085 6563
4689.70706633 6564
4701.78665305 6565
4735.30687928 6566
4762.36433685 6567
4760.95515665 6568
4741.56218428 6569
4725.7431146 6570
4735.10333429 6571
4788.79046945 6572
4883.22192688 6573
5002.6205587 6574
5131.0650441 6575
5253.11152315 6576
5361.5913687 6577
5456.12679286 6578
5536.539015 6579
5602.44976923 6580
5646.48770217 6581
5652.58628022 6582
5604.10929926 6583
5484.55878795 6584
5296.0364702 6585
5075.94244827 6586
4865.67748251 6587
4706.70258555 6588
4622.37185516 6589
4582.17219155 6590
4545.58751235 6591
4472.03040758 6592
4332.55921759 6593
4153.80147786 6594
3978.92529091 6595
3851.17814258 6596
3807.52897145 6597
3835.93356076 6598
3901.48081544 6599
3969.07360848 6600
4005.34803512 6601
4000.88767307 6602
3963.36453859 6603
3900.8318853 6604
3821.35156445 6605
3732.90391191 6606
3643.37759042 6607
3560.6705343 6608
3492.65004958 6609
3444.19733265 6610
3415.35999857 6611
3405.74197096 6612
3414.94025532 6613
3438.91844583 6614
3464.62900878 6615
3477.63473151 6616
3463.47093756 6617
3413.01244744 6618
3338.05736698 6619
3255.5288067 6620
3182.38104387 6621
3133.48066647 6622
3110.54947683 6623
3110.25897615 6624
3129.2647393 6625
3163.61295328 6626
3203.14829669 6627
3234.05744152 6628
3242.45557324 6629
3215.4885429 6630
3159.85296882 6631
3099.50014651 6632
3059.01332621 6633
3062.5107021 6634
3113.83311562 6635
3190.12838489 6636
3266.68993806 6637
3318.85764953 6638
3334.01289556 6639
3323.41071495 6640
3301.13281553 6641
3281.28204057 6642
3274.86553726 6643
3283.43539844 6644
3306.75729795 6645
3344.59731117 6646
3395.70706458 6647
3453.99195055 6648
3511.90440127 6649
3561.8854251 6650
3596.95853312 6651
3614.68539073 6652
3614.70811518 6653
3596.67984691 6654
3561.37229682 6655
3523.79219781 6656
3508.78448018 6657
3541.4353095 6658
3645.62406713 6659
3815.41586435 6660
4014.38397297 6661
4204.65976481 6662
4348.698124 6663
4430.75383662 6664
4468.04946288 6665
4480.56975253 6666
4488.29517108 6667
4502.41076349 6668
4514.16101053 6669
4512.03684784 6670
4484.50939024 6671
4424.70645513 6672
4341.98229178 6673
4249.22491751 6674
4159.3462393 6675
4083.36940195 6676
4022.00563744 6677
3972.49096301 6678
3932.05671807 6679
3898.32945431 6680
3872.40013103 6681
3857.12498245 6682
3855.38335842 6683
3869.49510309 6684
3893.60281833 6685
3915.66073071 6686
3923.45130728 6687
3905.06057244 6688
3857.68334351 6689
3788.59482672 6690
3705.60106431 6691
3616.55028926 6692
3530.91047448 6693
3460.78054243 6694
3418.51641196 6695
3416.4708911 6696
3457.45295243 6697
3521.15026106 6698
3583.78783371 6699
3621.54469019 6700
3617.81910219 6701
3582.70342091 6702
3532.45864854 6703
3483.37043919 6704
3450.10300643 6705
3437.93452999 6706
3448.83462459 6707
3484.77466525 6708
3546.50031057 6709
3623.74769007 6710
3700.42002568 6711
3760.34158615 6712
3788.32055608 6713
3784.5299859 6714
3761.04246958 6715
3730.2687055 6716
3704.33289163 6717
3686.58095756 6718
3670.50531091 6719
3649.05676863 6720
3615.26524126 6721
3568.22005538 6722
3516.90117801 6723
3471.21412227 6724
3441.06720454 6725
3430.70787294 6726
3430.75322929 6727
3429.79622265 6728
3416.40475583 6729
3384.03722685 6730
3343.91865553 6731
3311.32311136 6732
3301.55271698 6733
3325.7111484 6734
3371.55245571 6735
3418.78271957 6736
3447.0607832 6737
3439.04223929 6738
3403.48026764 6739
3362.46356981 6740
3338.23099239 6741
3351.34524934 6742
3398.15243229 6743
3457.03043155 6744
3505.89453751 6745
3523.33939622 6746
3506.56467303 6747
3472.57963682 6748
3439.38923723 6749
3424.81173638 6750
3434.01425754 6751
3452.81349607 6752
3465.36416899 6753
3455.83415803 6754
3417.18957947 6755
3362.0044624 6756
3305.51974797 6757
3263.00522746 6758
3246.16333429 6759
3254.83062705 6760
3286.38868692 6761
3338.21713073 6762
3405.96762674 6763
3476.74905714 6764
3535.00095975 6765
3565.12723053 6766
3554.35725727 6767
3511.54124695 6768
3455.47200763 6769
3405.03587981 6770
3377.71276965 6771
3373.67770622 6772
3381.63534353 6773
3390.06561509 6774
3387.73263341 6775
3369.86222104 6776
3337.78798279 6777
3293.08348681 6778
3237.39654132 6779
3175.36956077 6780
3115.6620547 6781
3067.23367352 6782
3039.01353705 6783
3034.13190467 6784
3044.54807571 6785
3060.93497085 6786
3073.95097178 6787
3076.5714906 6788
3068.29478745 6789
3049.75149088 6790
3021.57050374 6791
2985.55771502 6792
2948.37766845 6793
2917.96843931 6794
2902.28256339 6795
2907.07277752 6796
2924.35453442 6797
2940.86529996 6798
2943.30404829 6799
2920.03017517 6800
2875.41984229 6801
2822.71488739 6802
2775.28091982 6803
2745.63867765 6804
2732.92102171 6805
2725.73320168 6806
2712.37358915 6807
2681.58747964 6808
2635.10186466 6809
2588.99343846 6810
2560.10945181 6811
2565.14869573 6812
2609.50781549 6813
2680.98134462 6814
2765.81404547 6815
2850.23347813 6816
2922.42569115 6817
2974.96209014 6818
3000.9901772 6819
2993.64384195 6820
2952.80676288 6821
2900.0903767 6822
2861.50349202 6823
2863.11089306 6824
2923.93010699 6825
3029.52591156 6826
3155.56479815 6827
3277.66145651 6828
3374.73091713 6829
3449.16377024 6830
3513.40426212 6831
3579.96331156 6832
3660.06268071 6833
3750.84908385 6834
3840.91182565 6835
3918.69428762 6836
3972.92594827 6837
3997.72015261 6838
3991.77520659 6839
3953.93266756 6840
3883.32809614 6841
3788.50298261 6842
3689.11693032 6843
3605.51637936 6844
3557.94481173 6845
3556.08306318 6846
3592.12970105 6847
3656.62972522 6848
3740.10279241 6849
3832.39162754 6850
3921.7752104 6851
3996.29030402 6852
4043.94597484 6853
4057.55934186 6854
4046.06240528 6855
4021.77450536 6856
3997.03864076 6857
3979.75015931 6858
3956.03843375 6859
3905.39105336 6860
3807.24572185 6861
3646.37350177 6862
3445.74455132 6863
3244.94197506 6864
3083.7080187 6865
2997.93693674 6866
2981.34030108 6867
3001.90154896 6868
3027.16554416 6869
3026.09641124 6870
2993.24797921 6871
2944.81712019 6872
2897.71880673 6873
2868.46878383 6874
2860.3542053 6875
2861.25792502 6876
2858.17308908 6877
2838.17830514 6878
2795.95163998 6879
2738.3787275 6880
2673.46117482 6881
2609.21442055 6882
2553.128522 6883
2511.50046108 6884
2490.47527772 6885
2496.21104674 6886
2528.82953705 6887
2569.357336 6888
2595.0192647 6889
2582.98945575 6890
2518.92547495 6891
2427.07128965 6892
2342.64233234 6893
2300.93417677 6894
2329.88909028 6895
2409.08344804 6896
2498.6427521 6897
2558.5510716 6898
2553.35463039 6899
2492.14454548 6900
2408.90726753 6901
2337.97377353 6902
2311.67852179 6903
2331.55851463 6904
2375.46279112 6905
2420.5841041 6906
2444.62619316 6907
2439.20936408 6908
2410.51090216 6909
2365.40294276 6910
2310.75944212 6911
2252.79034744 6912
2196.75158663 6913
2147.8388853 6914
2111.24734649 6915
2090.73983017 6916
2087.27698783 6917
2101.49686945 6918
2134.03466233 6919
2182.73510586 6920
2237.8945015 6921
2288.52337269 6922
2323.61087328 6923
2335.20091184 6924
2327.05200413 6925
2305.72384487 6926
2277.79020831 6927
2249.51590313 6928
2225.43330162 6929
2209.496552 6930
2205.66952645 6931
2216.67747932 6932
2235.59087522 6933
2250.9524525 6934
2251.25305067 6935
2226.51402266 6936
2184.49079027 6937
2144.26661072 6938
2125.15012428 6939
2145.18357074 6940
2199.15605346 6941
2261.81070029 6942
2307.1823576 6943
2309.96703737 6944
2266.77269038 6945
2199.67026786 6946
2132.20555885 6947
2087.80180746 6948
2079.40676252 6949
2103.58689464 6950
2155.4811868 6951
2230.20131076 6952
2320.22082001 6953
2412.43468903 6954
2492.99962322 6955
2548.04810876 6956
2570.88074274 6957
2575.73935207 6958
2580.69279073 6959
2603.84944352 6960
2655.5159902 6961
2714.3000566 6962
2750.74147225 6963
2735.31430585 6964
2646.59905433 6965
2509.32468464 6966
2364.49580842 6967
2253.22401193 6968
2211.32529634 6969
2231.50202352 6970
2285.66589061 6971
2345.53693223 6972
2384.3156586 6973
2393.18248136 6974
2374.97482882 6975
2332.73561539 6976
2269.78562404 6977
2194.32056454 6978
2118.76560521 6979
2055.71057395 6980
2017.4673103 6981
2007.26964764 6982
2017.89767591 6983
2041.5386437 6984
2070.4062073 6985
2099.16135964 6986
2126.21605721 6987
2150.2966565 6988
2170.13779035 6989
2186.26787681 6990
2202.88854685 6991
2224.65899325 6992
2256.24390322 6993
2299.08177656 6994
2345.66403164 6995
2386.92870312 6996
2413.79687105 6997
2420.54618841 6998
2414.24933679 6999
2405.02444143 7000
2403.01183189 7001
2414.83356497 7002
2428.63885083 7003
2426.53852318 7004
2390.60176126 7005
2307.21438659 7006
2194.26724852 7007
2083.57421264 7008
2007.07454085 7009
1993.01846287 7010
2031.16086402 7011
2088.59707295 7012
2132.06418773 7013
2130.31069752 7014
2083.52159133 7015
2016.31870728 7016
1954.01283546 7017
1921.20827639 7018
1924.42098063 7019
1951.68082278 7020
1990.1609138 7021
2027.08698646 7022
2052.97476319 7023
2062.74703995 7024
2051.62280129 7025
2014.90446271 7026
1955.77180319 7027
1891.29254659 7028
1839.9792332 7029
1820.34053531 7030
1840.30344326 7031
1883.03380112 7032
1928.13428637 7033
1955.16942509 7034
1950.67889558 7035
1923.12082909 7036
1885.2485242 7037
1849.84348706 7038
1826.76871005 7039
1813.44831635 7040
1804.00394825 7041
1792.54316676 7042
1774.08161563 7043
1748.89287127 7044
1719.1282241 7045
1686.94586217 7046
1654.44145891 7047
1623.19469046 7048
1594.54169018 7049
1569.82002948 7050
1550.38513487 7051
1537.75940127 7052
1533.57093503 7053
1539.45256912 7054
1556.79291954 7055
1582.96266866 7056
1612.07572307 7057
1638.13886806 7058
1655.39641 7059
1664.28971593 7060
1671.76235736 7061
1685.08091127 7062
1711.32494746 7063
1749.02351104 7064
1785.11007686 7065
1805.66783253 7066
1796.86004779 7067
1754.27710263 7068
1690.09114846 7069
1618.17922275 7070
1552.43356606 7071
1503.11975856 7072
1472.12192578 7073
1460.15032494 7074
1467.91549197 7075
1492.56186256 7076
1520.41865651 7077
1535.7446112 7078
1522.76568205 7079
1472.05290252 7080
1399.93461089 7081
1329.28697715 7082
1283.03269692 7083
1279.12452354 7084
1308.53325573 7085
1353.16441255 7086
1394.87912218 7087
1417.84354713 7088
1423.14373363 7089
1419.32223166 7090
1414.97137783 7091
1418.05276834 7092
1430.1089053 7093
1449.01008801 7094
1472.57806361 7095
1498.50061496 7096
1522.63592216 7097
1539.49676124 7098
1543.55125093 7099
1529.52359663 7100
1497.5567235 7101
1452.89269101 7102
1400.97905327 7103
1347.25624552 7104
1296.49624348 7105
1252.67145838 7106
1219.71579227 7107
1201.54810164 7108
1200.67753512 7109
1217.45927442 7110
1252.06712217 7111
1304.64680477 7112
1371.78774421 7113
1443.13055477 7114
1507.48967337 7115
1553.66323711 7116
1574.49347456 7117
1573.05716599 7118
1554.02880515 7119
1522.09303569 7120
1482.8233527 7121
1444.68365635 7122
1416.74578449 7123
1408.10455615 7124
1425.07196783 7125
1461.91957001 7126
1509.66259877 7127
1559.29490207 7128
1601.68771918 7129
1627.11170336 7130
1625.61011905 7131
1587.20258459 7132
1504.89180629 7133
1394.10507108 7134
1280.45054351 7135
1189.64973792 7136
1145.37127257 7137
1150.11774408 7138
1194.15579672 7139
1267.57930323 7140
1360.01018626 7141
1454.85797462 7142
1530.9709449 7143
1567.04277133 7144
1542.97659685 7145
1463.81022812 7146
1357.76580726 7147
1253.99956088 7148
1181.16148457 7149
1150.37885925 7150
1152.52900148 7151
1177.34257698 7152
1214.56657238 7153
1256.17637317 7154
1297.3900721 7155
1333.66954458 7156
1360.48341111 7157
1375.3065315 7158
1379.28435027 7159
1373.95833512 7160
1360.87461448 7161
1342.31235584 7162
1322.23533378 7163
1304.85529148 7164
1294.39281429 7165
1292.67211435 7166
1294.4057906 7167
1292.98302662 7168
1281.77541675 7169
1257.47752003 7170
1229.43564256 7171
1210.01862282 7172
1211.63504643 7173
1242.04278843 7174
1286.18815305 7175
1322.02930935 7176
1327.45135941 7177
1285.48320762 7178
1211.86946035 7179
1135.10690289 7180
1083.81374544 7181
1082.81238029 7182
1125.17265716 7183
1188.37118735 7184
1249.70259418 7185
1288.04252239 7186
1300.17704381 7187
1293.89877204 7188
1277.185532 7189
1257.70421658 7190
1238.15279244 7191
1217.44134573 7192
1194.38056546 7193
1167.96921392 7194
1141.16622608 7195
1120.66760755 7196
1113.34096288 7197
1125.7829841 7198
1155.59872627 7199
1189.91459809 7200
1215.22101862 7201
1218.23529288 7202
1199.37416308 7203
1178.76872695 7204
1178.15343988 7205
1219.14381013 7206
1305.02463559 7207
1406.3513169 7208
1490.18768908 7209
1523.54189437 7210
1490.16588502 7211
1411.04292438 7212
1312.23652772 7213
1219.91241976 7214
1153.83366231 7215
1115.84785843 7216
1104.73087496 7217
1119.25395362 7218
1156.70118347 7219
1209.19536682 7220
1267.70724507 7221
1323.16500198 7222
1367.6753352 7223
1398.64674911 7224
1414.93611147 7225
1415.39136314 7226
1399.59462915 7227
1371.21300554 7228
1335.33821559 7229
1297.08853867 7230
1261.82238889 7231
1236.42994136 7232
1228.48013481 7233
1245.58654144 7234
1293.46737848 7235
1360.47922303 7236
1425.724237 7237
1468.10790745 7238
1468.50050367 7239
1431.92398161 7240
1379.12267265 7241
1331.21637323 7242
1308.3453507 7243
1313.65190122 7244
1336.7865364 7245
1366.97249433 7246
1393.74074993 7247
1414.49558494 7248
1434.24165046 7249
1458.32180909 7250
1491.91371954 7251
1534.17745712 7252
1577.22669548 7253
1612.73166149 7254
1632.36874624 7255
1630.61800188 7256
1605.94743526 7257
1557.11577833 7258
1482.95351745 7259
1388.66769634 7260
1290.43552875 7261
1205.6156742 7262
1151.6316963 7263
1137.19218241 7264
1152.66394816 7265
1186.04739663 7266
1225.2636206 7267
1259.73095303 7268
1282.828414 7269
1288.519863 7270
1270.72332763 7271
1228.38997466 7272
1176.40153421 7273
1132.87205671 7274
1116.05566889 7275
1137.65783799 7276
1183.61780739 7277
1233.51997188 7278
1266.78514609 7279
1267.55756385 7280
1243.21381172 7281
1208.15260749 7282
1176.8944939 7283
1161.3313527 7284
1157.22014508 7285
1154.339883 7286
1142.37177887 7287
1112.98394805 7288
1072.99217548 7289
1036.04629433 7290
1015.94830235 7291
1024.51998512 7292
1054.34007768 7293
1087.50868786 7294
1105.8588247 7295
1093.03314889 7296
1055.5430117 7297
1014.82212439 7298
992.757422376 7299
