4030.89827571 3800
4043.57623989 3801
4159.60806734 3802
4321.88541873 3803
4473.50802337 3804
4559.71806425 3805
4569.24088365 3806
4533.54200977 3807
4485.77917455 3808
4458.97665937 3809
4475.19097838 3810
4517.9964218 3811
4562.5337937 3812
4584.04961206 3813
4559.18845703 3814
4485.90752938 3815
4379.53360146 3816
4255.83878527 3817
4130.5282847 3818
4022.2693252 3819
3958.31677361 3820
3967.33523894 3821
4077.8480424 3822
4313.70071082 3823
4642.56218126 3824
4994.44707472 3825
5299.00262168 3826
5486.37926025 3827
5524.96122407 3828
5470.77784266 3829
5391.89265869 3830
5356.02220578 3831
5422.6497297 3832
5576.33241936 3833
5760.58720105 3834
5918.79674514 3835
5994.94418294 3836
5964.92383056 3837
5863.87103804 3838
5733.21996622 3839
5614.18025232 3840
5542.93555056 3841
5520.23905699 3842
5531.14221291 3843
5560.70585318 3844
5594.04941283 3845
5614.98604753 3846
5605.31322515 3847
5546.75809842 3848
5421.15576651 3849
5216.9987186 3850
4960.40312952 3851
4690.6958878 3852
4446.9899803 3853
4267.43442162 3854
4164.67059499 3855
4120.17438246 3856
4113.61720987 3857
4124.79072245 3858
4136.78366212 3859
4147.06016401 3860
4157.10718834 3861
4168.40285429 3862
4182.52162255 3863
4203.43267618 3864
4237.47173548 3865
4291.03784212 3866
4370.48940821 3867
4478.72360463 3868
4606.61465266 3869
4742.46158755 3870
4874.63642542 3871
4991.99340031 3872
5089.95759936 3873
5169.18601097 3874
5230.4782599 3875
5274.62905513 3876
5302.06481018 3877
5312.21111021 3878
5304.32820203 3879
5277.68165634 3880
5231.96720031 3881
5171.7632688 3882
5104.73927762 3883
5038.56615345 3884
4980.8472206 3885
4935.85981638 3886
4900.80958115 3887
4872.00673459 3888
4845.78517044 3889
4819.93760858 3890
4804.49854856 3891
4815.62064657 3892
4869.39860151 3893
4981.85346137 3894
5171.40439907 3895
5460.58613248 3896
5872.19302849 3897
6428.86765135 3898
7148.43892654 3899
8018.73569693 3900
9015.87534775 3901
10116.1008919 3902
11295.6628937 3903
12524.8920365 3904
13766.2085384 3905
14981.7156584 3906
16133.7665337 3907
17188.6363107 3908
18130.6798854 3909
18949.775373 3910
19635.8708494 3911
20179.1021354 3912
20572.6688966 3913
20812.9719343 3914
20896.5880186 3915
20820.1182372 3916
20582.2328667 3917
20189.1555023 3918
19648.8093207 3919
18969.0664615 3920
18159.506028 3921
17258.947432 3922
16330.1465966 3923
15436.1749862 3924
14639.6636765 3925
13981.1625856 3926
13440.3472863 3927
12986.5108287 3928
12589.1450201 3929
12219.787152 3930
11871.5629808 3931
11551.4137973 3932
11266.4633865 3933
11023.773576 3934
10827.522055 3935
10675.8007119 3936
10565.9344703 3937
10495.2652283 3938
10460.4317161 3939
10452.1115929 3940
10458.0797198 3941
10466.1684587 3942
10464.3464098 3943
10444.7975148 3944
10406.5311182 3945
10349.19001 3946
10272.4191061 3947
10177.7919925 3948
10078.5756269 3949
9992.34946166 3950
9936.59049921 3951
9928.22857416 3952
9968.15790381 3953
10037.1930103 3954
10114.9855216 3955
10181.3139063 3956
10221.2781927 3957
10243.3648983 3958
10262.5332926 3959
10293.6509613 3960
10350.5378033 3961
10426.1503398 3962
10493.3831061 3963
10524.4711044 3964
10491.8202844 3965
10377.8744698 3966
10197.8276666 3967
9973.52029314 3968
9726.66098353 3969
9477.34476154 3970
9224.60514901 3971
8951.98017145 3972
8642.74005233 3973
8280.2950591 3974
7862.10679974 3975
7419.86501345 3976
6990.22136494 3977
6609.61282103 3978
6310.32488465 3979
6086.35968148 3980
5910.4054711 3981
5755.0728347 3982
5593.32683925 3983
5417.69114219 3984
5256.25043988 3985
5140.72486439 3986
5102.65479328 3987
5167.52171349 3988
5320.49911012 3989
5530.06310107 3990
5764.81103567 3991
5993.84810168 3992
6201.20590958 3993
6391.28787881 3994
6569.94781773 3995
6743.00715637 3996
6914.24916724 3997
7077.60913687 3998
7224.05116638 3999
7344.58673007 4000
7430.67786184 4001
7483.68819333 4002
7515.17341044 4003
7537.09852859 4004
7561.36540203 4005
7601.15506879 4006
7674.31063571 4007
7799.62437928 4008
7995.79197304 4009
8281.32959127 4010
8673.38464669 4011
9188.03044038 4012
9841.23541435 4013
10648.859179 4014
11613.5465326 4015
12704.483602 4016
13885.7692377 4017
15121.6836389 4018
16375.5182282 4019
17599.070008 4020
18737.6571547 4021
19736.7842871 4022
20542.4832108 4023
21128.6569903 4024
21520.6516808 4025
21749.2743403 4026
21845.1807426 4027
21836.0602238 4028
21730.1578817 4029
21527.5798917 4030
21228.4008476 4031
20833.6509986 4032
20386.1691548 4033
19985.6794768 4034
19735.5565455 4035
19738.7070228 4036
20077.1302774 4037
20734.3015518 4038
21664.3555453 4039
22821.6339434 4040
24159.9654402 4041
25616.5183166 4042
27111.7615253 4043
28565.7659478 4044
29898.9520258 4045
31049.902297 4046
32017.6524496 4047
32813.9366933 4048
33450.4333186 4049
33936.0535732 4050
34241.5029995 4051
34309.4331851 4052
34082.0686227 4053
33502.0116002 4054
32555.5628034 4055
31332.968133 4056
29939.2953379 4057
28479.1815651 4058
27048.1725906 4059
25662.3058762 4060
24295.2093438 4061
22920.2146377 4062
21511.1086134 4063
20069.7695831 4064
18645.9628846 4065
17293.9603815 4066
16067.8280958 4067
15014.1870467 4068
14134.9094826 4069
13414.9187476 4070
12839.1666117 4071
12392.8317971 4072
12066.9517725 4073
11859.7581359 4074
11769.9349007 4075
11796.1741603 4076
11932.0068414 4077
12149.1418104 4078
12413.6191516 4079
12691.6003484 4080
12950.1262891 4081
13170.6898606 4082
13347.6249733 4083
13475.7319656 4084
13549.8249008 4085
13561.9958272 4086
13496.3924537 4087
13335.7712093 4088
13062.9439122 4089
12663.8844608 4090
12160.2964009 4091
11596.6198393 4092
11017.5190244 4093
10467.4024166 4094
9974.70533842 4095
9535.65287398 4096
9142.59272992 4097
8787.89793217 4098
8463.57369602 4099
8158.73015861 4100
7861.19697092 4101
7558.83478303 4102
7239.76113043 4103
6902.87598428 4104
6562.46431281 4105
6233.95375827 4106
5932.72615626 4107
5671.93077375 4108
5453.82482739 4109
5277.29947374 4110
5141.24946286 4111
5044.17797617 4112
4975.22588586 4113
4914.04784606 4114
4839.93042014 4115
4732.21955015 4116
4580.5688733 4117
4408.93349674 4118
4248.35709689 4119
4129.79865354 4120
4081.55492122 4121
4097.00578986 4122
4144.5339538 4123
4192.05921673 4124
4207.67533225 4125
4180.2494429 4126
4145.70160179 4127
4146.3573725 4128
4224.43428864 4129
4414.67023724 4130
4689.71657445 4131
4991.27411497 4132
5260.95971179 4133
5441.18591467 4134
5514.86750069 4135
5528.25300625 4136
5533.00935541 4137
5580.67723972 4138
5711.26585784 4139
5902.39312126 4140
6110.57268483 4141
6292.40473233 4142
6405.87297045 4143
6443.96489417 4144
6437.88522432 4145
6420.70978571 4146
6425.43766969 4147
6475.2955776 4148
6558.51451989 4149
6655.48491219 4150
6746.64134341 4151
6813.86988245 4152
6859.80665118 4153
6902.84328247 4154
6961.72653697 4155
7055.12499107 4156
7190.34006489 4157
7347.4926225 4158
7502.75796262 4159
7632.36220881 4160
7714.34073047 4161
7742.35774509 4162
7718.22993082 4163
7643.84021711 4164
7521.19930089 4165
7361.33842302 4166
7189.91744751 4167
7033.8857173 4168
6920.1373704 4169
6868.17482302 4170
6856.19937096 4171
6848.04572892 4172
6807.60636782 4173
6699.92096884 4174
6520.29339065 4175
6297.59572581 4176
6062.39534174 4177
5845.19986307 4178
5667.87826028 4179
5521.02090755 4180
5388.13038213 4181
5252.74053489 4182
5099.39633915 4183
4927.08457641 4184
4745.76636839 4185
4565.65916377 4186
4396.95965959 4187
4249.30490288 4188
4131.02855526 4189
4050.26203321 4190
4015.12232597 4191
4031.0478235 4192
4080.36251146 4193
4133.56198195 4194
4161.09814112 4195
4133.84841203 4196
4046.46432098 4197
3931.19288974 4198
3823.55405668 4199
3759.00437818 4200
3765.30176276 4201
3828.78433682 4202
3921.86877559 4203
4017.00985044 4204
4087.52311086 4205
4127.87814596 4206
4155.10058678 4207
4187.28752278 4208
4242.50351106 4209
4331.88226704 4210
4442.77078128 4211
4557.42425961 4212
4658.12858161 4213
4728.53110139 4214
4770.27712388 4215
4797.91106187 4216
4826.23448493 4217
4869.98047517 4218
4934.96754139 4219
5007.29866468 4220
5070.45328841 4221
5107.93955823 4222
5106.47134009 4223
5077.9180431 4224
5046.07055809 4225
5034.75179648 4226
5067.42606633 4227
5151.24241153 4228
5269.61829079 4229
5404.12548287 4230
5536.36692836 4231
5654.89283472 4232
5782.02505744 4233
5950.32872004 4234
6192.31622305 4235
6538.76869596 4236
6983.97711093 4237
7486.94393594 4238
8005.29180666 4239
8496.72326421 4240
8932.56271132 4241
9325.58752957 4242
9696.43360781 4243
10065.7020904 4244
10451.2751144 4245
10840.1456257 4246
11199.5814148 4247
11496.5842916 4248
11698.3551059 4249
11789.5879713 4250
11788.9387821 4251
11718.9406168 4252
11602.0888699 4253
11457.4210853 4254
11280.9241027 4255
11059.0962668 4256
10778.4292999 4257
10425.8996541 4258
10005.4528233 4259
9542.49860969 4260
9063.78377008 4261
8596.00922271 4262
8161.61986833 4263
7765.68704205 4264
7408.81098693 4265
7091.59064262 4266
6814.19591041 4267
6569.61704021 4268
6344.90287977 4269
6126.94501038 4270
5902.67688364 4271
5666.69648216 4272
5433.07259436 4273
5218.90090792 4274
5041.24646337 4275
4915.01109376 4276
4835.59169489 4277
4787.96040307 4278
4757.01744069 4279
4727.78034654 4280
4691.3509307 4281
4648.62373179 4282
4601.37969125 4283
4551.39691134 4284
4501.51110668 4285
4460.27430305 4286
4438.14205101 4287
4445.55132998 4288
4492.32568109 4289
4573.57129931 4290
4669.10089154 4291
4758.05089519 4292
4819.5993506 4293
4839.40565964 4294
4824.12637308 4295
4784.66579563 4296
4731.90750057 4297
4676.95912571 4298
4633.90723072 4299
4618.81706949 4300
4647.75903911 4301
4736.72633926 4302
4895.62446306 4303
5122.17642031 4304
5412.65345469 4305
5763.33373323 4306
6168.9422014 4307
6613.50890304 4308
7076.59969116 4309
7537.80725003 4310
7977.31164398 4311
8395.46035829 4312
8818.12707184 4313
9272.77754762 4314
9786.81867521 4315
10370.6336311 4316
10965.7617372 4317
11496.4176413 4318
11886.9797183 4319
12067.2999719 4320
12052.8199561 4321
11927.9240306 4322
11778.7852864 4323
11691.2679478 4324
11712.2686622 4325
11794.2391789 4326
11875.663591 4327
11895.1643229 4328
11797.8948449 4329
11583.5261284 4330
11279.2199145 4331
10912.2888553 4332
10510.0494155 4333
10103.3589751 4334
9728.41825747 4335
9421.78921405 4336
9219.94690204 4337
9149.70913846 4338
9190.99749703 4339
9309.47477617 4340
9470.88200859 4341
9643.45402944 4342
9845.68386526 4343
10143.4069014 4344
10604.1496999 4345
11295.2635594 4346
12277.3363351 4347
13591.8628401 4348
15276.8472384 4349
17370.1907694 4350
19898.7649401 4351
22777.1341011 4352
25854.1257827 4353
28978.1059261 4354
31998.4145505 4355
34813.2373848 4356
37404.9531618 4357
39764.3559572 4358
41882.2653233 4359
43736.070581 4360
45226.3276187 4361
46226.6056039 4362
46610.7913992 4363
46259.9020118 4364
45232.3464685 4365
43776.0446492 4366
42147.5568244 4367
40602.723266 4368
39321.1868971 4369
38233.4559856 4370
37219.1119244 4371
36158.0776753 4372
34938.7531075 4373
33547.7942358 4374
32036.6518089 4375
30457.7893289 4376
28863.3407392 4377
27283.5997949 4378
25706.622594 4379
24115.6517549 4380
22493.981581 4381
20833.3109031 4382
19179.2647609 4383
17598.7188054 4384
16158.400964 4385
14923.347159 4386
13911.2232723 4387
13083.9357601 4388
12400.2896365 4389
11819.2141926 4390
11307.0628589 4391
10856.9981106 4392
10468.3059549 4393
10140.2732138 4394
9871.84446176 4395
9657.31145054 4396
9487.62303552 4397
9353.68256645 4398
9246.43660416 4399
9159.4450309 4400
9091.75468258 4401
9043.10979282 4402
9013.25547554 4403
9000.79852311 4404
8996.31549854 4405
8986.95784669 4406
8959.9062243 4407
8902.85164581 4408
8820.65313692 4409
8739.82339474 4410
8688.17739483 4411
8693.43436338 4412
8770.33680592 4413
8883.10773446 4414
8983.73418769 4415
9024.37045264 4416
8960.9839101 4417
8803.54774763 4418
8603.10265885 4419
8411.54776971 4420
8280.46891961 4421
8234.28319636 4422
8237.24493616 4423
8245.62615686 4424
8215.85818627 4425
8110.91521501 4426
7941.4460156 4427
7739.50664992 4428
7537.13992504 4429
7365.815568 4430
7238.71670816 4431
7145.07657781 4432
7072.53993346 4433
7008.79751924 4434
6942.68893101 4435
6867.58203884 4436
6778.01098711 4437
6668.53172707 4438
6534.62015628 4439
6385.61536655 4440
6241.68315684 4441
6123.20117315 4442
6050.41383452 4443
6031.10540111 4444
6044.84018826 4445
6067.35896105 4446
6074.49872867 4447
6044.81011628 4448
5976.75905743 4449
5877.90536041 4450
5755.82582154 4451
5618.06803307 4452
5472.18276783 4453
5325.73435126 4454
5186.2585824 4455
5061.26022194 4456
4955.48355454 4457
4862.50634594 4458
4773.08689718 4459
4678.02263394 4460
4568.58511752 4461
4442.72821687 4462
4303.60040229 4463
4154.47476018 4464
3998.62108711 4465
3841.58462315 4466
3694.0530272 4467
3567.37497237 4468
3472.84893159 4469
3419.19184136 4470
3396.24385656 4471
3385.39463605 4472
3368.07515087 4473
3326.12067292 4474
3253.89725817 4475
3161.93020222 4476
3061.77277407 4477
2964.92632223 4478
2881.74280441 4479
2818.18252776 4480
2779.10252306 4481
2769.33636039 4482
2792.78497723 4483
2840.09894391 4484
2891.97925304 4485
2928.97051644 4486
2931.77304786 4487
2893.05915547 4488
2831.24775968 4489
2768.03076265 4490
2724.99641252 4491
2720.38851334 4492
2749.55989514 4493
2798.09905253 4494
2851.6257681 4495
2896.0052829 4496
2923.25939293 4497
2932.9460625 4498
2925.0880571 4499
2899.70868785 4500
2857.70736148 4501
2803.22559219 4502
2741.13633539 4503
2676.28870893 4504
2613.5301638 4505
2557.9878658 4506
2514.97841295 4507
2489.79563191 4508
2487.66464093 4509
2508.10964471 4510
2539.23715176 4511
2567.84450765 4512
2580.79715631 4513
2567.6433821 4514
2534.81182357 4515
2495.36135742 4516
2462.29981869 4517
2448.09563558 4518
2451.32376344 4519
2454.84212007 4520
2440.74652917 4521
2391.2296929 4522
2297.05964025 4523
2177.51858169 4524
2057.75216253 4525
1962.77096306 4526
1915.24306538 4527
1912.04769962 4528
1933.51849476 4529
1959.81840727 4530
1971.32925448 4531
1959.06791399 4532
1933.17500944 4533
1905.74757724 4534
1888.81582332 4535
1892.56630783 4536
1917.0260411 4537
1958.65477723 4538
2013.92734688 4539
2079.17003566 4540
2146.74557985 4541
2205.01015619 4542
2242.20496942 4543
2246.64479412 4544
2213.89698588 4545
2160.71170414 4546
2107.61835519 4547
2075.02799508 4548
2080.9213443 4549
2120.37170815 4550
2175.49891374 4551
2228.37595569 4552
2261.3239984 4553
2266.00130814 4554
2248.78135913 4555
2217.30563648 4556
2179.17082065 4557
2142.1842971 4558
2115.34863247 4559
2107.98912521 4560
2129.37469905 4561
2187.85263258 4562
2275.6223588 4563
2370.70391286 4564
2450.75959309 4565
2493.61394827 4566
2487.25069398 4567
2444.82902102 4568
2383.29511574 4569
2319.49165406 4570
2268.8373096 4571
2235.96239893 4572
2220.28625744 4573
2221.19693648 4574
2237.95366839 4575
2264.18461176 4576
2285.93847253 4577
2288.81064874 4578
2258.48787715 4579
2187.11741347 4580
2092.49297335 4581
1998.72535321 4582
1929.77204081 4583
1907.70274137 4584
1929.65948322 4585
1974.31232303 4586
2020.02331525 4587
2045.35880824 4588
2039.15911288 4589
2011.33826492 4590
1974.35495589 4591
1940.58753611 4592
1920.66085967 4593
1914.28805922 4594
1916.86188757 4595
1923.79370618 4596
1930.51540209 4597
1932.22389691 4598
1923.85097542 4599
1900.34692353 4600
1856.69707675 4601
1791.65260489 4602
1715.98425617 4603
1642.80323818 4604
1585.13282311 4605
1554.60802465 4606
1548.8082689 4607
1556.82920786 4608
1567.71910587 4609
1570.67400642 4610
1560.4460354 4611
1540.98013778 4612
1517.06525388 4613
1493.45776628 4614
1473.54051827 4615
1453.89957803 4616
1429.01103076 4617
1393.38821543 4618
1342.05567809 4619
1279.13624365 4620
1216.87682593 4621
1167.73062482 4622
1144.0469081 4623
1151.55987533 4624
1179.56909545 4625
1214.91549006 4626
1244.53192355 4627
1256.63449814 4628
1249.00651785 4629
1223.97836406 4630
1183.89286161 4631
1131.12010405 4632
1069.7340673 4633
1006.03825045 4634
946.444896064 4635
897.320208093 4636
863.788284136 4637
846.364074911 4638
844.466026211 4639
857.516202358 4640
884.472876791 4641
918.196339577 4642
947.317859733 4643
960.462389018 4644
946.419228359 4645
903.415259894 4646
847.588755469 4647
796.980650393 4648
769.500099681 4649
779.303091661 4650
819.407887768 4651
875.309497091 4652
932.598696297 4653
977.37330267 4654
1005.16622048 4655
1020.92710435 4656
1029.9821053 4657
1037.61851452 4658
1049.41176303 4659
1071.81349751 4660
1111.38662329 4661
1174.64447515 4662
1266.84528958 4663
1382.41523095 4664
1510.13825503 4665
1638.83083995 4666
1757.49756008 4667
1860.28288519 4668
1948.58687063 4669
2024.35272593 4670
2089.50929009 4671
2145.03107616 4672
2187.9823741 4673
2214.4363676 4674
2220.49710691 4675
2202.74601662 4676
2164.21430181 4677
2112.71725402 4678
2056.12720279 4679
2002.23498829 4680
1955.73204755 4681
1915.12270018 4682
1878.17948364 4683
1842.69208234 4684
1806.97986274 4685
1772.51823176 4686
1741.9612634 4687
1717.9444949 4688
1703.01427925 4689
1698.00009391 4690
1701.95880801 4691
1713.87202246 4692
1732.7276536 4693
1756.26981014 4694
1778.64890915 4695
1793.41363405 4696
1794.16307538 4697
1776.08910758 4698
1748.47862039 4699
1728.06033471 4700
1731.50270332 4701
1775.06895205 4702
1861.41059014 4703
1973.80672605 4704
2094.17037606 4705
2204.55681112 4706
2291.52526524 4707
2359.75794343 4708
2418.55119457 4709
2477.12842373 4710
2543.89983597 4711
2616.82151546 4712
2686.21056924 4713
2742.28275569 4714
2775.41489535 4715
2786.81309283 4716
2798.90632769 4717
2836.43423327 4718
2923.93865218 4719
3081.57438816 4720
3304.6853733 4721
3579.66701696 4722
3893.00880362 4723
4231.61799143 4724
4589.65880591 4725
4968.48008416 4726
5369.72854182 4727
5795.04501435 4728
6250.62611799 4729
6755.05675837 4730
7328.86762992 4731
7992.42056797 4732
8760.79128609 4733
9605.73283757 4734
10477.5578607 4735
11326.8169858 4736
12104.9898258 4737
12785.8702994 4738
13372.6975299 4739
13870.7192904 4740
14285.1449446 4741
14619.3924749 4742
14870.2628839 4743
15033.0337072 4744
15103.0231812 4745
15075.7825206 4746
14949.260034 4747
14723.0104589 4748
14396.6232813 4749
13969.83675 4750
13455.1318038 4751
12887.5113074 4752
12304.0258311 4753
11741.4213112 4754
11228.7048742 4755
10756.1214288 4756
10301.5647248 4757
9843.10302684 4758
9359.91112429 4759
8848.6304998 4760
8321.22625 4761
7790.09297219 4762
7267.51872757 4763
6763.54642649 4764
6283.07788059 4765
5830.24254534 4766
5409.13595127 4767
5023.77188785 4768
4677.8054263 4769
4374.71804211 4770
4117.96261732 4771
3910.72200388 4772
3748.96551359 4773
3620.43034087 4774
3512.49503186 4775
3412.644188 4776
3313.13061329 4777
3220.92665657 4778
3145.81694293 4779
3097.50568692 4780
3083.92661479 4781
3096.41766827 4782
3117.03966405 4783
3127.89362383 4784
3111.40596285 4785
3059.67170004 4786
2978.93004464 4787
2876.50593042 4788
2759.6651 4789
2636.170473 4790
2516.04110533 4791
2409.81829368 4792
2327.95688387 4793
2279.77118272 4794
2260.00726481 4795
2252.93127741 4796
2242.69987599 4797
2213.67047516 4798
2158.36096301 4799
2084.56830526 4800
2001.72389824 4801
1919.18258456 4802
1845.0925492 4803
1781.33627915 4804
1727.6679518 4805
1683.84115674 4806
1649.55928685 4807
1623.49217004 4808
1603.37237316 4809
1586.91552601 4810
1571.85980748 4811
1557.22597248 4812
1545.10271112 4813
1538.01556171 4814
1538.46938722 4815
1548.56310581 4816
1567.61574454 4817
1593.7470793 4818
1625.08733072 4819
1659.79753836 4820
1696.53527202 4821
1734.51988461 4822
1773.00689167 4823
1811.25869176 4824
1850.34304011 4825
1896.85763093 4826
1958.40921278 4827
2042.54393594 4828
2155.240397 4829
2288.28326064 4830
2425.78056533 4831
2551.88715551 4832
2651.09637606 4833
2718.15139628 4834
2762.16341535 4835
2793.25763277 4836
2821.47988379 4837
2855.64460046 4838
2900.00949726 4839
2957.70561464 4840
3031.83991132 4841
3124.40561011 4842
3223.90354548 4843
3309.828211 4844
3361.66327125 4845
3359.24311319 4846
3298.40333576 4847
3202.49499169 4848
3097.4303517 4849
3008.92165341 4850
2956.90537985 4851
2933.89767782 4852
2924.15160197 4853
2912.03942745 4854
2882.68507626 4855
2831.72680376 4856
2763.34815475 4857
2681.95176184 4858
2591.91395845 4859
2498.7450882 4860
2410.38594335 4861
2335.03149395 4862
2280.81410376 4863
2253.22338063 4864
2242.05575401 4865
2231.31654432 4866
2205.1214664 4867
2148.54143441 4868
2065.40581849 4869
1977.83190114 4870
1908.54330834 4871
1880.06623374 4872
1902.41110662 4873
1953.83199876 4874
2007.73287901 4875
2037.71539983 4876
2021.27441207 4877
1963.747665 4878
1882.97408401 4879
1796.72346024 4880
1722.35821818 4881
1668.54207416 4882
1633.88585727 4883
1616.4456279 4884
1614.29135673 4885
1624.59560033 4886
1641.74075994 4887
1659.60929003 4888
1672.12791978 4889
1673.81909077 4890
1664.32633425 4891
1646.03428139 4892
1621.33713846 4893
1592.64728667 4894
1563.91786453 4895
1541.20510108 4896
1530.67625265 4897
1538.45496507 4898
1567.63212503 4899
1610.26436718 4900
1655.92923093 4901
1694.2771435 4902
1715.93985801 4903
1721.85900784 4904
1719.4250554 4905
1716.07847271 4906
1719.1737849 4907
1733.75658898 4908
1761.23919407 4909
1802.703741 4910
1859.22500945 4911
1930.25880013 4912
2008.2441368 4913
2083.75837528 4914
2147.4428794 4915
2190.70194722 4916
2214.67281834 4917
2227.53235314 4918
2237.56259031 4919
2252.93378327 4920
2275.98775478 4921
2298.44612551 4922
2310.94602302 4923
2304.18519047 4924
2271.60058653 4925
2220.27722025 4926
2161.56438059 4927
2106.73979646 4928
2066.47007405 4929
2042.2838466 4930
2028.16474016 4931
2017.90576952 4932
2005.363126 4933
1988.24968148 4934
1972.30013541 4935
1964.22224199 4936
1970.68193311 4937
1996.19132986 4938
2032.82490483 4939
2068.18974068 4940
2089.96201956 4941
2086.49532486 4942
2058.54474473 4943
2018.39390854 4944
1978.6956937 4945
1952.00881952 4946
1945.48602299 4947
1953.57485619 4948
1968.91606903 4949
1984.19428264 4950
1993.08882718 4951
1995.70644893 4952
1994.78344296 4953
1993.04898232 4954
1993.09337681 4955
1994.44501848 4956
1993.45724414 4957
1986.35508733 4958
1969.38798258 4959
1940.7108697 4960
1903.50989973 4961
1861.78038678 4962
1819.49513311 4963
1780.34678273 4964
1746.04710705 4965
1717.40046706 4966
1695.20237286 4967
1680.33020943 4968
1676.23426988 4969
1689.31066815 4970
1726.08544324 4971
1793.04820018 4972
1891.84781862 4973
2009.92526666 4974
2132.17723307 4975
2243.57879899 4976
2330.75982589 4977
2393.81964446 4978
2439.61689463 4979
2475.02572602 4980
2506.79941987 4981
2538.5343938 4982
2569.89835327 4983
2600.31375105 4984
2629.20561631 4985
2656.56185096 4986
2684.18907815 4987
2714.25279391 4988
2748.90828659 4989
2789.40876898 4990
2828.60059779 4991
2854.75355868 4992
2856.14438985 4993
2821.35841216 4994
2749.9262182 4995
2656.1134312 4996
2555.1651494 4997
2462.25712586 4998
2388.21853254 4999
2328.75178286 5000
2276.25864918 5001
2223.17482163 5002
2162.70253746 5003
2095.62179979 5004
2027.14742114 5005
1962.5285091 5006
1906.92635909 5007
1862.18908138 5008
1825.4012738 5009
1793.28870853 5010
1762.59099544 5011
1732.27114646 5012
1709.63595334 5013
1703.92863817 5014
1724.35666369 5015
1778.70161309 5016
1859.27008431 5017
1948.76598981 5018
2029.81470047 5019
2085.3397783 5020
2111.66216908 5021
2125.43478025 5022
2144.9548141 5023
2188.45258327 5024
2266.87172276 5025
2362.26681537 5026
2449.55293756 5027
2503.73491029 5028
2502.55892107 5029
2455.30517137 5030
2391.80261699 5031
2342.13255798 5032
2335.93407784 5033
2380.72800169 5034
2448.95565107 5035
2510.02411459 5036
2533.44052171 5037
2497.66767526 5038
2418.24118759 5039
2320.30728667 5040
2228.93188113 5041
2167.48209995 5042
2139.10110206 5043
2133.27177878 5044
2139.25107199 5045
2146.36441797 5046
2146.47463918 5047
2135.59019924 5048
2110.11353689 5049
2066.45802088 5050
2004.10025987 5051
1935.67913247 5052
1877.34298863 5053
1845.19558475 5054
1854.26351721 5055
1906.21296111 5056
1993.4538849 5057
2108.23206536 5058
2242.86095666 5059
2393.19336118 5060
2560.99415417 5061
2748.58929466 5062
2958.29868025 5063
3191.19156447 5064
3442.85245831 5065
3707.37154459 5066
3978.85351274 5067
4252.27240158 5068
4533.82930305 5069
4837.60042037 5070
5177.7971589 5071
5568.66448426 5072
6029.36570571 5073
6587.39654805 5074
7271.01484464 5075
8108.42086661 5076
9113.7216503 5077
10238.8676494 5078
11418.74156 5079
12588.3491761 5080
13685.6938129 5081
14686.5332549 5082
15593.159701 5083
16408.4200362 5084
17135.0016437 5085
17765.3101586 5086
18274.3405882 5087
18635.4521204 5088
18822.0381033 5089
18815.3001926 5090
18630.5876204 5091
18292.5704745 5092
17825.8804633 5093
17256.3205597 5094
16625.4059488 5095
15985.5908107 5096
15389.4779879 5097
14889.1351184 5098
14502.4483345 5099
14190.4293207 5100
13908.7513206 5101
13613.1523756 5102
13267.2079846 5103
12868.0929265 5104
12422.0123801 5105
11935.1684073 5106
11413.6873598 5107
10862.9075326 5108
10287.6175868 5109
9692.59706099 5110
9082.70223137 5111
8468.79847087 5112
7871.5267395 5113
7312.40257971 5114
6812.92874625 5115
6388.07908152 5116
6025.6327476 5117
5706.29108483 5118
5410.76907114 5119
5120.60970381 5120
4827.1371546 5121
4528.13929174 5122
4221.52083985 5123
3905.29287162 5124
3584.08129798 5125
3272.8841068 5126
2987.59704954 5127
2744.11121003 5128
2552.80418104 5129
2402.07976461 5130
2274.86659174 5131
2154.10220161 5132
2024.19023452 5133
1886.0655962 5134
1751.11658667 5135
1630.89470556 5136
1536.80949638 5137
1472.66388293 5138
1430.88328265 5139
1402.96266356 5140
1380.39949189 5141
1356.19754317 5142
1329.02473511 5143
1298.88142777 5144
1265.76732029 5145
1229.9410099 5146
1194.38974105 5147
1163.73520798 5148
1142.62202432 5149
1135.59989445 5150
1142.72735386 5151
1157.72468125 5152
1173.83289881 5153
1184.29215311 5154
1184.38884492 5155
1176.60661927 5156
1165.01113833 5157
1153.66856203 5158
1146.25336736 5159
1142.64506871 5160
1140.59878655 5161
1137.84455627 5162
1132.17447775 5163
1123.86680627 5164
1116.4740189 5165
1113.77383878 5166
1119.54482337 5167
1134.88980834 5168
1152.25208424 5169
1162.32411298 5170
1155.79250851 5171
1124.96399784 5172
1076.38067057 5173
1023.95889383 5174
981.685711516 5175
963.219361221 5176
970.900394252 5177
993.335248692 5178
1018.29614175 5179
1033.54952763 5180
1030.37060259 5181
1010.3709899 5182
977.053735917 5183
933.924729963 5184
884.73303665 5185
835.114837446 5186
791.598121605 5187
760.722528765 5188
748.854471777 5189
757.363411091 5190
782.07287389 5191
818.514411644 5192
862.214597986 5193
908.243113148 5194
950.464871924 5195
982.541330046 5196
998.126975161 5197
992.992867529 5198
977.646556298 5199
968.857946038 5200
983.439287457 5201
1037.41336049 5202
1128.1643558 5203
1234.39786198 5204
1333.98033925 5205
1404.79391927 5206
1436.75113094 5207
1448.14994039 5208
1461.3975217 5209
1498.93087339 5210
1578.75743301 5211
1691.74263048 5212
1818.51071014 5213
1939.64020463 5214
2036.25558381 5215
2100.30614957 5216
2133.42771072 5217
2137.59837007 5218
2114.81900033 5219
2070.26106054 5220
2015.696962 5221
1963.74118308 5222
1927.02716972 5223
1915.1464468 5224
1921.53833299 5225
1934.31323817 5226
1941.55954945 5227
1931.92861882 5228
1903.08235283 5229
1859.80015318 5230
1807.06187069 5231
1749.85462689 5232
1693.05576242 5233
1641.33752981 5234
1599.35752425 5235
1571.7814281 5236
1561.49190615 5237
1563.24783427 5238
1569.49420485 5239
1572.6627215 5240
1565.60885831 5241
1546.74178791 5242
1518.30106987 5243
1482.60540667 5244
1441.99380536 5245
1399.77042199 5246
1360.75972301 5247
1329.92749548 5248
1312.24952724 5249
1310.84682066 5250
1321.67419561 5251
1338.95521213 5252
1356.90179067 5253
1370.23023902 5254
1378.98417998 5255
1386.3640096 5256
1395.61758711 5257
1409.93992162 5258
1430.00504154 5259
1453.07354845 5260
1476.15834164 5261
1496.26637418 5262
1509.82722936 5263
1511.42261769 5264
1495.25283488 5265
1455.50628537 5266
1388.00304069 5267
1302.41882457 5268
1215.40288192 5269
1143.69097893 5270
1103.61623698 5271
1098.46423158 5272
1116.52120664 5273
1145.22348849 5274
1171.9872698 5275
1188.37128491 5276
1197.0754708 5277
1202.65287976 5278
1209.66708136 5279
1221.89346714 5280
1237.65993066 5281
1253.00871925 5282
1263.96495445 5283
1266.74004159 5284
1261.73045223 5285
1253.37581531 5286
1246.2905247 5287
1245.08414805 5288
1251.42753392 5289
1260.47217829 5290
1266.48452954 5291
1263.71874304 5292
1248.03432951 5293
1224.19754368 5294
1200.03796669 5295
1183.40590429 5296
1181.70505848 5297
1194.9473991 5298
1217.20275716 5299
1242.36060587 5300
1264.31808801 5301
1279.07732366 5302
1286.46464442 5303
1286.70921854 5304
1280.04100189 5305
1267.09331234 5306
1250.2785067 5307
1232.5039559 5308
1216.68435108 5309
1205.53057233 5310
1199.24242123 5311
1196.36246207 5312
1195.40072164 5313
1194.86094783 5314
1193.09637272 5315
1188.23969965 5316
1178.40225961 5317
1161.6905994 5318
1137.81074341 5319
1112.08425228 5320
1091.07371282 5321
1081.35769556 5322
1088.65983245 5323
1110.84039713 5324
1141.56806759 5325
1174.45751191 5326
1203.25139084 5327
1226.31696836 5328
1247.55250832 5329
1271.19064021 5330
1301.47381331 5331
1342.51767035 5332
1398.07106167 5333
1471.82804711 5334
1567.4915964 5335
1687.87126432 5336
1829.55807992 5337
1986.50920653 5338
2152.65779635 5339
2322.23989292 5340
2496.22100189 5341
2682.01420623 5342
2887.30767258 5343
3119.78198312 5344
3381.98324182 5345
3665.38748826 5346
3960.01303821 5347
4255.85448798 5348
4543.33196085 5349
4815.22192992 5350
5065.05886626 5351
5286.36536232 5352
5472.77121442 5353
5619.71942146 5354
5724.02296046 5355
5782.52394086 5356
5792.09485798 5357
5752.70731333 5358
5669.53994141 5359
5548.28280641 5360
5394.64083461 5361
5215.26091215 5362
5020.49441317 5363
4821.63745554 5364
4630.01258729 5365
4456.45402849 5366
4306.50162477 5367
4182.56642339 5368
4087.02791855 5369
4022.07300708 5370
3982.23568244 5371
3952.05801991 5372
3915.37485596 5373
3855.98699668 5374
3764.29089806 5375
3650.46956058 5376
3528.41117101 5377
3412.03724779 5378
3313.69121872 5379
3233.75670567 5380
3167.21328383 5381
3109.00115586 5382
3054.25865716 5383
3002.99201406 5384
2960.11115749 5385
2930.75462594 5386
2920.05600833 5387
2929.49023947 5388
2952.31633689 5389
2980.65853588 5390
3006.62445033 5391
3023.29950072 5392
3029.15588367 5393
3024.48068197 5394
3009.56330384 5395
2984.51548026 5396
2946.8044504 5397
2891.86454772 5398
2815.0686532 5399
2711.90032945 5400
2586.94554673 5401
2460.06652258 5402
2352.62960857 5403
2286.05096246 5404
2273.04730468 5405
2292.0831953 5406
2313.1765416 5407
2306.27393038 5408
2244.86742964 5409
2138.41530523 5410
2017.08779031 5411
1911.37178826 5412
1851.1988419 5413
1844.11979717 5414
1869.57234201 5415
1905.1665971 5416
1928.46983625 5417
1924.07760399 5418
1896.5066703 5419
1853.77547639 5420
1803.92108575 5421
1754.66447672 5422
1711.4435178 5423
1678.74161697 5424
1661.04839773 5425
1662.65347468 5426
1683.59057558 5427
1719.91446887 5428
1767.51900192 5429
1822.29689177 5430
1881.24235026 5431
1943.60574528 5432
2008.9105856 5433
2076.67942984 5434
2146.73918406 5435
2220.38466782 5436
2299.35608097 5437
2385.39589518 5438
2480.17286734 5439
2584.37351522 5440
2698.01344909 5441
2821.09617756 5442
2953.61507614 5443
3095.10683565 5444
3244.43185899 5445
3400.39447005 5446
3561.80242376 5447
3764.74893577 5448
4170.02375999 5449
4964.76615756 5450
6336.51113925 5451
8441.26115554 5452
11173.1086562 5453
14297.2495762 5454
17577.4897853 5455
20781.9198523 5456
23801.0864389 5457
26655.9784083 5458
29373.9302348 5459
31982.1989484 5460
34469.0818033 5461
36731.9742565 5462
38655.175455 5463
40122.7343917 5464
41031.7762871 5465
41352.5227278 5466
41080.2606074 5467
40210.2865071 5468
38747.5683926 5469
36839.2866289 5470
34741.1042821 5471
32711.9332532 5472
31009.288467 5473
29759.7859554 5474
28875.9136585 5475
28250.2395135 5476
27775.1032411 5477
27356.5614103 5478
26952.1007468 5479
26531.0765012 5480
26062.7864128 5481
25519.101373 5482
24895.7424039 5483
24201.1883234 5484
23444.0474683 5485
22632.5351605 5486
21762.6341988 5487
20816.3490794 5488
19774.8780697 5489
18619.4480503 5490
17352.3670551 5491
16028.5547348 5492
14711.0923853 5493
13463.1848488 5494
12338.7212524 5495
11336.443963 5496
10435.0311654 5497
9613.0875805 5498
8850.32084648 5499
8144.39958158 5500
7507.33495806 5501
6951.55863667 5502
6489.4192508 5503
6125.31177225 5504
5850.12347533 5505
5653.41793781 5506
5524.73810029 5507
5453.81414708 5508
5431.14593657 5509
5447.40305044 5510
5493.24070159 5511
5559.97694383 5512
5645.29559765 5513
5750.35040072 5514
5876.33406864 5515
6024.16506928 5516
6186.38901418 5517
6345.87680907 5518
6484.9349868 5519
6585.85508413 5520
6637.61967149 5521
6645.96494078 5522
6619.20911898 5523
6565.68643177 5524
6492.61644903 5525
6400.68221246 5526
6288.21703871 5527
6153.5428081 5528
5995.21997999 5529
5815.44706866 5530
5619.28401709 5531
5411.87793515 5532
5198.42736027 5533
4987.35986611 5534
4792.40959281 5535
4627.82778737 5536
4507.88532413 5537
4438.99201823 5538
4398.54907632 5539
4357.24793232 5540
4285.73482048 5541
4158.72620409 5542
3987.17453866 5543
3800.92487158 5544
3630.0307971 5545
3503.64906469 5546
3425.3008289 5547
3370.39156963 5548
3312.85611485 5549
3226.63712772 5550
3097.97112799 5551
2941.89334036 5552
2777.56947779 5553
2624.19422248 5554
2498.01855219 5555
2399.42485448 5556
2323.50825513 5557
2265.35147853 5558
2220.08357563 5559
2183.55406131 5560
2152.13270396 5561
2122.19531999 5562
2090.16441064 5563
2055.33406117 5564
2021.32640499 5565
1992.1273551 5566
1971.72740076 5567
1961.90713578 5568
1957.15342973 5569
1950.44511418 5570
1934.75140373 5571
1904.11017181 5572
1860.87294332 5573
1811.2675066 5574
1761.55170244 5575
1717.92025309 5576
1684.98727417 5577
1665.81967502 5578
1663.42390619 5579
1680.78287149 5580
1716.94464374 5581
1762.88495888 5582
1808.57877436 5583
1843.98898801 5584
1861.45726875 5585
1864.30916209 5586
1859.03026913 5587
1852.11415746 5588
1849.75177353 5589
1854.66571067 5590
1867.39916607 5591
1888.46334272 5592
1918.2336144 5593
1951.85178027 5594
1977.67133044 5595
1983.58059993 5596
1957.46273793 5597
1894.36566803 5598
1809.13328734 5599
1720.01389755 5600
1645.27669606 5601
1600.19494926 5602
1581.05009418 5603
1576.73719011 5604
1576.12210511 5605
1568.68728992 5606
1554.29000028 5607
1541.30970677 5608
1538.38749865 5609
1554.04403767 5610
1586.94369249 5611
1619.11370647 5612
1630.96232459 5613
1602.87580279 5614
1524.14197409 5615
1416.81794003 5616
1310.51270965 5617
1234.86743694 5618
1215.53442085 5619
1243.7375792 5620
1293.17625627 5621
1337.38345125 5622
1350.59161152 5623
1325.22233568 5624
1272.77050886 5625
1205.64466445 5626
1136.25580878 5627
1075.18090016 5628
1028.99634683 5629
1003.75968912 5630
1005.53398577 5631
1037.52356369 5632
1089.14929736 5633
1145.67930638 5634
1192.3659687 5635
1215.80239574 5636
1218.28181869 5637
1212.22166049 5638
1210.21892127 5639
1224.65903073 5640
1259.03789337 5641
1305.18932314 5642
1354.14932307 5643
1396.95115659 5644
1428.52934793 5645
1454.56505167 5646
1482.57665302 5647
1520.08923432 5648
1572.77956026 5649
1634.85749595 5650
1696.14926711 5651
1746.46359771 5652
1776.27404838 5653
1786.66529647 5654
1787.17832722 5655
1787.59680089 5656
1797.76378771 5657
1830.95312845 5658
1905.97816178 5659
2042.17171908 5660
2258.88263388 5661
2567.07803282 5662
2948.83439365 5663
3379.99866374 5664
3836.39629418 5665
4295.89864746 5666
4752.52877396 5667
5207.92978196 5668
5663.78848852 5669
6121.65300745 5670
6580.0135833 5671
7034.43032576 5672
7480.339201 5673
7913.13578093 5674
8323.89044109 5675
8695.21424143 5676
9008.73025519 5677
9246.04630655 5678
9398.78141825 5679
9500.91053079 5680
9597.61862991 5681
9734.12800884 5682
9951.46245869 5683
10249.3139218 5684
10604.0126706 5685
10991.6033443 5686
11388.1766325 5687
11771.6804488 5688
12122.1661454 5689
12419.7905293 5690
12644.7140738 5691
12782.1908047 5692
12829.3290176 5693
12784.9131079 5694
12647.7347835 5695
12424.1168186 5696
12158.6150303 5697
11907.9122076 5698
11728.7315571 5699
11672.9930176 5700
11734.3503314 5701
11867.8826102 5702
12027.9532864 5703
12169.398984 5704
12267.4951859 5705
12324.5084566 5706
12344.5607603 5707
12331.7762344 5708
12292.0764837 5709
12236.2501225 5710
12175.9123331 5711
12122.6825437 5712
12083.5531586 5713
12037.9561529 5714
11955.1582913 5715
11804.3919013 5716
11557.3474697 5717
11221.6822846 5718
10832.2577612 5719
10424.6257752 5720
10034.0299716 5721
9677.54301802 5722
9344.95530766 5723
9023.80474913 5724
8701.62275032 5725
8369.54680096 5726
8029.93652631 5727
7687.32758132 5728
7346.25559648 5729
7010.88786577 5730
6682.832745 5731
6362.62880984 5732
6050.80996145 5733
5748.06407382 5734
5457.77610574 5735
5185.60889317 5736
4937.29920181 5737
4718.50220192 5738
4528.37350392 5739
4355.18368358 5740
4186.15929256 5741
4008.51937565 5742
3813.79233006 5743
3608.56627548 5744
3402.71770543 5745
3206.1284794 5746
3028.40884686 5747
2877.02986715 5748
2758.47204253 5749
2679.21285587 5750
2645.38826669 5751
2656.13986902 5752
2704.11919394 5753
2781.72784907 5754
2881.63009857 5755
3022.87734718 5756
3272.8523687 5757
3704.13912926 5758
4389.36607938 5759
5373.48959726 5760
6595.32208948 5761
7968.21442334 5762
9405.46806958 5763
10826.6073441 5764
12204.2191929 5765
13537.5942397 5766
14826.2305199 5767
16068.7111268 5768
17242.8677237 5769
18305.8651766 5770
19213.9502367 5771
19923.4121653 5772
20399.089443 5773
20622.5760921 5774
20577.4058216 5775
20247.1042114 5776
19648.222781 5777
18932.8570132 5778
18287.9154028 5779
17900.4204328 5780
17937.371645 5781
18382.8508367 5782
19123.2470715 5783
20043.969687 5784
21031.8556273 5785
22010.9066086 5786
22944.0169902 5787
23795.9014067 5788
24531.3454681 5789
25128.9724607 5790
25595.9644617 5791
25943.0204857 5792
26180.8485354 5793
26306.1274822 5794
26255.0958123 5795
25947.7069011 5796
25303.8790311 5797
24259.3511835 5798
22901.0345385 5799
21399.6257386 5800
19926.8100735 5801
18650.1684529 5802
17626.6582477 5803
16794.0436764 5804
16084.1476501 5805
15428.8948762 5806
14782.6548878 5807
14147.3250958 5808
13530.8379632 5809
12941.1386887 5810
12384.1677039 5811
11857.074899 5812
11354.592648 5813
10871.450977 5814
10401.9611501 5815
9936.41358364 5816
9462.83210906 5817
8969.21326034 5818
8444.03416439 5819
7889.11928824 5820
7320.83703203 5821
6756.29690196 5822
6212.59301131 5823
5702.49548638 5824
5229.58047888 5825
4796.25385963 5826
4404.91997172 5827
4056.89481265 5828
3748.69146173 5829
3475.5030214 5830
3232.519325 5831
3014.64590029 5832
2814.08409813 5833
2621.5229537 5834
2427.62898075 5835
2223.52578506 5836
2012.52017534 5837
1811.0286679 5838
1636.128942 5839
1504.84914007 5840
1425.17845623 5841
1386.25366358 5842
1374.84832692 5843
1377.7283491 5844
1382.86548347 5845
1383.4260906 5846
1373.96536823 5847
1349.0347102 5848
1304.40847928 5849
1247.26367613 5850
1190.97949636 5851
1149.00481899 5852
1134.24269718 5853
1145.83699009 5854
1168.58022509 5855
1186.58291976 5856
1184.01920909 5857
1155.05689351 5858
1113.9496228 5859
1077.36353359 5860
1061.97508417 5861
1079.91235498 5862
1124.71354281 5863
1185.17127334 5864
1250.07102377 5865
1309.10434837 5866
1359.96411929 5867
1404.48998461 5868
1444.5577605 5869
1482.35089738 5870
1526.9619902 5871
1594.31219588 5872
1700.62374657 5873
1862.19151401 5874
2102.02909153 5875
2455.83029901 5876
2960.71907627 5877
3653.84588033 5878
4562.78860849 5879
5678.73737782 5880
6984.24881546 5881
8461.86806643 5882
10096.0264323 5883
11886.3741324 5884
13839.8880543 5885
15963.5976222 5886
18262.6033922 5887
20703.6483925 5888
23218.2248822 5889
25736.4637641 5890
28188.5551235 5891
30512.9238904 5892
32662.4115329 5893
34591.2668257 5894
36253.7104932 5895
37611.2968458 5896
38651.0665161 5897
39365.5281877 5898
39747.2241604 5899
39796.4924849 5900
39570.0712563 5901
39149.3880375 5902
38616.0351201 5903
38048.2687874 5904
37466.2305922 5905
36841.3901945 5906
36143.6711827 5907
35343.5151882 5908
34443.5481521 5909
33496.9972706 5910
32561.5755285 5911
31695.018477 5912
30933.2628401 5913
30245.1777603 5914
29586.7841955 5915
28914.0845338 5916
28188.7294151 5917
27408.4113538 5918
26584.8345644 5919
25729.7417225 5920
24854.3131092 5921
23961.4298682 5922
23047.7921252 5923
22109.9428013 5924
21144.6236973 5925
20157.4833929 5926
19166.5749027 5927
18190.8733491 5928
17249.3594206 5929
16357.3205515 5930
15520.1317547 5931
14741.5301995 5932
14025.2623209 5933
13372.1960306 5934
12767.5737778 5935
12191.3577761 5936
11623.4915371 5937
11046.1394654 5938
10467.7615776 5939
9913.91393177 5940
9410.4646143 5941
8982.55714852 5942
8630.42988443 5943
8324.21187775 5944
8032.1972655 5945
7722.73857358 5946
7382.53425237 5947
7040.16366691 5948
6730.04056872 5949
6486.61188661 5950
6333.37233032 5951
6243.88204409 5952
6177.47524053 5953
6093.44927827 5954
5955.19702099 5955
5765.48619409 5956
5548.92063013 5957
5330.36141284 5958
5134.13795959 5959
4971.18656293 5960
4838.64552829 5961
4733.01965424 5962
4650.80464176 5963
4587.62697977 5964
4537.46436474 5965
4494.09902502 5966
4451.30978761 5967
4404.5989901 5968
4355.91733355 5969
4308.71891747 5970
4266.46296763 5971
4231.63949154 5972
4199.34568619 5973
4161.2746149 5974
4109.09094939 5975
4034.9965014 5976
3940.84337513 5977
3836.75571429 5978
3733.13736087 5979
3640.3710594 5980
3566.83559355 5981
3517.74778412 5982
3498.0529309 5983
3512.69720588 5984
3560.19130006 5985
3619.72904865 5986
3666.86999167 5987
3677.14968689 5988
3631.60102129 5989
3544.39133092 5990
3442.00509027 5991
3350.97777579 5992
3295.9189548 5993
3276.05694846 5994
3272.86247199 5995
3267.42228035 5996
3241.13221558 5997
3187.72082872 5998
3116.64351093 5999
3038.38810374 6000
2963.44053508 6001
2898.37018238 6002
2840.44238499 6003
2785.56765042 6004
2729.65134232 6005
2670.1640856 6006
2611.8659548 6007
2561.64150716 6008
2526.38436394 6009
2511.68830067 6010
2510.6445264 6011
2509.38023054 6012
2493.93110004 6013
2450.99633421 6014
2383.31458651 6015
2309.91065836 6016
2250.5574449 6017
2224.92106301 6018
2239.09280858 6019
2273.985733 6020
2307.75787083 6021
2318.54302291 6022
2291.98868287 6023
2240.39622556 6024
2181.97250735 6025
2134.94789536 6026
2114.6965734 6027
2116.37472295 6028
2126.45771955 6029
2131.36991999 6030
2118.32217066 6031
2087.01609843 6032
2047.02943547 6033
2008.22124663 6034
1980.33707877 6035
1967.0517307 6036
1963.38977598 6037
1963.7065909 6038
1962.35394819 6039
1955.08195541 6040
1941.35031862 6041
1921.22429073 6042
1894.76881777 6043
1862.43489055 6044
1826.65876087 6045
1790.516643 6046
1757.0889537 6047
1729.18117272 6048
1706.64584759 6049
1687.56116524 6050
1669.97796421 6051
1651.98494724 6052
1632.74877488 6053
1612.60120589 6054
1591.93223608 6055
1571.12089258 6056
1549.17603801 6057
1522.42701725 6058
1486.88798149 6059
1438.56787768 6060
1377.07641363 6061
1315.36443848 6062
1269.48422841 6063
1255.51282317 6064
1285.85333448 6065
1346.03718483 6066
1409.68660384 6067
1450.33317861 6068
1443.29262166 6069
1392.88383412 6070
1326.7275544 6071
1273.14076739 6072
1260.06108277 6073
1294.84327478 6074
1355.32241565 6075
1417.02523156 6076
1455.46212493 6077
1455.9251864 6078
1429.38455814 6079
1390.97835971 6080
1355.86772782 6081
1336.10830282 6082
1328.03313921 6083
1323.03111596 6084
1312.47503149 6085
1288.73525788 6086
1254.40541886 6087
1218.04202189 6088
1188.28791229 6089
1173.48562252 6090
1174.31456996 6091
1183.51170885 6092
1193.43557875 6093
1196.47469358 6094
1189.21442356 6095
1176.00069498 6096
1162.02361185 6097
1152.48110735 6098
1150.65481583 6099
1153.23668184 6100
1155.50315645 6101
1152.72327107 6102
1141.23174269 6103
1124.47139431 6104
1108.78487651 6105
1100.53368046 6106
1105.55212793 6107
1122.21025796 6108
1143.39770262 6109
1161.8666364 6110
1170.46992497 6111
1166.35702929 6112
1152.23587056 6113
1131.18730535 6114
1106.30050833 6115
1081.54543899 6116
1062.92392615 6117
1056.73325803 6118
1069.28092439 6119
1103.62874053 6120
1148.65419169 6121
1189.3529554 6122
1210.69578281 6123
1199.89874893 6124
1163.42453229 6125
1117.46051378 6126
1078.29575851 6127
1061.47243484 6128
1067.93616467 6129
1085.58904844 6130
1101.85646979 6131
1104.26020996 6132
1087.53955602 6133
1057.72965651 6134
1021.85849988 6135
986.965225314 6136
959.455108996 6137
943.923494639 6138
944.654231909 6139
965.939423039 6140
1009.92473863 6141
1067.29715213 6142
1124.92930084 6143
1169.6679358 6144
1189.8100916 6145
1189.20747827 6146
1181.07725189 6147
1178.78685189 6148
1195.27891683 6149
1232.24762389 6150
1279.57046432 6151
1326.54777571 6152
1362.51108541 6153
1381.65007068 6154
1387.07653534 6155
1382.86031876 6156
1373.08040377 6157
1361.44882708 6158
1350.44297917 6159
1342.28604193 6160
1339.20446927 6161
1342.8959986 6162
1351.69912319 6163
1362.64420729 6164
1372.7534335 6165
1379.15937126 6166
1380.4705089 6167
1376.3158829 6168
1366.34460327 6169
1350.29395852 6170
1330.78211713 6171
1313.87531926 6172
1305.85245453 6173
1312.97781557 6174
1337.3901831 6175
1372.60317235 6176
1411.03922358 6177
1445.10697766 6178
1468.53940231 6179
1480.15205666 6180
1479.97132356 6181
1468.02306867 6182
1445.35133086 6183
1420.30255152 6184
1404.4266146 6185
1409.30890437 6186
1445.46698671 6187
1507.26143304 6188
1576.63546219 6189
1635.18431654 6190
1664.76367079 6191
1658.97787945 6192
1626.87922729 6193
1578.58462293 6194
1524.23535931 6195
1475.0946918 6196
1444.98084394 6197
1448.09342426 6198
1498.65757508 6199
1605.65681212 6200
1755.95791292 6201
1930.59258875 6202
2110.55735535 6203
2279.06067979 6204
2437.06748032 6205
2593.99649542 6206
2759.3367457 6207
2941.78103995 6208
3136.5601083 6209
3327.8150358 6210
3499.32654355 6211
3634.99087657 6212
3725.43255827 6213
3770.72539941 6214
3771.65029963 6215
3728.99711194 6216
3646.03316438 6217
3532.08019602 6218
3397.38303272 6219
3252.20593743 6220
3105.87377768 6221
2963.47731349 6222
2828.93582662 6223
2706.17795434 6224
2599.49175807 6225
2516.11483581 6226
2464.75922552 6227
2454.16630632 6228
2492.41283387 6229
2575.66682963 6230
2689.92586892 6231
2820.83164428 6232
2954.11461086 6233
3081.18687404 6234
3201.69552662 6235
3315.93392005 6236
3424.19915107 6237
3527.89543034 6238
3631.21036623 6239
3738.77100575 6240
3855.2101815 6241
3980.35075933 6242
4092.16992695 6243
4162.42209163 6244
4162.8046134 6245
4070.33216612 6246
3907.4722107 6247
3719.64710852 6248
3552.53983782 6249
3449.88989181 6250
3419.59843182 6251
3438.83125912 6252
3483.71906478 6253
3530.57341456 6254
3567.25176594 6255
3598.3296791 6256
3629.70109884 6257
3667.25591127 6258
3712.78272915 6259
3757.85020204 6260
3792.45414124 6261
3806.56825477 6262
3792.71754515 6263
3754.84794877 6264
3700.09383182 6265
3635.60313416 6266
3567.73311464 6267
3496.23577329 6268
3417.61453743 6269
3328.34428221 6270
3225.27239622 6271
3111.64622542 6272
2996.05628946 6273
2887.27040924 6274
2793.95777505 6275
2719.52184309 6276
2660.02018096 6277
2610.95915047 6278
2567.84251058 6279
2527.82520491 6280
2491.99322299 6281
2462.00645316 6282
2439.52587528 6283
2423.89808544 6284
2404.69818982 6285
2368.91083439 6286
2303.49334625 6287
2198.41429201 6288
2066.89022637 6289
1932.9351207 6290
1820.66851022 6291
1753.18239424 6292
1737.14203573 6293
1766.3253189 6294
1834.15463723 6295
1934.13173514 6296
2063.33753394 6297
2223.51784768 6298
2416.7333256 6299
2645.01373403 6300
2903.56407886 6301
3172.63043882 6302
3430.44022407 6303
3655.17787244 6304
3831.4378564 6305
3968.51678846 6306
4081.65453037 6307
4186.12047001 6308
4293.18239654 6309
4386.3352751 6310
4437.32213572 6311
4417.78901913 6312
4301.92538529 6313
4098.47370889 6314
3840.82150676 6315
3562.94500135 6316
3298.52435528 6317
3069.90523052 6318
2886.11325192 6319
2755.43050314 6320
2686.06501957 6321
2675.07816522 6322
2697.71574545 6323
2726.65376281 6324
2734.51571568 6325
2702.42311528 6326
2640.23967129 6327
2563.89440572 6328
2489.34882309 6329
2429.85797694 6330
2382.36671656 6331
2337.77381518 6332
2286.95038663 6333
2221.55541384 6334
2142.17926306 6335
2055.00027217 6336
1966.29416351 6337
1882.11462889 6338
1802.87824436 6339
1723.205773 6340
1637.44293619 6341
1540.00684507 6342
1431.52347027 6343
1323.0936087 6344
1226.84595737 6345
1154.92644251 6346
1113.86758608 6347
1094.1484786 6348
1083.38547567 6349
1069.17031729 6350
1041.41878451 6351
1001.71599103 6352
955.281568813 6353
907.345779139 6354
863.040561504 6355
826.522342869 6356
801.435014929 6357
791.424909464 6358
799.731629592 6359
822.144564019 6360
847.975186166 6361
866.299866769 6362
866.342645806 6363
845.255384191 6364
811.40356015 6365
774.015272161 6366
742.326389684 6367
723.06957367 6368
717.095622334 6369
724.415975602 6370
745.042112443 6371
778.265879277 6372
820.495458325 6373
867.409959792 6374
914.680428049 6375
958.204185294 6376
995.524518021 6377
1024.89109215 6378
1044.55235873 6379
1053.04461054 6380
1052.7410488 6381
1048.74092443 6382
1046.21037672 6383
1050.13463605 6384
1059.83558564 6385
1068.13924876 6386
1067.50184058 6387
1050.41317777 6388
1014.29854044 6389
965.794643862 6390
912.555467174 6391
862.249638812 6392
821.288016322 6393
792.124854337 6394
776.447189676 6395
775.945444862 6396
791.002601596 6397
814.940825204 6398
838.702076966 6399
853.20874664 6400
850.635597833 6401
835.325024352 6402
818.418987486 6403
811.154443068 6404
824.274724204 6405
858.665685175 6406
906.316291679 6407
958.882693832 6408
1008.07222679 6409
1048.92065402 6410
1081.27877263 6411
1105.37268155 6412
1121.43093236 6413
1130.2766482 6414
1134.13174202 6415
1135.42391807 6416
1136.58540404 6417
1138.49874124 6418
1135.85828021 6419
1121.80910931 6420
1089.48309366 6421
1034.0482079 6422
964.732729718 6423
896.691182359 6424
845.125956795 6425
823.940971862 6426
830.371068253 6427
850.243174262 6428
869.137252345 6429
872.961160566 6430
857.16338397 6431
827.600019909 6432
790.663833527 6433
752.753388441 6434
719.805876649 6435
696.945344143 6436
689.222247264 6437
701.691826769 6438
734.874870111 6439
776.313942351 6440
811.226520761 6441
824.802612472 6442
805.975541947 6443
761.826518995 6444
704.914761067 6445
647.823741109 6446
602.345247621 6447
573.493878371 6448
562.911607765 6449
572.219505271 6450
602.616958589 6451
648.627368395 6452
699.447861508 6453
744.108221614 6454
771.836872251 6455
779.682679992 6456
774.51441601 6457
763.83513392 6458
755.133928249 6459
752.187611195 6460
751.317210861 6461
747.947253027 6462
737.494445251 6463
717.291021417 6464
690.98401601 6465
663.523041972 6466
639.866718994 6467
624.315516425 6468
617.489075346 6469
618.741556307 6470
627.424289962 6471
642.601714143 6472
660.58059709 6473
676.120689503 6474
683.955548004 6475
679.085048617 6476
661.608316256 6477
636.129089592 6478
607.414325523 6479
580.215520651 6480
558.247747841 6481
543.78712831 6482
539.00808971 6483
546.076972775 6484
564.847561292 6485
590.09817481 6486
615.925522225 6487
636.415744229 6488
646.646054491 6489
645.288725016 6490
631.824439723 6491
605.73265311 6492
567.655755429 6493
525.225370696 6494
488.681959468 6495
468.288482774 6496
473.044040688 6497
498.575202086 6498
532.532100503 6499
562.4373745 6500
576.293201288 6501
572.23202305 6502
557.818866026 6503
540.990132616 6504
529.605904099 6505
527.007430427 6506
529.997275162 6507
534.861843212 6508
537.887819464 6509
536.926225601 6510
533.417133093 6511
529.303312762 6512
526.53052081 6513
526.390185785 6514
527.727173929 6515
528.815944286 6516
527.927697824 6517
523.78893491 6518
517.948628928 6519
513.033893504 6520
511.678304717 6521
516.222142229 6522
525.834703421 6523
537.766182554 6524
549.235119278 6525
557.533532871 6526
561.555297258 6527
561.697407046 6528
558.415438987 6529
552.177734829 6530
544.033939911 6531
535.872713756 6532
529.651444521 6533
527.322330415 6534
529.006924681 6535
530.681502535 6536
527.746720602 6537
515.595005842 6538
492.97107141 6539
470.841307199 6540
462.969660392 6541
483.144361913 6542
540.788887335 6543
619.143676806 6544
691.739961053 6545
732.046449695 6546
716.837451892 6547
656.960871384 6548
583.191164752 6549
526.605104052 6550
516.735437937 6551
552.671998094 6552
606.136056015 6553
647.828675558 6554
648.890637725 6555
602.04874313 6556
529.687750033 6557
456.379765888 6558
406.678666141 6559
394.771785014 6560
412.789923621 6561
450.032328551 6562
495.779399033 6563
540.300572839 6564
577.251490623 6565
600.993707547 6566
605.879163976 6567
588.457725085 6568
557.341860704 6569
525.261755199 6570
504.973507142 6571
507.375205859 6572
526.221128586 6573
546.066595438 6574
551.352578563 6575
527.711817503 6576
480.821172004 6577
432.811474989 6578
406.337050259 6579
423.513919741 6580
486.163448662 6581
570.870329569 6582
652.604515329 6583
706.416793867 6584
721.183047087 6585
712.0388073 6586
697.075833544 6587
694.412979803 6588
715.573253731 6589
752.445764194 6590
793.278606176 6591
826.299083827 6592
843.035406264 6593
850.76962982 6594
861.472407535 6595
887.136411354 6596
936.882638827 6597
997.510777683 6598
1045.39910408 6599
1056.82684068 6600
1010.46693947 6601
917.483787155 6602
812.237303163 6603
729.646077814 6604
703.467293645 6605
735.552363305 6606
793.49720176 6607
843.15844853 6608
850.662364518 6609
804.245142186 6610
727.907505218 6611
648.94243789 6612
594.663218905 6613
581.848443366 6614
601.085184225 6615
638.953672651 6616
682.009787545 6617
718.569200035 6618
743.888304854 6619
754.912156429 6620
748.580437975 6621
723.019730687 6622
683.76367622 6623
639.1988044 6624
597.732696452 6625
566.881791817 6626
544.866357546 6627
524.431691081 6628
498.240065018 6629
459.474880962 6630
411.197678834 6631
365.188646324 6632
333.547132922 6633
328.102362607 6634
349.06112794 6635
381.332292217 6636
408.757789178 6637
415.227193402 6638
394.578544598 6639
360.367255459 6640
328.489668026 6641
314.86670837 6642
328.741493301 6643
359.037449446 6644
390.817974853 6645
409.119193483 6646
403.11121858 6647
381.789305044 6648
360.074752369 6649
352.917553179 6650
372.635726541 6651
411.386736796 6652
452.054709794 6653
477.443943354 6654
471.779338727 6655
437.746023523 6656
390.775462077 6657
346.579665174 6658
320.46603278 6659
317.426185151 6660
331.902047433 6661
357.849190515 6662
389.217881844 6663
420.268842403 6664
445.738421716 6665
460.393135069 6666
459.009428792 6667
440.816202804 6668
415.11825883 6669
392.620629459 6670
384.04805575 6671
395.532449003 6672
417.221074649 6673
435.777330715 6674
437.839523173 6675
413.611357246 6676
372.677887328 6677
331.164216646 6678
305.231000281 6679
308.624426048 6680
334.09469876 6681
363.660611238 6682
379.221881521 6683
364.002076413 6684
320.922012507 6685
267.798811289 6686
222.849766008 6687
203.843082651 6688
215.195920626 6689
246.55268244 6690
286.774593635 6691
324.768430412 6692
353.94210271 6693
375.025139263 6694
389.418179975 6695
398.526547726 6696
404.268776569 6697
409.801310696 6698
418.46964932 6699
433.625676102 6700
457.076601251 6701
484.926356029 6702
511.959954748 6703
532.951380912 6704
544.012678359 6705
548.896318999 6706
554.056880315 6707
565.964755419 6708
590.216156727 6709
624.470542494 6710
662.189412554 6711
696.784609318 6712
721.845417384 6713
733.832976543 6714
731.430965106 6715
713.379393322 6716
678.523760297 6717
628.79708947 6718
569.601207459 6719
506.53083777 6720
445.192572107 6721
391.21075694 6722
350.232545622 6723
327.917255165 6724
329.920418836 6725
357.293609054 6726
400.003936114 6727
446.368050736 6728
484.679175611 6729
506.796332619 6730
517.558929275 6731
524.757709709 6732
536.198595071 6733
557.930761296 6734
586.224157136 6735
613.979534655 6736
634.080510939 6737
640.437511823 6738
635.901661265 6739
627.892588706 6740
623.881103991 6741
630.676693311 6742
645.563320323 6743
658.75789787 6744
660.292210281 6745
640.594395947 6746
600.789414046 6747
553.391376412 6748
511.490985223 6749
488.048478307 6750
487.041505229 6751
498.707716456 6752
512.106881519 6753
516.299536206 6754
505.0313792 6755
482.492749217 6756
454.290156479 6757
426.041309322 6758
403.073684117 6759
389.728544552 6760
390.150134342 6761
408.491673523 6762
446.528645155 6763
494.198411463 6764
537.750604796 6765
563.404896167 6766
559.571972821 6767
531.469161206 6768
492.040609794 6769
454.29795144 6770
430.540562932 6771
424.210431914 6772
432.881873492 6773
454.020043046 6774
485.004668655 6775
521.557700174 6776
557.832909473 6777
587.910671755 6778
605.92385098 6779
608.713203279 6780
596.761415508 6781
570.808147548 6782
531.633279483 6783
484.506503124 6784
443.334536261 6785
423.031535612 6786
438.530594802 6787
494.627055627 6788
567.717485337 6789
629.226038693 6790
650.515644537 6791
611.806982373 6792
530.205891963 6793
432.411753063 6794
345.180357509 6795
291.74700272 6796
273.223521386 6797
282.240799592 6798
311.396975841 6799
353.04054275 6800
397.285714155 6801
432.999867807 6802
449.013925026 6803
435.173122609 6804
397.288150601 6805
353.723609503 6806
323.219833609 6807
323.889439161 6808
355.444448996 6809
397.264771891 6810
427.638349357 6811
425.110709261 6812
386.541267517 6813
337.319744891 6814
305.353790751 6815
318.533712386 6816
388.819685673 6817
492.789031696 6818
602.218873982 6819
688.827628635 6820
732.619812734 6821
740.360045571 6822
724.195799909 6823
696.300815927 6824
667.349298756 6825
640.843694225 6826
618.174515028 6827
600.735595965 6828
589.80806929 6829
585.871642311 6830
589.06208195 6831
599.514451999 6832
617.210734166 6833
640.490056936 6834
666.691716665 6835
693.135034723 6836
717.029571823 6837
733.763955122 6838
737.175300991 6839
721.038200764 6840
679.391712512 6841
615.066328869 6842
541.291994338 6843
471.927190911 6844
420.793113287 6845
396.890977162 6846
401.236100463 6847
434.097212302 6848
495.718703128 6849
579.924987331 6850
665.561636422 6851
729.300199755 6852
747.761983634 6853
707.154621277 6854
625.840847711 6855
528.935826724 6856
441.609901166 6857
384.999094291 6858
360.390749036 6859
363.035361272 6860
388.171239642 6861
430.373969512 6862
479.568996394 6863
523.649446311 6864
550.474126012 6865
549.19490391 6866
523.133509793 6867
484.256225825 6868
444.677517998 6869
416.02708084 6870
401.12293633 6871
395.331549187 6872
393.775820926 6873
391.644433994 6874
386.475099678 6875
378.540478091 6876
368.267878539 6877
356.089120981 6878
342.6855081 6879
329.137730544 6880
316.564882193 6881
306.088051741 6882
298.762505877 6883
295.493708999 6884
297.168288096 6885
304.674481231 6886
317.484474652 6887
330.593261413 6888
338.103524741 6889
334.104803743 6890
315.11186976 6891
288.665737178 6892
265.443707885 6893
256.147216625 6894
269.355732185 6895
299.683845111 6896
336.130911575 6897
367.656687157 6898
384.387380533 6899
387.857017963 6900
385.97410515 6901
386.733667314 6902
397.660361199 6903
419.025542612 6904
445.521450691 6905
471.685675553 6906
492.218408906 6907
506.152560869 6908
517.052808822 6909
528.703845372 6910
544.891860032 6911
569.073402389 6912
604.231872629 6913
653.321116696 6914
719.232155613 6915
796.38847375 6916
862.690770134 6917
894.086187087 6918
866.491602534 6919
769.986240438 6920
633.046944746 6921
490.639188642 6922
377.807008734 6923
320.917778454 6924
313.063778631 6925
339.389009967 6926
385.004309589 6927
435.572370474 6928
479.880093979 6929
507.748788122 6930
508.978316972 6931
475.530907199 6932
416.288964502 6933
348.066846417 6934
287.76060816 6935
251.313701243 6936
243.392437856 6937
261.467325098 6938
302.887415706 6939
364.584448856 6940
436.163829989 6941
500.911881789 6942
541.873032805 6943
542.588471289 6944
502.864702016 6945
441.411000568 6946
378.035916559 6947
332.413727148 6948
313.460669601 6949
313.280038574 6950
322.499813667 6951
331.749796733 6952
335.441376484 6953
336.023118816 6954
336.973603184 6955
341.777588727 6956
352.418034588 6957
366.485360972 6958
380.769001781 6959
392.051414183 6960
397.750927874 6961
397.882562591 6962
393.119667875 6963
384.136823792 6964
371.638839905 6965
356.493179834 6966
339.625787678 6967
321.964731719 6968
304.126774714 6969
284.216699096 6970
259.126176812 6971
225.732674468 6972
181.711859859 6973
134.141798347 6974
96.2082695802 6975
81.2281909699 6976
101.588125293 6977
152.502938319 6978
214.306982191 6979
266.802609191 6980
290.307161453 6981
281.814359803 6982
257.520573181 6983
234.715802402 6984
230.548392796 6985
251.924352249 6986
290.077976539 6987
334.904109232 6988
376.303562321 6989
408.2149379 6990
432.860439634 6991
453.480395564 6992
473.318949974 6993
493.350532057 6994
508.25279263 6995
511.611186035 6996
496.998090587 6997
461.316165659 6998
414.136565845 6999
368.052212247 7000
335.682850648 7001
326.738648332 7002
335.61808347 7003
351.719939209 7004
364.417820968 7005
364.888899166 7006
357.515055952 7007
352.509854512 7008
360.133311665 7009
389.436050045 7010
436.854963539 7011
491.401557938 7012
541.969651562 7013
577.842926787 7014
594.537013331 7015
592.409806032 7016
571.946388924 7017
533.840151923 7018
483.708577253 7019
432.200913074 7020
390.214874983 7021
368.475024405 7022
369.641625623 7023
385.586494179 7024
407.41320018 7025
426.239890318 7026
435.996820757 7027
435.582254885 7028
424.397967017 7029
401.849384191 7030
368.715494894 7031
328.983526788 7032
287.105043142 7033
247.540592424 7034
213.725784314 7035
185.869308689 7036
163.549748914 7037
146.344961246 7038
133.972457944 7039
126.745200564 7040
125.134509255 7041
129.612537309 7042
140.542842398 7043
157.660149978 7044
180.474572978 7045
208.494959416 7046
240.734462599 7047
272.309363912 7048
296.481609305 7049
306.488236673 7050
296.50779413 7051
271.268486128 7052
242.073043097 7053
220.346204388 7054
216.868604734 7055
231.653198077 7056
255.978805253 7057
280.855207854 7058
297.478238713 7059
302.138183875 7060
296.471266514 7061
282.369916173 7062
261.751707849 7063
237.454014651 7064
213.559465983 7065
194.247176057 7066
183.678986485 7067
183.803350699 7068
192.672801761 7069
207.940797128 7070
227.256769069 7071
248.438211252 7072
269.696176628 7073
289.293530258 7074
305.489344894 7075
315.997095169 7076
316.883669426 7077
303.897475548 7078
272.778034408 7079
223.73950509 7080
175.118355773 7081
149.86787415 7082
170.9895721 7083
254.497200896 7084
378.573151163 7085
508.67309042 7086
610.170658362 7087
652.788890145 7088
638.169323062 7089
582.019732377 7090
500.141632413 7091
408.12096769 7092
319.105415775 7093
244.859366861 7094
197.155896174 7095
186.677997341 7096
208.593434432 7097
246.662412945 7098
284.347523739 7099
305.668693144 7100
306.777850512 7101
295.227597047 7102
279.02669679 7103
266.063883086 7104
259.781256743 7105
258.301253284 7106
259.430008206 7107
261.016336451 7108
263.624577167 7109
271.971485977 7110
291.133680216 7111
326.128086998 7112
373.209641 7113
411.496421724 7114
418.078751442 7115
370.039909277 7116
262.468306309 7117
135.954332444 7118
38.240513514 7119
17.1745956904 7120
99.7025348887 7121
243.88729157 7122
393.575576543 7123
492.483044852 7124
499.323392423 7125
437.805900236 7126
349.1951073 7127
274.853621307 7128
248.749528126 7129
262.600311048 7130
293.253528489 7131
317.485112391 7132
314.644183021 7133
283.649538728 7134
232.284692035 7135
168.395501483 7136
100.275479768 7137
40.5366916549 7138
4.30263057188 7139
6.76499048804 7140
61.2046834886 7141
153.973247868 7142
251.702930381 7143
320.49297843 7144
328.058197443 7145
275.889952755 7146
196.633147444 7147
124.176546488 7148
91.6754247412 7149
107.583319491 7150
151.808174612 7151
202.622101437 7152
238.45552987 7153
248.593620127 7154
238.100575419 7155
213.292278125 7156
180.514786676 7157
147.419773154 7158
124.028614796 7159
120.641009715 7160
147.557745276 7161
208.06195693 7162
289.181346476 7163
375.619747726 7164
452.038739413 7165
506.342913422 7166
536.104314678 7167
540.668132843 7168
519.377853931 7169
473.942792942 7170
415.044974811 7171
355.519759285 7172
308.242540454 7173
283.570858044 7174
279.437574315 7175
289.982867262 7176
309.327630558 7177
331.635426679 7178
351.434486002 7179
363.38385397 7180
362.125243411 7181
343.494933795 7182
313.238340147 7183
281.974221048 7184
260.390033102 7185
258.144623639 7186
273.376358309 7187
297.138689517 7188
320.352016256 7189
334.476270556 7190
339.332657926 7191
341.125950206 7192
346.242816832 7193
360.838940673 7194
385.846895192 7195
417.271349072 7196
450.91181095 7197
482.519145055 7198
506.847020223 7199
517.489174532 7200
507.950263632 7201
471.913646778 7202
413.091487882 7203
349.623670962 7204
300.835257086 7205
285.976087363 7206
310.653223885 7207
356.105924952 7208
400.986230607 7209
423.913042743 7210
414.822030621 7211
388.809553562 7212
364.408575663 7213
360.218984178 7214
385.28927253 7215
422.100316742 7216
448.500654285 7217
442.239161492 7218
390.233492155 7219
311.525793822 7220
232.225117941 7221
178.562374942 7222
169.53888199 7223
192.074210598 7224
224.231291743 7225
243.966601064 7226
233.569669706 7227
199.82702418 7228
158.01826196 7229
123.507191602 7230
109.810555241 7231
117.013817538 7232
139.425734771 7233
171.304625774 7234
206.705112039 7235
238.088080419 7236
257.047903178 7237
255.125003534 7238
225.056757981 7239
174.048397037 7240
118.729599979 7241
75.9802940408 7242
61.6351077771 7243
73.8707732283 7244
96.8406102128 7245
114.225048708 7246
110.431751731 7247
87.3887157138 7248
63.9441665864 7249
59.7426639862 7250
93.8922118739 7251
165.430230791 7252
249.905449024 7253
321.39313603 7254
354.199449799 7255
341.106687194 7256
301.114093067 7257
255.320108721 7258
224.830000554 7259
220.320945256 7260
234.450334105 7261
258.052468421 7262
281.906104706 7263
297.80709345 7264
299.745359545 7265
281.947709384 7266
238.615419282 7267
171.079400953 7268
98.9604774042 7269
44.8932638734 7270
31.6773486498 7271
71.102760758 7272
139.952477974 7273
207.966717794 7274
244.651801588 7275
229.743305393 7276
183.266420944 7277
135.17188757 7278
115.650422419 7279
147.347078801 7280
215.887869725 7281
295.689257177 7282
360.954297038 7283
390.267834221 7284
389.206312701 7285
373.336370744 7286
358.372051493 7287
357.317704888 7288
362.431554026 7289
356.619948113 7290
322.592815604 7291
246.124676903 7292
142.451428008 7293
42.8724767099 7294
0.0 7295
0.0 7296
34.1593529481 7297
105.431436624 7298
156.253861051 7299
