8.9461573361 3800
12.26693849 3801
8.00509102475 3802
1.51407794077 3803
0.0 3804
2.99541774206 3805
15.227907834 3806
28.1672841302 3807
34.8873544988 3808
28.4621021679 3809
5.03805875669 3810
0.0 3811
0.0 3812
0.0 3813
0.0 3814
0.0 3815
0.0 3816
0.0 3817
0.0 3818
0.0 3819
0.0 3820
0.0 3821
0.0 3822
0.0 3823
0.0 3824
1.70082336518 3825
14.6962349752 3826
22.5076170306 3827
22.9857218042 3828
18.1941789013 3829
10.7903470431 3830
3.43158495078 3831
0.0 3832
0.0 3833
0.0 3834
0.0 3835
0.0 3836
0.0 3837
0.0 3838
0.0 3839
0.0 3840
0.0 3841
7.51134804363 3842
25.3569438139 3843
38.2230909516 3844
40.9736864829 3845
32.1962894045 3846
16.1350777335 3847
0.0 3848
0.0 3849
0.0 3850
0.0 3851
0.0 3852
0.0 3853
0.0 3854
0.0 3855
4.84085643957 3856
12.9442866234 3857
16.6289569998 3858
14.5532872995 3859
8.554692037 3860
1.36447008304 3861
0.0 3862
0.0 3863
0.0 3864
0.0 3865
0.0 3866
0.0 3867
0.0 3868
0.0 3869
0.0 3870
0.0 3871
0.0 3872
0.0 3873
0.0 3874
0.0 3875
5.50547159912 3876
33.1667657232 3877
54.5961608735 3878
65.5069580695 3879
61.6124583308 3880
39.401249936 3881
4.28291347366 3882
0.0 3883
0.0 3884
0.0 3885
0.0 3886
0.0 3887
20.4216634879 3888
47.4985856501 3889
54.9943236707 3890
44.3678684794 3891
23.1717174886 3892
0.0 3893
0.0 3894
0.0 3895
0.0 3896
0.0 3897
0.0 3898
0.0 3899
7.48827711252 3900
20.0043526933 3901
27.8324324522 3902
28.1168383468 3903
20.5462405514 3904
8.20969316521 3905
0.0 3906
0.0 3907
0.0 3908
0.0 3909
0.0 3910
0.0 3911
0.0 3912
3.2091253646 3913
10.7553682085 3914
10.0046473814 3915
0.0 3916
0.0 3917
0.0 3918
0.0 3919
0.0 3920
0.0 3921
0.0 3922
0.0 3923
47.6107256086 3924
78.5044877926 3925
83.3180355593 3926
68.3598443371 3927
42.5582376425 3928
14.8415389918 3929
0.0 3930
0.0 3931
0.0 3932
0.0 3933
0.0 3934
0.0 3935
0.0 3936
0.0 3937
0.0 3938
4.80946819364 3939
27.7961854488 3940
47.4911727969 3941
56.9334820139 3942
49.2501646778 3943
23.7445948715 3944
0.0 3945
0.0 3946
0.0 3947
0.0 3948
0.0 3949
0.0 3950
0.0672086351747 3951
7.93002376718 3952
0.600295555677 3953
0.0 3954
0.0 3955
0.0 3956
0.0 3957
0.0 3958
0.0 3959
0.0 3960
0.0 3961
0.0 3962
0.0 3963
0.0 3964
0.0 3965
0.0 3966
0.0 3967
0.0 3968
0.0 3969
0.0 3970
0.0 3971
0.0 3972
0.0 3973
0.0 3974
0.0 3975
0.0 3976
0.0 3977
2.19309174112 3978
6.95622032337 3979
5.86218298991 3980
1.24222936399 3981
0.0 3982
0.0 3983
0.0 3984
0.0 3985
0.0 3986
0.0 3987
0.0 3988
0.0 3989
0.0 3990
0.0 3991
6.08029324529 3992
19.8707999205 3993
34.1297515052 3994
45.0901583859 3995
48.9850309493 3996
43.0156486425 3997
29.1326952718 3998
10.7407045669 3999
0.0 4000
0.0 4001
0.0 4002
0.0 4003
0.0 4004
0.0 4005
0.0 4006
0.0 4007
0.0 4008
0.0 4009
0.0 4010
0.0 4011
0.0 4012
0.0 4013
0.0 4014
0.0 4015
0.0 4016
0.0 4017
0.563016567885 4018
12.5098903585 4019
21.9657193103 4020
28.1778529867 4021
30.4003738194 4022
27.8990479663 4023
21.1567959796 4024
12.9214550533 4025
6.18778539641 4026
3.95054721831 4027
8.5604343476 4028
17.9470360574 4029
28.1836621534 4030
35.3372392136 4031
35.5515167368 4032
28.3268306673 4033
17.7509147136 4034
8.2420428605 4035
4.21848909237 4036
8.78858490974 4037
18.7642937616 4038
29.0681466783 4039
34.6223136816 4040
30.5556692468 4041
16.8173442984 4042
0.0 4043
0.0 4044
0.0 4045
0.0 4046
0.0 4047
0.0 4048
0.0 4049
0.0 4050
0.0 4051
0.0 4052
0.0 4053
0.0 4054
0.0 4055
0.0 4056
0.0 4057
0.0 4058
0.0 4059
0.0 4060
0.0 4061
0.0 4062
0.0 4063
0.0 4064
0.0 4065
0.0 4066
0.0 4067
0.0 4068
0.0 4069
0.0 4070
7.11337362749 4071
18.4824676995 4072
26.1802125051 4073
30.8402168242 4074
33.2043280133 4075
34.0143934287 4076
33.9676940314 4077
33.5729678322 4078
33.2891013472 4079
33.5749807848 4080
34.8583279331 4081
36.9783792356 4082
39.249405726 4083
40.9672699821 4084
41.4281104114 4085
40.2338820718 4086
37.8773258971 4087
35.0124839775 4088
32.2933984033 4089
30.2625669761 4090
28.1806978754 4091
24.4885647406 4092
17.6135878789 4093
5.99454556682 4094
0.0 4095
0.0 4096
0.0 4097
0.0 4098
0.0 4099
0.0 4100
0.0 4101
0.0 4102
0.0 4103
0.0 4104
0.0 4105
0.0 4106
0.0 4107
0.0 4108
0.0 4109
0.0 4110
0.0 4111
0.0 4112
13.052265007 4113
42.4467586946 4114
66.9747680643 4115
78.8620613612 4116
73.2832826606 4117
55.2794045925 4118
31.9524458463 4119
10.4044251115 4120
0.0 4121
0.0 4122
0.0 4123
7.47559744862 4124
18.9330137583 4125
30.2836034784 4126
39.2379417551 4127
43.5299630541 4128
40.8936018408 4129
29.6650385434 4130
13.2477588683 4131
0.0 4132
0.0 4133
0.0 4134
10.343442975 4135
38.2277529784 4136
70.7742866489 4137
102.826377513 4138
129.596183073 4139
148.311136534 4140
156.883541212 4141
153.226264841 4142
135.399233938 4143
105.468695072 4144
69.887963898 4145
35.3337614841 4146
8.48275183369 4147
0.0 4148
0.0 4149
2.6493683769 4150
21.7132708184 4151
48.6028365219 4152
79.9939166469 4153
111.28946195 4154
137.860473413 4155
155.085538151 4156
160.63652419 4157
157.688062223 4158
150.223117982 4159
142.224657203 4160
137.282896149 4161
135.507038925 4162
135.187036701 4163
134.596983878 4164
132.025491081 4165
126.752643689 4166
119.668923636 4167
111.812317179 4168
104.220810573 4169
97.8478279115 4170
93.1710798542 4171
90.5020585019 4172
90.1520818994 4173
92.4348114852 4174
97.7296788027 4175
106.489246916 4176
119.169899765 4177
136.227999363 4178
157.332121145 4179
179.281392659 4180
198.221810626 4181
210.299371766 4182
211.955341567 4183
203.978815147 4184
190.470278191 4185
175.613366988 4186
163.587160897 4187
157.252695298 4188
156.335104483 4189
160.103219283 4190
167.825870525 4191
178.650056812 4192
190.665633522 4193
201.419513594 4194
208.454163676 4195
209.346363701 4196
203.861647863 4197
195.235033021 4198
187.009160197 4199
182.726670413 4200
185.077218659 4201
192.126838061 4202
200.382265137 4203
206.349038399 4204
206.646530915 4205
200.853903402 4206
191.713317535 4207
182.121468402 4208
174.974987153 4209
172.571808488 4210
175.146605886 4211
182.489915225 4212
194.392272388 4213
210.547255808 4214
229.33857157 4215
248.209111976 4216
264.581167079 4217
275.883506354 4218
280.881651701 4219
281.305683114 4220
279.284043127 4221
276.945174274 4222
276.335636471 4223
278.854141997 4224
285.591449809 4225
297.636446949 4226
316.02347449 4227
338.996705879 4228
360.732333837 4229
375.084998406 4230
375.909339633 4231
359.292995692 4232
332.226015676 4233
305.020717209 4234
287.99021662 4235
291.006254501 4236
314.339743718 4237
348.957159183 4238
385.442896298 4239
414.383068358 4240
429.378076524 4241
433.242455214 4242
430.545230785 4243
425.855429592 4244
423.438929034 4245
424.074247666 4246
426.307322346 4247
428.64765102 4248
429.616126581 4249
429.125094762 4250
429.796147876 4251
434.563109857 4252
446.359804639 4253
467.403892814 4254
495.089914384 4255
524.821721476 4256
551.996909968 4257
572.07445502 4258
582.772605136 4259
584.673140872 4260
578.542205946 4261
565.145944077 4262
545.956858139 4263
525.357979283 4264
508.481880399 4265
500.461135082 4266
506.063961773 4267
523.939599603 4268
547.66050902 4269
570.64551613 4270
586.31993013 4271
590.851103917 4272
587.392481796 4273
580.193862768 4274
573.50504583 4275
571.216231039 4276
573.930641192 4277
580.490056142 4278
589.719508243 4279
600.459137288 4280
612.564342917 4281
627.530154798 4282
647.00064947 4283
672.619903473 4284
704.859889715 4285
737.869931851 4286
763.676966594 4287
774.306369491 4288
762.190478273 4289
729.846261585 4290
690.295037089 4291
657.049072005 4292
643.619348977 4293
658.70403879 4294
695.32448157 4295
743.315413768 4296
792.511571838 4297
833.288429955 4298
862.632528491 4299
881.955179629 4300
892.748953904 4301
896.510985263 4302
895.364986779 4303
892.693807859 4304
892.03103747 4305
896.91026458 4306
910.115708244 4307
929.283733866 4308
949.887819552 4309
967.393979724 4310
977.365708188 4311
978.964715667 4312
975.919173537 4313
972.251835049 4314
971.985453455 4315
977.929142441 4316
987.965862905 4317
998.728875744 4318
1006.85144171 4319
1009.24716735 4320
1007.34480415 4321
1006.22035941 4322
1011.0541252 4323
1027.01811784 4324
1056.58385038 4325
1095.6492119 4326
1139.1309157 4327
1181.94567513 4328
1219.31388348 4329
1249.04175674 4330
1270.24302315 4331
1282.0415232 4332
1283.6107249 4333
1276.87244176 4334
1267.88155811 4335
1263.03406621 4336
1268.72595831 4337
1289.42377937 4338
1320.14577216 4339
1353.02264759 4340
1380.1843931 4341
1394.21483887 4342
1397.14354295 4343
1399.92516638 4344
1413.86398309 4345
1450.25705978 4346
1513.26128386 4347
1586.507867 4348
1649.96236646 4349
1683.59033953 4350
1669.89077531 4351
1617.40462816 4352
1549.98530657 4353
1491.68216608 4354
1466.38828436 4355
1485.05745977 4356
1536.21618328 4357
1606.15518872 4358
1681.1652099 4359
1748.48960194 4360
1800.81683912 4361
1832.76690342 4362
1838.96206064 4363
1814.48238462 4364
1766.37990318 4365
1714.53936634 4366
1679.47574605 4367
1681.70211617 4368
1733.3249528 4369
1818.74387961 4370
1916.65859256 4371
2005.76878759 4372
2066.18117955 4373
2094.93590541 4374
2100.27817854 4375
2090.65296987 4376
2074.49453413 4377
2058.93414258 4378
2048.56907054 4379
2047.70497714 4380
2060.64752151 4381
2090.51468856 4382
2132.75910785 4383
2179.78937044 4384
2224.00635525 4385
2258.0010035 4386
2280.39317697 4387
2296.92779071 4388
2313.76096812 4389
2337.04878348 4390
2370.87854541 4391
2411.76497539 4392
2454.49058973 4393
2493.8379047 4394
2524.91260201 4395
2547.21790736 4396
2563.43139913 4397
2576.30100641 4398
2588.57066887 4399
2602.31127639 4400
2618.16912491 4401
2636.60915863 4402
2658.09632175 4403
2683.2886658 4404
2714.20780288 4405
2753.46245954 4406
2803.66365392 4407
2867.26898057 4408
2941.09883669 4409
3014.83453015 4410
3077.69830385 4411
3118.91240186 4412
3131.85746743 4413
3126.2221409 4414
3115.6922491 4415
3113.95361887 4416
3133.88355233 4417
3176.39976091 4418
3233.28368133 4419
3296.08575528 4420
3356.3661966 4421
3407.74535644 4422
3448.43435896 4423
3477.26461294 4424
3493.06752716 4425
3495.4190945 4426
3489.44513768 4427
3482.777396 4428
3483.05983031 4429
3497.80629734 4430
3529.31705526 4431
3573.02817539 4432
3623.90765881 4433
3676.92350655 4434
3728.53686218 4435
3781.2906509 4436
3839.2760437 4437
3906.58421192 4438
3986.78801573 4439
4075.46683778 4440
4161.92261946 4441
4235.2884938 4442
4284.72746529 4443
4306.39552265 4444
4312.38834718 4445
4317.01164725 4446
4334.57113125 4447
4377.10113639 4448
4439.39722715 4449
4508.34804877 4450
4570.8009152 4451
4613.8673301 4452
4635.41035111 4453
4647.54461145 4454
4663.36641251 4455
4695.97205566 4456
4754.05534602 4457
4828.30531782 4458
4904.80891349 4459
4969.65307365 4460
5009.98635524 4461
5029.19866062 4462
5043.36734673 4463
5068.90699332 4464
5122.18562063 4465
5209.12712075 4466
5312.06500886 4467
5410.09572703 4468
5482.31571734 4469
5511.91288256 4470
5512.5653375 4471
5511.71614044 4472
5536.87543176 4473
5614.90473324 4474
5747.5174303 4475
5903.79724657 4476
6050.65109467 4477
6154.98588747 4478
6193.77796892 4479
6183.9361084 4480
6152.26659563 4481
6125.57572035 4482
6129.32310338 4483
6169.35180513 4484
6236.67235616 4485
6321.92892533 4486
6415.77119595 4487
6509.87607616 4488
6598.14632894 4489
6674.77591687 4490
6733.95880254 4491
6771.54244287 4492
6795.02279847 4493
6816.90106043 4494
6849.69775928 4495
6905.6129142 4496
6985.73301942 4497
7077.4416187 4498
7167.27672706 4499
7241.77641926 4500
7291.58636704 4501
7322.59533789 4502
7344.2272114 4503
7365.90586718 4504
7396.66843006 4505
7440.4101317 4506
7497.37395604 4507
7567.72503321 4508
7651.60505324 4509
7745.90183969 4510
7840.94563972 4511
7926.27895011 4512
7991.44426768 4513
8028.21770887 4514
8042.76928804 4515
8046.97707803 4516
8052.73349548 4517
8071.64857138 4518
8107.02583191 4519
8152.71054605 4520
8202.03402846 4521
8248.32801046 4522
8287.43073047 4523
8323.6061228 4524
8362.88663719 4525
8411.30472335 4526
8474.06910893 4527
8546.79233658 4528
8618.88615383 4529
8679.65852457 4530
8718.49733997 4531
8732.44336652 4532
8732.42237167 4533
8730.82690117 4534
8740.04950077 4535
8769.33584438 4536
8810.00827309 4537
8847.05270764 4538
8865.44777353 4539
8850.97780893 4540
8808.5675921 4541
8762.62694331 4542
8738.44032283 4543
8761.2816157 4544
8843.34197603 4545
8958.23352016 4546
9072.49209119 4547
9152.65353224 4548
9168.8978203 4549
9127.40752178 4550
9054.89068384 4551
8978.29424423 4552
8924.3396794 4553
8905.22313925 4554
8910.03332488 4555
8925.80021528 4556
8939.55378942 4557
8940.80793569 4558
8931.17288792 4559
8915.93570082 4560
8900.38428148 4561
8889.56713474 4562
8884.07008799 4563
8880.52896925 4564
8875.44321881 4565
8865.31557126 4566
8847.91922026 4567
8824.21380731 4568
8795.65052509 4569
8763.68056629 4570
8729.88742061 4571
8696.9273139 4572
8667.97713072 4573
8646.21719749 4574
8634.6820979 4575
8630.17444309 4576
8621.05758277 4577
8595.09490479 4578
8540.049797 4579
8449.18334587 4580
8337.88508416 4581
8227.11128431 4582
8137.81821884 4583
8089.4882233 4584
8080.50923347 4585
8093.50810381 4586
8110.73290198 4587
8114.47715388 4588
8094.11351114 4589
8053.70676106 4590
7999.14929761 4591
7936.33351478 4592
7870.95571817 4593
7807.43913143 4594
7749.69868119 4595
7701.6479654 4596
7667.06104699 4597
7645.73032283 4598
7632.98334896 4599
7623.91111396 4600
7613.60488882 4601
7598.07727593 4602
7576.31120051 4603
7547.88703617 4604
7512.38515652 4605
7469.49019868 4606
7420.00917912 4607
7365.4328011 4608
7307.26147663 4609
7247.00459317 4610
7186.83938008 4611
7130.06034025 4612
7080.06836902 4613
7040.26436174 4614
7012.40512332 4615
6989.92893364 4616
6963.64933105 4617
6924.37885594 4618
6863.62764632 4619
6786.30039388 4620
6709.37104316 4621
6650.24517384 4622
6626.30089501 4623
6644.1382476 4624
6683.24433497 4625
6718.91009724 4626
6726.42647448 4627
6684.8005235 4628
6602.67586224 4629
6502.87958346 4630
6408.32740824 4631
6341.59040382 4632
6311.46893999 4633
6308.65636468 4634
6322.61368145 4635
6342.80189685 4636
6359.70067649 4637
6367.68986533 4638
6362.08259093 4639
6338.19198082 4640
6292.16526697 4641
6231.06373072 4642
6169.61487007 4643
6122.70520745 4644
6105.12937864 4645
6121.07730027 4646
6154.41355017 4647
6186.70478254 4648
6199.51765154 4649
6178.02757221 4650
6128.40869354 4651
6064.410304 4652
5999.79188246 4653
5948.00465721 4654
5915.31566178 4655
5900.75487813 4656
5903.03346606 4657
5920.86048149 4658
5951.20956447 4659
5986.17764377 4660
6017.01134869 4661
6034.95730853 4662
6032.34671942 4663
6011.23645423 4664
5978.8149159 4665
5942.31675506 4666
5908.91649809 4667
5882.86456138 4668
5864.23351777 4669
5852.77501904 4670
5848.24071698 4671
5850.32924426 4672
5858.51860277 4673
5872.22941254 4674
5890.88229348 4675
5913.67693275 4676
5936.63454719 4677
5953.39309482 4678
5957.53278803 4679
5942.67287941 4680
5907.97996561 4681
5863.8684516 4682
5822.11375625 4683
5794.49129843 4684
5790.4383082 4685
5805.03463137 4686
5827.9139637 4687
5848.69959847 4688
5857.35724796 4689
5852.35020735 4690
5840.99995178 4691
5831.04253388 4692
5830.21066913 4693
5842.76776936 4694
5862.94700506 4695
5883.17947193 4696
5895.89626564 4697
5894.57461278 4698
5882.24794583 4699
5867.06807096 4700
5857.23537296 4701
5860.79326998 4702
5878.02793396 4703
5898.07038895 4704
5909.18687296 4705
5899.64362396 4706
5862.31446109 4707
5809.14193577 4708
5757.00087416 4709
5722.76610941 4710
5722.03149127 4711
5752.37213381 4712
5798.05721575 4713
5843.04473943 4714
5871.35331111 4715
5874.85201363 4716
5860.94324881 4717
5838.85474696 4718
5817.81423838 4719
5805.90253222 4720
5804.43828971 4721
5812.2704322 4722
5828.24424273 4723
5851.02518491 4724
5875.14171021 4725
5890.98461036 4726
5888.76472815 4727
5858.70366006 4728
5798.11226436 4729
5723.6328168 4730
5655.17213911 4731
5612.637053 4732
5613.21191026 4733
5651.06777602 4734
5708.80943626 4735
5768.95422204 4736
5814.21576525 4737
5835.44537707 4738
5834.36821721 4739
5813.46743328 4740
5775.22618259 4741
5723.52375788 4742
5667.50728079 4743
5617.56609423 4744
5584.08954108 4745
5576.56847255 4746
5593.41420338 4747
5625.57662846 4748
5663.86641915 4749
5699.12627587 4750
5725.08054857 4751
5740.5822715 4752
5745.01328758 4753
5737.75543972 4754
5719.11321739 4755
5694.17759934 4756
5669.58696198 4757
5651.98045913 4758
5647.50371734 4759
5653.08589366 4760
5657.48951572 4761
5649.19451504 4762
5616.71122054 4763
5557.11929636 4764
5487.78476667 4765
5429.00901804 4766
5401.09343708 4767
5420.48656101 4768
5476.27766309 4769
5545.71687864 4770
5606.00699344 4771
5634.86307958 4772
5625.43094643 4773
5588.63560985 4774
5536.38702287 4775
5480.59422259 4776
5430.95578527 4777
5390.2151761 4778
5359.75141317 4779
5340.94351453 4780
5335.06153881 4781
5342.30764816 4782
5362.27900134 4783
5394.56585353 4784
5438.69920694 4785
5491.05418135 4786
5543.33102216 4787
5586.85214229 4788
5612.93995463 4789
5615.98822607 4790
5603.21394802 4791
5585.18020414 4792
5572.45008739 4793
5574.77694799 4794
5590.76830711 4795
5610.92228043 4796
5625.55384703 4797
5625.03935048 4798
5606.60376136 4799
5580.47379618 4800
5558.32904769 4801
5551.84910864 4802
5569.9102666 4803
5605.9882999 4804
5648.29815183 4805
5685.05022462 4806
5705.03146885 4807
5708.43931066 4808
5705.93962224 4809
5708.58597955 4810
5727.40909392 4811
5766.13662362 4812
5810.78952514 4813
5844.75749414 4814
5851.43022631 4815
5817.643195 4816
5754.95375837 4817
5685.71490702 4818
5632.32474062 4819
5616.5820141 4820
5642.44575932 4821
5693.44130417 4822
5751.97283651 4823
5800.44731877 4824
5826.6143131 4825
5834.69890472 4826
5832.09198869 4827
5826.18446011 4828
5823.93674963 4829
5828.26053963 4830
5839.84745006 4831
5859.36630332 4832
5887.43905138 4833
5922.45207727 4834
5959.62288144 4835
5993.92827947 4836
6020.34508777 4837
6035.46674994 4838
6042.19760951 4839
6044.98176455 4840
6048.26331311 4841
6056.26250516 4842
6070.42306126 4843
6090.31099938 4844
6115.45692164 4845
6145.38486296 4846
6179.07064289 4847
6214.53735104 4848
6249.71277704 4849
6282.52471053 4850
6311.36547692 4851
6336.90342335 4852
6360.50285162 4853
6383.52823918 4854
6407.23038894 4855
6430.98536429 4856
6452.63163413 4857
6469.96225364 4858
6480.78414457 4859
6485.26014395 4860
6488.54814522 4861
6496.44317907 4862
6514.74027616 4863
6547.95202114 4864
6592.79936287 4865
6643.07662064 4866
6692.57287549 4867
6735.23140684 4868
6768.44249848 4869
6792.98901979 4870
6809.7971539 4871
6819.79558616 4872
6825.03019391 4873
6830.41874126 4874
6841.33409702 4875
6863.14913 4876
6900.07126165 4877
6947.56813203 4878
6997.14017328 4879
7040.2680072 4880
7068.71947622 4881
7083.15257348 4882
7094.60686299 4883
7114.70966427 4884
7155.08530776 4885
7221.4785506 4886
7301.46693964 4887
7379.13003456 4888
7438.54739506 4889
7465.8459488 4890
7466.03741626 4891
7454.32791598 4892
7446.02292723 4893
7456.16766425 4894
7488.36169228 4895
7530.51895121 4896
7569.41863312 4897
7591.84002151 4898
7589.60371606 4899
7573.12896613 4900
7557.12302108 4901
7556.29313028 4902
7583.88963149 4903
7636.7207177 4904
7701.21690751 4905
7763.64581093 4906
7810.41525417 4907
7837.04492193 4908
7853.59510791 4909
7871.42697922 4910
7901.90170293 4911
7952.35241398 4912
8012.5321928 4913
8067.39929572 4914
8101.9118712 4915
8102.51508117 4916
8076.20433802 4917
8044.96799672 4918
8031.13521211 4919
8056.88837704 4920
8129.69417125 4921
8229.94487392 4922
8335.12241221 4923
8422.70871328 4924
8474.77325707 4925
8496.72681286 4926
8501.38510493 4927
8501.56686163 4928
8509.60250896 4929
8529.5865424 4930
8558.76164748 4931
8594.16197244 4932
8632.8222796 4933
8671.87764859 4934
8708.67384138 4935
8740.58319551 4936
8764.97804856 4937
8780.48233581 4938
8793.08270588 4939
8811.44921871 4940
8844.25582734 4941
8899.60915096 4942
8973.98485343 4943
9052.96466561 4944
9121.71058702 4945
9165.4102276 4946
9176.65226413 4947
9165.6310617 4948
9145.10229428 4949
9127.82163587 4950
9125.22862609 4951
9139.9127595 4952
9170.81585434 4953
9216.86835026 4954
9276.93215983 4955
9348.1630676 4956
9425.93521808 4957
9505.53911747 4958
9582.26632007 4959
9652.0024187 4960
9712.21790412 4961
9760.64472848 4962
9795.0148439 4963
9814.23991279 4964
9826.18684849 4965
9842.83076363 4966
9876.16826104 4967
9937.76421942 4968
10026.195863 4969
10125.085505 4970
10217.2278284 4971
10285.4229228 4972
10319.3594519 4973
10329.104911 4974
10328.4773147 4975
10331.2946778 4976
10350.0530556 4977
10386.0081198 4978
10434.738607 4979
10491.7795412 4980
10552.6979852 4981
10614.21296 4982
10674.4879448 4983
10731.7778977 4984
10784.338075 4985
10831.5048046 4986
10876.1275777 4987
10921.768296 4988
10971.9888613 4989
11029.8073558 4990
11093.1152586 4991
11156.9878306 4992
11216.471239 4993
11266.6959382 4994
11306.3951769 4995
11339.1802923 4996
11369.0093324 4997
11399.8402741 4998
11434.5354287 4999
11472.0915434 5000
11510.6533114 5001
11548.3654256 5002
11583.6116015 5003
11617.2361544 5004
11651.5318521 5005
11688.8100609 5006
11731.3829543 5007
11781.6031658 5008
11841.8818429 5009
11914.6347056 5010
12002.2774583 5011
12104.8510417 5012
12213.4279982 5013
12316.9641018 5014
12404.415127 5015
12465.6208896 5016
12500.2528798 5017
12514.1203611 5018
12513.1260551 5019
12503.214001 5020
12492.7030275 5021
12493.5341573 5022
12517.9532355 5023
12578.206107 5024
12680.2302814 5025
12804.7344683 5026
12926.1213128 5027
13018.7934599 5028
13059.7251414 5029
13056.4007195 5030
13036.2847387 5031
13027.1883118 5032
13056.6453676 5033
13134.2509806 5034
13241.0157379 5035
13355.3979571 5036
13455.8559557 5037
13526.0656622 5038
13571.5191351 5039
13603.4095019 5040
13632.9299076 5041
13670.6486659 5042
13719.3574161 5043
13776.5757352 5044
13839.7231388 5045
13906.2081871 5046
13972.6620523 5047
14034.436336 5048
14086.763361 5049
14124.8754498 5050
14146.257775 5051
14158.109601 5052
14170.2478739 5053
14192.489578 5054
14233.8817929 5055
14293.5493031 5056
14363.7213578 5057
14436.4878971 5058
14503.9973627 5059
14562.7915689 5060
14616.7852779 5061
14670.598209 5062
14728.8500814 5063
14794.4510497 5064
14862.7921554 5065
14927.1978361 5066
14980.9924693 5067
15018.2132058 5068
15042.2494044 5069
15063.072293 5070
15090.7902811 5071
15135.426396 5072
15200.4067146 5073
15277.9801516 5074
15359.3135864 5075
15435.5738984 5076
15498.889109 5077
15545.6402091 5078
15573.3841504 5079
15579.6779247 5080
15562.8827303 5081
15531.9188406 5082
15503.1413076 5083
15493.0603226 5084
15518.0628807 5085
15585.0503211 5086
15684.8711426 5087
15806.8221417 5088
15940.200115 5089
16073.4555117 5090
16191.3224708 5091
16277.5153937 5092
16315.7486541 5093
16292.2023814 5094
16225.0468001 5095
16154.7883464 5096
16122.3899948 5097
16168.40011 5098
16302.8429681 5099
16484.8611857 5100
16668.774957 5101
16808.9044764 5102
16871.6218048 5103
16875.2375171 5104
16852.0506559 5105
16834.360463 5106
16852.1247183 5107
16905.792814 5108
16975.6300574 5109
17041.5098852 5110
17083.5019451 5111
17095.1461871 5112
17091.9010051 5113
17091.2372032 5114
17110.6255854 5115
17162.0471016 5116
17234.5578589 5117
17311.2308794 5118
17375.1391686 5119
17410.9493947 5120
17422.4952386 5121
17426.2873739 5122
17439.0621883 5123
17477.3657937 5124
17545.9408957 5125
17631.008933 5126
17717.1714083 5127
17789.0298246 5128
17834.9797744 5129
17858.5600088 5130
17867.0867867 5131
17867.8763672 5132
17868.44447 5133
17878.5653125 5134
17909.4421076 5135
17972.3006533 5136
18078.0726208 5137
18221.6127133 5138
18373.7197968 5139
18503.2211474 5140
18578.94415 5141
18583.3658445 5142
18550.3237168 5143
18525.7332962 5144
18555.5101119 5145
18679.6739716 5146
18876.1304756 5147
19085.5648076 5148
19248.1582634 5149
19305.0976552 5150
19245.0022737 5151
19123.4224186 5152
19000.9591538 5153
18938.2121551 5154
18976.0976104 5155
19086.3272498 5156
19225.4117924 5157
19349.8619573 5158
19420.4609166 5159
19439.2383325 5160
19431.3148385 5161
19422.0647488 5162
19436.4225214 5163
19481.7091421 5164
19542.0631518 5165
19600.0430213 5166
19638.2092395 5167
19645.96137 5168
19634.8117825 5169
19620.7338114 5170
19619.7007912 5171
19645.8465796 5172
19697.1966501 5173
19763.4405954 5174
19834.1978601 5175
19899.2221364 5176
19952.7588454 5177
19994.4993931 5178
20024.4625071 5179
20042.6690428 5180
20051.6926828 5181
20061.6095385 5182
20083.8669693 5183
20129.9123346 5184
20208.9865967 5185
20313.0739229 5186
20426.0358375 5187
20531.6864581 5188
20614.261163 5189
20669.7450812 5190
20707.1466284 5191
20736.1510346 5192
20766.4358994 5193
20803.5335365 5194
20841.9864657 5195
20874.5365349 5196
20893.9255923 5197
20895.0825403 5198
20888.1096162 5199
20889.5407094 5200
20915.9329271 5201
20982.9239018 5202
21084.9794968 5203
21195.3805465 5204
21286.4857586 5205
21330.7099045 5206
21315.8369646 5207
21265.8346868 5208
21209.8742171 5209
21177.1267012 5210
21191.457238 5211
21244.4204604 5212
21315.4092697 5213
21383.7944923 5214
21429.8404538 5215
21450.7238997 5216
21458.7301993 5217
21466.6760234 5218
21487.338703 5219
21527.3027651 5220
21580.2654648 5221
21638.3158699 5222
21693.5430483 5223
21739.207273 5224
21774.7517704 5225
21801.6526252 5226
21821.3871422 5227
21835.4899177 5228
21846.3843308 5229
21857.194441 5230
21871.0633111 5231
21891.1442139 5232
21921.5711791 5233
21968.259418 5234
22037.3125324 5235
22134.8341246 5236
22261.8044477 5237
22395.964562 5238
22508.4697292 5239
22570.4747834 5240
22556.1253621 5241
22477.5951988 5242
22373.2345776 5243
22281.910152 5244
22242.0975462 5245
22267.8408705 5246
22334.7470027 5247
22415.0490566 5248
22480.9801613 5249
22511.6259376 5250
22512.4195471 5251
22495.1256479 5252
22471.5088977 5253
22453.1279406 5254
22449.4087975 5255
22468.5167066 5256
22518.6005075 5257
22607.4796173 5258
22728.9764002 5259
22858.0100265 5260
22968.1611585 5261
23033.013722 5262
23036.6975665 5263
22997.3179148 5264
22939.8088064 5265
22889.1042805 5266
22867.9628649 5267
22880.8128486 5268
22922.8947536 5269
22989.3803327 5270
23075.3337244 5271
23172.6096713 5272
23269.3833005 5273
23353.6275294 5274
23413.3215756 5275
23440.0831436 5276
23435.2646184 5277
23401.829151 5278
23342.7398927 5279
23262.626154 5280
23177.5038421 5281
23108.1508089 5282
23075.3609482 5283
23099.0528691 5284
23180.3019088 5285
23302.029211 5286
23446.4185109 5287
23595.660022 5288
23733.2602209 5289
23845.6347476 5290
23919.5886298 5291
23941.9268953 5292
23904.8633424 5293
23830.3813867 5294
23750.6519174 5295
23697.8547571 5296
23702.0817429 5297
23760.192868 5298
23842.4089364 5299
23918.2015413 5300
23957.2332518 5301
23947.2548097 5302
23908.7265034 5303
23865.5496189 5304
23841.6254424 5305
23855.4172714 5306
23901.418179 5307
23967.5187016 5308
24041.6091727 5309
24111.7170612 5310
24167.508139 5311
24199.7264745 5312
24199.1350906 5313
24156.8015563 5314
24079.773265 5315
23998.6308266 5316
23945.8413938 5317
23953.8711071 5318
24042.2548483 5319
24185.2780184 5320
24347.3342599 5321
24492.8172155 5322
24589.0997971 5323
24630.4913413 5324
24625.6087645 5325
24583.2009488 5326
24512.2651695 5327
24429.825258 5328
24362.4762578 5329
24337.3735397 5330
24381.6483744 5331
24505.7574927 5332
24674.3823767 5333
24844.4187907 5334
24972.7624988 5335
25023.5258975 5336
25010.5789501 5337
24968.766179 5338
24933.005716 5339
24936.8687059 5340
24985.3606341 5341
25056.2018995 5342
25126.0221963 5343
25171.5170407 5344
25181.2218823 5345
25169.1188702 5346
25152.4878099 5347
25148.608507 5348
25171.3091143 5349
25216.2635609 5350
25273.1982958 5351
25331.8363273 5352
25382.4317112 5353
25422.974124 5354
25457.3023222 5355
25489.3995338 5356
25523.221865 5357
25560.6905861 5358
25600.3132141 5359
25640.2710009 5360
25678.7451985 5361
25714.2971766 5362
25746.9993175 5363
25777.2994068 5364
25805.6452304 5365
25832.4987361 5366
25858.4679136 5367
25884.2468348 5368
25910.5306815 5369
25937.9960641 5370
25966.5940717 5371
25995.3312559 5372
26023.1508353 5373
26048.9960666 5374
26071.8626732 5375
26090.9029027 5376
26105.2980628 5377
26114.2294612 5378
26117.3998055 5379
26118.3888716 5380
26122.5234247 5381
26135.1386716 5382
26161.3784888 5383
26201.9481174 5384
26253.0929222 5385
26310.8626903 5386
26371.3098714 5387
26431.0598469 5388
26488.0204124 5389
26540.2735242 5390
26585.9011385 5391
26623.2452351 5392
26652.0535605 5393
26672.5467586 5394
26684.9458279 5395
26689.4521767 5396
26685.9764509 5397
26674.2066711 5398
26653.8252003 5399
26624.5864103 5400
26591.6154526 5401
26569.0298483 5402
26571.8043211 5403
26614.9135927 5404
26707.2134348 5405
26833.5981711 5406
26973.0976607 5407
27104.7417626 5408
27209.2577845 5409
27284.2852197 5410
27337.1693126 5411
27375.3706226 5412
27406.1523053 5413
27429.6996368 5414
27437.3342446 5415
27419.8175221 5416
27367.9208041 5417
27280.775812 5418
27181.0659475 5419
27095.5918048 5420
27051.1539786 5421
27070.419335 5422
27147.62991 5423
27265.0744689 5424
27405.0003421 5425
27549.9858551 5426
27689.3380097 5427
27818.6350915 5428
27933.6947605 5429
28030.3369548 5430
28104.7095884 5431
28153.6278259 5432
28173.9878958 5433
28162.6860268 5434
28119.1468597 5435
28054.9547046 5436
27985.3447309 5437
27925.5528108 5438
27890.1601031 5439
27885.5399122 5440
27912.4722617 5441
27971.6296077 5442
28063.5403945 5443
28181.1638228 5444
28306.3045871 5445
28419.8723495 5446
28502.7779781 5447
28542.484609 5448
28548.342146 5449
28534.2649876 5450
28514.1675322 5451
28500.6259491 5452
28495.2319752 5453
28494.1908131 5454
28493.6705881 5455
28490.1172719 5456
28487.1167077 5457
28495.8375703 5458
28527.8150729 5459
28594.548856 5460
28698.3242817 5461
28819.9790031 5462
28937.3056099 5463
29028.0966917 5464
29074.4085285 5465
29081.773163 5466
29063.7591039 5467
29033.9419287 5468
29005.7597437 5469
28990.6307657 5470
28998.4370519 5471
29039.022212 5472
29122.0701667 5473
29246.2394295 5474
29392.2126396 5475
29539.0176615 5476
29665.6824512 5477
29757.1793401 5478
29820.5076173 5479
29867.7674556 5480
29911.0590277 5481
29960.7133006 5482
30010.9858704 5483
30047.5593371 5484
30056.0361271 5485
30022.6479764 5486
29952.2155765 5487
29870.7703734 5488
29805.5003455 5489
29783.5593885 5490
29819.4836414 5491
29896.3874515 5492
29992.5757664 5493
30086.3535339 5494
30159.9979731 5495
30219.0531405 5496
30277.5086228 5497
30349.3659019 5498
30447.3069194 5499
30563.2083273 5500
30672.3701884 5501
30749.6324761 5502
30770.1204997 5503
30730.9613039 5504
30666.5341684 5505
30614.8215237 5506
30613.805758 5507
30688.8943419 5508
30817.427982 5509
30965.2643521 5510
31098.2611262 5511
31185.4398894 5512
31225.3525808 5513
31232.6442261 5514
31222.121771 5515
31208.3475878 5516
31198.495763 5517
31191.2153888 5518
31184.6821817 5519
31177.0773034 5520
31168.6178059 5521
31164.5995119 5522
31171.097086 5523
31194.1851923 5524
31239.1527606 5525
31306.7296032 5526
31396.0052443 5527
31506.067045 5528
31635.3359402 5529
31771.9801948 5530
31896.1293407 5531
31987.6975006 5532
32026.8521978 5533
32011.6732797 5534
31969.6852474 5535
31931.1526149 5536
31926.3396709 5537
31974.2938066 5538
32052.8004768 5539
32130.1596958 5540
32174.6714776 5541
32159.3408887 5542
32098.6282689 5543
32028.5545061 5544
31985.3252065 5545
32004.1625075 5546
32093.512149 5547
32232.5079086 5548
32398.7916811 5549
32570.0221782 5550
32728.288969 5551
32866.0307259 5552
32977.1611553 5553
33055.5939641 5554
33097.5790975 5555
33111.8521503 5556
33111.3026202 5557
33108.8228096 5558
33116.5328436 5559
33136.0110128 5560
33161.2089036 5561
33185.9081678 5562
33204.1010348 5563
33221.4665327 5564
33261.2732751 5565
33348.2432237 5566
33507.094503 5567
33745.8197228 5568
34017.3471938 5569
34263.2899111 5570
34425.2608694 5571
34455.1118658 5572
34383.7034419 5573
34278.6576173 5574
34207.8007804 5575
34236.2115518 5576
34368.2703024 5577
34549.0166107 5578
34721.0138217 5579
34827.0472011 5580
34842.7015959 5581
34810.7429195 5582
34782.164603 5583
34807.9600773 5584
34924.1411672 5585
35097.9098564 5586
35276.7251545 5587
35408.0443894 5588
35444.4005611 5589
35395.1214155 5590
35305.1536876 5591
35219.9934578 5592
35184.5149289 5593
35219.5760375 5594
35314.9285366 5595
35458.2545092 5596
35637.2315214 5597
35836.3051012 5598
36031.0071951 5599
36195.3462268 5600
36303.3306199 5601
36335.2961653 5602
36311.4160546 5603
36267.3282317 5604
36238.7048362 5605
36259.4007819 5606
36333.2936159 5607
36439.6706499 5608
36557.0926674 5609
36664.2253993 5610
36747.7168517 5611
36807.6683998 5612
36845.4749449 5613
36862.5314275 5614
36862.0821715 5615
36854.1645861 5616
36850.375402 5617
36862.3113501 5618
36899.7672167 5619
36957.1007941 5620
37020.8247945 5621
37077.3901159 5622
37113.8800497 5623
37133.2070948 5624
37154.8610606 5625
37199.11387 5626
37286.1653032 5627
37422.6771721 5628
37585.9263877 5629
37749.3379624 5630
37886.3369086 5631
37974.8268386 5632
38014.2577046 5633
38010.5509066 5634
37969.629098 5635
37898.1771568 5636
37811.7185622 5637
37731.4685659 5638
37678.7368093 5639
37674.3847264 5640
37721.5082636 5641
37799.9258911 5642
37887.8801766 5643
37963.6228228 5644
38011.7916358 5645
38034.5805461 5646
38037.1740461 5647
38024.7566284 5648
38003.3126788 5649
37983.7699116 5650
37978.9423732 5651
38001.6478547 5652
38063.6897674 5653
38160.9015978 5654
38276.4051698 5655
38392.9702357 5656
38493.4077831 5657
38563.3024673 5658
38592.7198193 5659
38572.1328681 5660
38492.0157667 5661
38353.0757688 5662
38191.2346009 5663
38049.9830738 5664
37972.8119983 5665
37996.136262 5666
38100.9615317 5667
38242.1859092 5668
38374.5544693 5669
38454.3542162 5670
38470.8452235 5671
38444.9332316 5672
38398.8002897 5673
38354.592328 5674
38330.0045093 5675
38334.044373 5676
38374.7151986 5677
38460.0202656 5678
38591.3027049 5679
38741.7705838 5680
38877.2038629 5681
38963.3824606 5682
38970.0621039 5683
38905.8188841 5684
38801.1571695 5685
38686.8292173 5686
38593.1644214 5687
38538.1361584 5688
38525.6955411 5689
38559.0358976 5690
38641.3131513 5691
38766.1079995 5692
38904.7666473 5693
39025.487054 5694
39096.4671787 5695
39094.394678 5696
39039.0007695 5697
38963.6254695 5698
38901.6140952 5699
38883.6073226 5700
38907.7170655 5701
38950.5408321 5702
38988.2930658 5703
38997.5803896 5704
38970.8063007 5705
38921.2195106 5706
38863.4949813 5707
38812.302118 5708
38778.7817832 5709
38764.5037485 5710
38769.4306002 5711
38793.5249243 5712
38835.9383422 5713
38891.0021219 5714
38951.273556 5715
39009.307178 5716
39057.9785011 5717
39094.8318803 5718
39120.9384494 5719
39137.4562594 5720
39145.6178186 5721
39150.7497081 5722
39164.3184777 5723
39198.2954994 5724
39264.6484423 5725
39367.6187287 5726
39487.44565 5727
39599.721266 5728
39680.0376366 5729
39707.9235326 5730
39689.8632933 5731
39643.6337397 5732
39587.0500778 5733
39537.4310761 5734
39503.5069902 5735
39486.7478728 5736
39488.395355 5737
39509.6310142 5738
39547.1616189 5739
39590.204125 5740
39627.2618191 5741
39646.838444 5742
39642.9220108 5743
39628.6358456 5744
39621.2741502 5745
39638.1311263 5746
39693.0791424 5747
39773.6377873 5748
39855.0859656 5749
39912.6350226 5750
39922.7040608 5751
39886.0649112 5752
39826.0785473 5753
39766.9603574 5754
39732.7875264 5755
39734.0078629 5756
39756.1181966 5757
39781.9498891 5758
39794.3343161 5759
39780.8811628 5760
39747.5054384 5761
39704.504972 5762
39662.177593 5763
39629.8602174 5764
39608.7571153 5765
39595.9809892 5766
39588.6134864 5767
39583.8008596 5768
39580.1625984 5769
39577.7844128 5770
39576.8152154 5771
39577.4234122 5772
39582.2061799 5773
39598.5158622 5774
39634.2565008 5775
39697.3321376 5776
39792.0467185 5777
39907.9407205 5778
40030.7707047 5779
40146.29323 5780
40241.5999744 5781
40315.9236132 5782
40374.9758637 5783
40424.5291712 5784
40470.0928069 5785
40510.6043109 5786
40538.1277001 5787
40544.403421 5788
40521.2111472 5789
40466.2606802 5790
40389.4778955 5791
40302.2949408 5792
40216.1439633 5793
40142.8041167 5794
40095.547537 5795
40088.0478002 5796
40133.9784876 5797
40243.6871952 5798
40395.8522888 5799
40551.6158953 5800
40671.9341872 5801
40719.0980724 5802
40690.6003784 5803
40621.8356334 5804
40550.0739816 5805
40512.4645219 5806
40525.8496751 5807
40564.1487688 5808
40595.8256999 5809
40589.3443651 5810
40522.9800943 5811
40418.0979668 5812
40307.8888035 5813
40225.5437504 5814
40201.1643427 5815
40234.8615836 5816
40309.8842833 5817
40409.293425 5818
40516.2217108 5819
40615.7353189 5820
40695.0061873 5821
40741.3125082 5822
40741.9843067 5823
40693.1824584 5824
40609.8036802 5825
40509.1363788 5826
40408.4689606 5827
40324.1141575 5828
40268.0981976 5829
40251.2704799 5830
40284.4803707 5831
40375.5105456 5832
40502.6733795 5833
40627.8428673 5834
40712.7145115 5835
40720.6569303 5836
40659.0838548 5837
40582.7863475 5838
40548.8961424 5839
40614.3080742 5840
40798.4700136 5841
41042.8223831 5842
41279.0593703 5843
41438.8751626 5844
41473.2181109 5845
41415.5146336 5846
41321.2714679 5847
41245.9955962 5848
41238.9001719 5849
41290.674 5850
41360.2074957 5851
41406.074319 5852
41388.4706281 5853
41307.8453026 5854
41206.6015102 5855
41129.1054121 5856
41119.5348931 5857
41196.3004913 5858
41326.0764896 5859
41469.3498182 5860
41586.6074072 5861
41647.9876189 5862
41662.9912211 5863
41651.1524444 5864
41632.0055223 5865
41623.1445141 5866
41625.1590858 5867
41629.83331 5868
41628.8769759 5869
41614.2734044 5870
41584.1587233 5871
41542.7459371 5872
41494.5063956 5873
41443.9265205 5874
41397.1419224 5875
41363.4013352 5876
41352.2989426 5877
41373.4289121 5878
41433.3813558 5879
41527.3554533 5880
41647.8509197 5881
41787.3674705 5882
41937.4166325 5883
42081.5817187 5884
42199.6324401 5885
42271.3141845 5886
42277.4519169 5887
42220.265788 5888
42121.6206793 5889
42004.1101587 5890
41890.2453291 5891
41795.6180267 5892
41723.7753946 5893
41677.0572175 5894
41657.8030665 5895
41666.2367064 5896
41695.2692 5897
41736.2328711 5898
41780.4600435 5899
41820.1020155 5900
41853.1961781 5901
41880.3542619 5902
41902.1988337 5903
41919.4778906 5904
41935.076527 5905
41953.6691775 5906
41979.9854666 5907
42018.6930517 5908
42070.6085246 5909
42130.5015522 5910
42192.6124383 5911
42251.181351 5912
42300.2003271 5913
42332.8999175 5914
42342.3650842 5915
42321.6807892 5916
42266.6816313 5917
42190.5469946 5918
42113.2012336 5919
42054.5837784 5920
42033.5969945 5921
42054.3294941 5922
42109.815803 5923
42192.8255763 5924
42296.0294027 5925
42407.6037069 5926
42509.4849806 5927
42583.149664 5928
42610.0912306 5929
42581.4568533 5930
42514.14983 5931
42429.3224582 5932
42348.1270352 5933
42288.5615423 5934
42251.5322102 5935
42232.1831736 5936
42225.6541546 5937
42227.0303911 5938
42230.7579923 5939
42230.8679789 5940
42221.3843293 5941
42196.5727029 5942
42158.7202163 5943
42119.8024389 5944
42092.3737509 5945
42088.9591031 5946
42115.2049748 5947
42161.0844612 5948
42214.398387 5949
42262.9475767 5950
42296.504054 5951
42313.8039786 5952
42316.1303237 5953
42304.7662378 5954
42281.4963416 5955
42252.8821147 5956
42228.1309952 5957
42216.4785091 5958
42226.7969641 5959
42259.1677697 5960
42304.6316477 5961
42353.816132 5962
42397.3538143 5963
42426.4517877 5964
42433.4132849 5965
42410.6647816 5966
42350.6328247 5967
42251.526951 5968
42133.1033655 5969
42020.1354316 5970
41937.3965128 5971
41906.4277447 5972
41924.17074 5973
41976.2568984 5974
42048.2578778 5975
42125.8142737 5976
42195.7846359 5977
42246.0706611 5978
42264.6077583 5979
42239.5417697 5980
42172.1663928 5981
42084.4603787 5982
42000.2180746 5983
41943.2289185 5984
41930.1610177 5985
41956.3231919 5986
42013.0365236 5987
42091.6220956 5988
42182.0896499 5989
42266.5866043 5990
42324.3434143 5991
42334.5857342 5992
42279.4679533 5993
42179.1754714 5994
42080.4647041 5995
42030.6360168 5996
42075.7205286 5997
42214.5501599 5998
42385.8549957 5999
42524.4680126 6000
42565.3364688 6001
42475.8535497 6002
42300.3288966 6003
42094.2189684 6004
41912.9802239 6005
41801.9787809 6006
41759.6703008 6007
41770.8883038 6008
41820.464834 6009
41893.1789802 6010
41973.3032868 6011
42044.8287854 6012
42091.7434865 6013
42098.671832 6014
42065.2434495 6015
42006.300074 6016
41937.3612581 6017
41873.8847576 6018
41824.9990403 6019
41788.1138499 6020
41759.3692789 6021
41734.9056725 6022
41714.8931766 6023
41713.7426293 6024
41749.0090262 6025
41838.2473628 6026
41992.1602641 6027
42173.3178778 6028
42323.6619963 6029
42385.0557226 6030
42303.8792382 6031
42096.7256282 6032
41835.6123075 6033
41594.0640927 6034
41444.670663 6035
41415.0287666 6036
41468.731622 6037
41564.4865265 6038
41661.0226056 6039
41728.6026516 6040
41767.9379102 6041
41784.7058926 6042
41784.5841099 6043
41773.851474 6044
41761.8804118 6045
41759.0352267 6046
41775.6806766 6047
41820.579315 6048
41885.5702745 6049
41952.3317908 6050
42002.4037447 6051
42017.9182441 6052
41996.6741324 6053
41953.3654184 6054
41903.5244628 6055
41862.6298483 6056
41839.5253893 6057
41830.0999716 6058
41828.7443358 6059
41829.8492442 6060
41829.1010596 6061
41826.9763869 6062
41825.0586666 6063
41824.9313392 6064
41827.7385458 6065
41831.429863 6066
41832.5432025 6067
41827.6102378 6068
41813.7477816 6069
41797.3901032 6070
41792.4428507 6071
41813.0219433 6072
41872.8212719 6073
41964.9193876 6074
42052.8881709 6075
42098.0272193 6076
42061.6877291 6077
41930.9242495 6078
41760.0316581 6079
41614.164569 6080
41558.4775964 6081
41639.6721768 6082
41811.6501438 6083
41999.2055288 6084
42127.1220734 6085
42128.7984262 6086
42024.9714717 6087
41887.1845559 6088
41787.6103803 6089
41795.7254413 6090
41915.0564904 6091
42080.916187 6092
42225.4679545 6093
42281.2513812 6094
42218.8209518 6095
42078.8362667 6096
41909.5148769 6097
41759.0730085 6098
41664.7601304 6099
41626.2781505 6100
41635.2998953 6101
41683.498191 6102
41761.8981034 6103
41857.2337472 6104
41954.4944283 6105
42038.6643964 6106
42096.372323 6107
42137.1121079 6108
42187.1297386 6109
42273.0557821 6110
42420.5786756 6111
42619.290444 6112
42812.1962946 6113
42939.2183214 6114
42940.423733 6115
42792.2233976 6116
42555.0437718 6117
42301.1472708 6118
42102.7963102 6119
42015.0417687 6120
42017.9805847 6121
42071.3111877 6122
42134.7315814 6123
42171.5186609 6124
42175.3004032 6125
42155.0002228 6126
42119.6583593 6127
42078.1099111 6128
42035.3194294 6129
41992.8004111 6130
41951.9454567 6131
41914.2007927 6132
41884.2922909 6133
41872.0653052 6134
41887.8098128 6135
41941.8048096 6136
42035.0416857 6137
42142.3291136 6138
42233.8951108 6139
42279.9676947 6140
42258.9729717 6141
42192.9545947 6142
42118.4051126 6143
42071.8264257 6144
42085.9032882 6145
42152.984493 6146
42241.1931156 6147
42318.322053 6148
42353.1286596 6149
42338.5548054 6150
42292.8943228 6151
42235.6391538 6152
42186.176061 6153
42153.5304143 6154
42127.7654263 6155
42096.9194431 6156
42049.0318297 6157
41977.5206771 6158
41893.73832 6159
41812.7704055 6160
41749.7025807 6161
41715.7404629 6162
41697.6608219 6163
41672.7572264 6164
41618.3022757 6165
41513.866609 6166
41368.3741416 6167
41211.0195719 6168
41071.400727 6169
40978.4869279 6170
40940.8837579 6171
40942.8830176 6172
40967.350201 6173
40997.1628836 6174
41017.11356 6175
41015.9864354 6176
40983.0648298 6177
40907.6320915 6178
40785.5004122 6179
40637.3290672 6180
40489.6872858 6181
40369.1442973 6182
40297.8450532 6183
40266.2105552 6184
40250.8155051 6185
40228.1768881 6186
40176.0858312 6187
40091.2721234 6188
39984.98026 6189
39868.824409 6190
39754.4005549 6191
39652.5823717 6192
39573.2961923 6193
39526.4041205 6194
39521.7215286 6195
39557.7419379 6196
39606.9654485 6197
39638.2586206 6198
39620.4880143 6199
39533.5543377 6200
39403.6807373 6201
39269.2442248 6202
39168.6218606 6203
39134.4285109 6204
39153.7247487 6205
39191.9314233 6206
39214.3382046 6207
39187.8912321 6208
39106.9453869 6209
38988.3824171 6210
38849.7523741 6211
38708.5327935 6212
38578.8442562 6213
38470.1070031 6214
38391.390504 6215
38351.7271868 6216
38347.8669913 6217
38346.573062 6218
38310.1180492 6219
38200.7746033 6220
37996.0281818 6221
37740.790967 6222
37498.6495326 6223
37333.1911268 6224
37297.8922326 6225
37361.9267296 6226
37452.5809575 6227
37496.8379454 6228
37425.7297262 6229
37241.2392 6230
37005.8075418 6231
36783.8095496 6232
36638.8221014 6233
36594.4935894 6234
36616.7655079 6235
36667.073871 6236
36706.889881 6237
36711.2685788 6238
36689.3405688 6239
36655.4940431 6240
36624.117194 6241
36605.1730296 6242
36588.5890056 6243
36558.6249895 6244
36499.5404961 6245
36397.94823 6246
36260.3849323 6247
36103.4145234 6248
35943.6771253 6249
35797.3631026 6250
35672.7287636 6251
35571.2415016 6252
35494.1497264 6253
35442.6564587 6254
35415.6970393 6255
35408.9315156 6256
35417.7644458 6257
35437.6000141 6258
35463.706955 6259
35491.0179908 6260
35514.4146311 6261
35528.7783858 6262
35527.4849142 6263
35497.2086524 6264
35422.7606307 6265
35288.9518041 6266
35085.1852051 6267
34838.5564846 6268
34594.6449613 6269
34399.1571817 6270
34295.0842527 6271
34279.594659 6272
34311.7231712 6273
34349.3431836 6274
34350.8770643 6275
34299.7480352 6276
34214.1478457 6277
34114.8376073 6278
34022.5441572 6279
33948.280292 6280
33880.0384791 6281
33802.4763218 6282
33700.2514236 6283
33565.7945866 6284
33424.253607 6285
33309.3825679 6286
33254.935592 6287
33287.5683599 6288
33379.5284663 6289
33477.8947248 6290
33529.6094509 6291
33485.1412399 6292
33349.0507647 6293
33168.2289675 6294
32990.6962905 6295
32863.6355112 6296
32801.6690418 6297
32777.124455 6298
32759.5029118 6299
32718.3656086 6300
32634.9484036 6301
32516.035894 6302
32371.793556 6303
32212.386871 6304
32049.7307624 6305
31902.442128 6306
31790.7425108 6307
31734.8534534 6308
31750.0624811 6309
31817.6507514 6310
31904.5694133 6311
31977.719412 6312
32005.9802063 6313
31984.5845272 6314
31927.5079279 6315
31849.1267567 6316
31763.6048386 6317
31678.4827331 6318
31593.540659 6319
31508.1171053 6320
31421.5680329 6321
31335.4049556 6322
31255.3482817 6323
31187.6051482 6324
31138.3820887 6325
31110.2238627 6326
31093.3591194 6327
31075.4299303 6328
31044.0783666 6329
30989.3044817 6330
30915.1822643 6331
30830.985246 6332
30745.9952682 6333
30668.7789171 6334
30599.9516378 6335
30535.1666889 6336
30470.0018389 6337
30400.3653033 6338
30330.1259504 6339
30271.3188068 6340
30236.350456 6341
30237.4672786 6342
30274.7784365 6343
30327.9639633 6344
30374.7430271 6345
30392.8421186 6346
30366.7305267 6347
30300.089524 6348
30199.999491 6349
30073.5408084 6350
29930.1364345 6351
29790.8685749 6352
29680.4397391 6353
29623.5535619 6354
29639.4760456 6355
29698.5922446 6356
29745.4447249 6357
29724.3415241 6358
29583.408952 6359
29339.6065497 6360
29069.5864384 6361
28851.9792398 6362
28764.122896 6363
28822.4239272 6364
28957.3370701 6365
29092.8338978 6366
29153.015847 6367
29096.2621289 6368
28961.0435538 6369
28797.2509226 6370
28654.7750364 6371
28571.5705537 6372
28537.7945379 6373
28531.6413822 6374
28531.30548 6375
28516.8313662 6376
28481.2949311 6377
28423.3705428 6378
28341.7541835 6379
28235.972748 6380
28116.549091 6381
28001.7912286 6382
27910.1718308 6383
27859.5320731 6384
27848.951903 6385
27856.042287 6386
27857.2380588 6387
27829.1112794 6388
27762.5296965 6389
27674.9628917 6390
27586.7805997 6391
27518.3480737 6392
27480.2574231 6393
27452.6197702 6394
27409.620522 6395
27325.4450858 6396
27184.0782761 6397
27022.2866478 6398
26894.5291301 6399
26855.2774906 6400
26949.7995963 6401
27135.0276493 6402
27318.6701876 6403
27407.9029965 6404
27315.3314105 6405
27057.7043905 6406
26745.5513982 6407
26492.751679 6408
26411.4723718 6409
26528.6861474 6410
26748.5151471 6411
26965.5204505 6412
27074.4296203 6413
27015.6879077 6414
26837.4103469 6415
26603.2012925 6416
26376.6650997 6417
26208.2069476 6418
26095.7054662 6419
26023.9748406 6420
25977.8292563 6421
25944.3771183 6422
25926.4721965 6423
25933.5781096 6424
25975.1811858 6425
26058.5631705 6426
26163.292747 6427
26250.0167422 6428
26279.0162936 6429
26212.0009161 6430
26049.141514 6431
25832.471263 6432
25606.1334247 6433
25414.0563583 6434
25282.1550287 6435
25204.9978235 6436
25174.0122584 6437
25180.6219485 6438
25212.5961385 6439
25247.2696811 6440
25260.1271704 6441
25226.6532007 6442
25130.9731626 6443
24998.8294008 6444
24868.4776506 6445
24778.176113 6446
24760.4273022 6447
24799.7243476 6448
24856.6979927 6449
24891.8059734 6450
24867.9919824 6451
24787.318523 6452
24682.9758865 6453
24589.0159122 6454
24538.7375661 6455
24538.4272171 6456
24560.5326235 6457
24575.3617078 6458
24553.3396533 6459
24480.7580235 6460
24375.6695972 6461
24259.9119523 6462
24155.3207871 6463
24075.8325636 6464
24009.4430397 6465
23938.8310227 6466
23846.6753201 6467
23721.6135197 6468
23585.2026667 6469
23470.3053791 6470
23409.7945029 6471
23431.7864835 6472
23518.5940284 6473
23626.9383847 6474
23713.2614336 6475
23735.9575093 6476
23689.5683099 6477
23600.49755 6478
23496.2400468 6479
23403.9655498 6480
23336.2665987 6481
23285.5936485 6482
23242.9225035 6483
23199.2444367 6484
23148.5676549 6485
23091.507029 6486
23029.552371 6487
22964.1935195 6488
22897.5798957 6489
22834.2329271 6490
22779.2070616 6491
22737.5567469 6492
22712.6017445 6493
22697.2532216 6494
22680.5579159 6495
22651.5561735 6496
22600.4403761 6497
22529.4259506 6498
22447.8808166 6499
22365.2676725 6500
22290.7916767 6501
22228.4509328 6502
22177.4058796 6503
22136.6334186 6504
22105.1062921 6505
22081.589782 6506
22064.5497266 6507
22052.428628 6508
22043.6537387 6509
22033.0358667 6510
22007.1200315 6511
21951.3016515 6512
21850.9762826 6513
21701.5507189 6514
21535.6364062 6515
21394.4855776 6516
21319.3504659 6517
21340.8778699 6518
21424.3723754 6519
21510.2746634 6520
21538.976947 6521
21457.688328 6522
21286.1492935 6523
21087.8917932 6524
20927.0538496 6525
20864.9278242 6526
20904.4826265 6527
20994.0680688 6528
21079.9301732 6529
21108.9769063 6530
21061.0002484 6531
20963.1795366 6532
20846.3786551 6533
20741.4227372 6534
20670.451186 6535
20635.9880643 6536
20637.8663335 6537
20675.9187944 6538
20744.5114587 6539
20818.1342975 6540
20866.7614728 6541
20860.3671463 6542
20776.5559348 6543
20638.4589734 6544
20486.0211059 6545
20359.2139832 6546
20293.9313159 6547
20284.5832398 6548
20301.3840484 6549
20314.2458855 6550
20294.4190714 6551
20238.6576505 6552
20166.5935392 6553
20098.6697151 6554
20054.9488853 6555
20038.764347 6556
20030.5190393 6557
20008.9566631 6558
19952.8989474 6559
19854.4245059 6560
19733.7194522 6561
19614.5551109 6562
19520.7017078 6563
19468.8812095 6564
19452.0316799 6565
19458.0795808 6566
19474.9513743 6567
19491.0285651 6568
19497.1785812 6569
19485.1135172 6570
19446.5461628 6571
19374.649784 6572
19275.9226024 6573
19163.9927682 6574
19052.5558753 6575
18954.7422067 6576
18874.3798786 6577
18807.6786946 6578
18750.6241342 6579
18699.2590478 6580
18651.642424 6581
18608.3347166 6582
18570.052233 6583
18537.5109575 6584
18511.3910363 6585
18492.3047403 6586
18480.8567776 6587
18477.6505313 6588
18481.570658 6589
18486.4072402 6590
18485.0108351 6591
18470.2319999 6592
18436.1338314 6593
18382.533859 6594
18310.9549135 6595
18222.920092 6596
18120.6409445 6597
18011.6415402 6598
17905.9177764 6599
17813.4792923 6600
17743.6944179 6601
17697.3738245 6602
17669.2341181 6603
17653.8611873 6604
17645.8357933 6605
17639.6047688 6606
17629.4714788 6607
17609.7322502 6608
17574.7508597 6609
17523.4111926 6610
17461.8898029 6611
17397.0252938 6612
17335.6504756 6613
17282.5201664 6614
17237.2432202 6615
17198.6456814 6616
17165.5535934 6617
17135.7510059 6618
17102.9579477 6619
17059.9037862 6620
16999.3178889 6621
16917.0756904 6622
16828.5988795 6623
16756.8045585 6624
16724.6251826 6625
16751.4808693 6626
16820.7263561 6627
16894.5279802 6628
16934.7816223 6629
16905.2923491 6630
16805.1554243 6631
16664.5425084 6632
16514.6874145 6633
16386.433306 6634
16295.0596118 6635
16235.4069339 6636
16200.9274548 6637
16185.077049 6638
16181.7877962 6639
16185.9329287 6640
16192.4961202 6641
16196.4611993 6642
16193.0611229 6643
16178.2838643 6644
16148.2598854 6645
16099.1196484 6646
16029.1544397 6647
15946.9559035 6648
15864.1815113 6649
15792.4892487 6650
15741.8956837 6651
15709.9645267 6652
15688.5496424 6653
15669.475092 6654
15644.652439 6655
15607.1068336 6656
15550.6304493 6657
15469.0306146 6658
15356.7751776 6659
15224.0869051 6660
15097.2627367 6661
15003.323991 6662
14968.8565564 6663
14996.177733 6664
15051.019228 6665
15096.0830596 6666
15094.1619655 6667
15028.3508831 6668
14927.5785896 6669
14827.0595611 6670
14762.0071023 6671
14755.3376129 6672
14787.3423736 6673
14829.0831258 6674
14851.6216104 6675
14831.4692629 6676
14774.5678722 6677
14696.7491151 6678
14613.8520172 6679
14540.5172824 6680
14481.0862661 6681
14434.6520649 6682
14400.2660109 6683
14376.6478871 6684
14357.7041441 6685
14333.7099991 6686
14294.8514415 6687
14231.7253742 6688
14146.2974604 6689
14053.082139 6690
13967.2414874 6691
13903.8152364 6692
13869.5369388 6693
13857.6774681 6694
13860.2780462 6695
13869.3803135 6696
13877.1572713 6697
13876.0993111 6698
13858.7438084 6699
13817.628227 6700
13749.6125091 6701
13667.4508737 6702
13587.5499464 6703
13526.3163525 6704
13497.0540066 6705
13495.464323 6706
13511.0488336 6707
13533.3021412 6708
13551.6293465 6709
13554.6336032 6710
13530.495214 6711
13467.3906793 6712
13355.1006936 6713
13207.5746852 6714
13057.452093 6715
12937.8580561 6716
12880.8632867 6717
12888.4965973 6718
12929.1257176 6719
12969.3371763 6720
12976.0046933 6721
12935.718261 6722
12867.149559 6723
12791.9158003 6724
12731.6072738 6725
12699.6460986 6726
12689.841404 6727
12693.1190605 6728
12700.4049221 6729
12702.1345522 6730
12686.9687419 6731
12643.1668341 6732
12558.9881716 6733
12427.7926798 6734
12271.0979188 6735
12120.0848916 6736
12005.9432906 6737
11955.6482198 6738
11959.9668692 6739
11991.2224878 6740
12021.5917435 6741
12025.0002335 6742
12000.0385156 6743
11963.5432175 6744
11932.7794398 6745
11924.4316625 6746
11940.2640201 6747
11966.1946396 6748
11987.375684 6749
11989.0908738 6750
11964.1853986 6751
11917.037728 6752
11852.9969027 6753
11777.4113687 6754
11695.5062205 6755
11612.23271 6756
11532.5052472 6757
11461.2378638 6758
11401.6223995 6759
11351.164341 6760
11306.1972053 6761
11263.0545092 6762
11219.5373468 6763
11180.7268119 6764
11153.9571648 6765
11146.5633366 6766
11163.8850766 6767
11196.1371162 6768
11226.6037587 6769
11238.5332388 6770
11216.3211449 6771
11158.1501618 6772
11071.3158812 6773
10963.2758784 6774
10841.8331729 6775
10721.9568543 6776
10625.3742185 6777
10574.0763452 6778
10589.4403916 6779
10667.1845977 6780
10768.6195187 6781
10852.6446837 6782
10878.3586126 6783
10828.0026094 6784
10728.2703494 6785
10610.8944772 6786
10507.5952795 6787
10440.389354 6788
10404.1984103 6789
10389.251767 6790
10385.7787425 6791
10384.8972714 6792
10381.4028766 6793
10371.0423173 6794
10349.5623541 6795
10313.7153451 6796
10266.4823373 6797
10213.2261832 6798
10159.3145273 6799
10109.9083469 6800
10068.2081641 6801
10036.3321788 6802
10016.3872253 6803
10010.06783 6804
10012.7253449 6805
10014.7376768 6806
10006.3494627 6807
9978.13237018 6808
9929.67806746 6809
9870.51860007 6810
9810.69766484 6811
9760.15331378 6812
9722.44762911 6813
9691.23844502 6814
9659.3291001 6815
9619.54887441 6816
9570.03011452 6817
9520.64192863 6818
9482.82685377 6819
9468.02519572 6820
9480.82618229 6821
9503.83445905 6822
9515.25381283 6823
9493.28803048 6824
9423.02949381 6825
9322.03528557 6826
9217.41742894 6827
9136.28927173 6828
9101.46062904 6829
9105.61785406 6830
9128.57718278 6831
9150.10650772 6832
9151.3803078 6833
9128.62337717 6834
9087.18621674 6835
9032.54720679 6836
8970.29331716 6837
8907.90365746 6838
8854.46401244 6839
8819.11118435 6840
8810.58725053 6841
8825.15442599 6842
8844.34960274 6843
8848.86199843 6844
8819.58849338 6845
8752.25903198 6846
8667.07446806 6847
8586.52365103 6848
8533.05622437 6849
8518.9311473 6850
8532.6701896 6851
8559.42232634 6852
8584.33719523 6853
8596.12261543 6854
8595.36310567 6855
8585.11820669 6856
8568.44745924 6857
8547.07191614 6858
8516.20635696 6859
8469.09147844 6860
8398.9675316 6861
8301.51763267 6862
8189.78506298 6863
8084.33042795 6864
8005.7444967 6865
7972.31840363 6866
7977.64150873 6867
8000.28097186 6868
8018.59163607 6869
8012.05951552 6870
7979.6699832 6871
7936.85490217 6872
7899.56117847 6873
7883.25208833 6874
7888.60043598 6875
7899.10911604 6876
7897.31818355 6877
7865.98618354 6878
7802.20677074 6879
7726.02802006 6880
7659.56105573 6881
7624.85617673 6882
7631.17970982 6883
7659.32956217 6884
7686.26008036 6885
7688.92917553 6886
7653.17673989 6887
7592.86532318 6888
7527.370296 6889
7476.06702899 6890
7453.28709724 6891
7450.55109528 6892
7452.93404662 6893
7445.51058393 6894
7416.02854491 6895
7369.6478943 6896
7318.5013078 6897
7274.74000091 6898
7249.50042131 6899
7244.18364934 6900
7254.76765309 6901
7277.17176756 6902
7307.04957034 6903
7336.09883428 6904
7352.98270545 6905
7346.28687631 6906
7305.15079797 6907
7232.4681815 6908
7145.47739915 6909
7062.08872745 6910
6999.99481789 6911
6966.47594169 6912
6954.03421394 6913
6954.04727077 6914
6957.91029717 6915
6959.1626805 6916
6955.51939371 6917
6945.17672834 6918
6926.33337361 6919
6898.66632101 6920
6865.84555309 6921
6832.2085401 6922
6802.09274727 6923
6778.68103966 6924
6760.76217365 6925
6746.07975359 6926
6732.3773838 6927
6717.34964751 6928
6698.42679128 6929
6672.95036032 6930
6638.26183479 6931
6592.50706259 6932
6540.06347911 6933
6488.21784977 6934
6444.2733486 6935
6415.11232495 6936
6402.81211975 6937
6406.39092186 6938
6424.81773872 6939
6456.80916854 6940
6496.59458446 6941
6534.54535749 6942
6560.90719522 6943
6566.13684299 6944
6547.12419704 6945
6508.21533876 6946
6454.17339218 6947
6389.77889886 6948
6320.87107609 6949
6254.93796941 6950
6199.61038414 6951
6162.4874127 6952
6145.82529696 6953
6140.57524184 6954
6136.2498755 6955
6122.36612181 6956
6093.17341594 6957
6056.69604673 6958
6023.45071021 6959
6003.95410243 6960
6004.59389618 6961
6015.0593239 6962
6020.8189189 6963
6007.34121432 6964
5963.73396074 6965
5899.6740059 6966
5832.05729965 6967
5777.78763186 6968
5751.39299657 6969
5748.35538043 6970
5755.00142237 6971
5757.59952435 6972
5743.33007473 6973
5710.02379963 6974
5662.40570881 6975
5605.31675894 6976
5543.72983611 6977
5484.98266369 6978
5438.45659043 6979
5413.60022268 6980
5419.44747698 6981
5452.62517543 6982
5495.51253054 6983
5529.7037528 6984
5537.00349824 6985
5511.31212216 6986
5464.9791821 6987
5411.90680977 6988
5365.9673885 6989
5336.68292975 6990
5324.68901494 6991
5329.536422 6992
5350.77197501 6993
5385.05308063 6994
5421.04582239 6995
5446.04626376 6996
5447.35049507 6997
5416.96082832 6998
5364.70509352 6999
5304.63078743 7000
5250.78540685 7001
5215.1365405 7002
5198.7971942 7003
5199.35096937 7004
5214.37958061 7005
5240.55074004 7006
5267.91675462 7007
5283.61866241 7008
5274.78488289 7009
5230.40444267 7010
5158.54745406 7011
5078.48327302 7012
5009.62378835 7013
4970.05575935 7014
4957.82370345 7015
4955.43319688 7016
4944.98367207 7017
4909.29510401 7018
4848.34378681 7019
4779.59309797 7020
4721.29311796 7021
4691.35201411 7022
4693.55634193 7023
4712.85319018 7024
4732.87951897 7025
4737.39363704 7026
4720.6557389 7027
4695.38926192 7028
4676.19195925 7029
4677.62654761 7030
4705.10301953 7031
4742.69023073 7032
4771.42122313 7033
4772.33245188 7034
4734.09039524 7035
4669.21036926 7036
4594.85449684 7037
4528.18490089 7038
4482.75154597 7039
4456.81726489 7040
4444.60145931 7041
4440.32350549 7042
4438.91431254 7043
4439.38563442 7044
4442.20142568 7045
4447.8274014 7046
4456.33745529 7047
4464.72144259 7048
4468.50969014 7049
4463.2238127 7050
4444.77296949 7051
4413.34820691 7052
4371.80060892 7053
4323.02120898 7054
4270.19131401 7055
4221.17908663 7056
4187.64481369 7057
4181.35758814 7058
4213.36922276 7059
4276.79850459 7060
4345.99542177 7061
4394.4254188 7062
4396.00867755 7063
4344.05971395 7064
4258.12752364 7065
4159.62312536 7066
4069.87644425 7067
4003.24984567 7068
3961.88429078 7069
3946.68370661 7070
3958.53506991 7071
3994.19816764 7072
4040.94744619 7073
4084.72986006 7074
4111.49520174 7075
4111.7376937 7076
4089.7192224 7077
4052.29899418 7078
4006.33621538 7079
3958.30599619 7080
3913.13177646 7081
3875.34521901 7082
3849.47798668 7083
3838.77819894 7084
3839.59085675 7085
3845.95036219 7086
3851.88946337 7087
3851.9194169 7088
3844.00942784 7089
3827.64836009 7090
3802.33162177 7091
3767.99023061 7092
3728.86614376 7093
3691.66229798 7094
3663.11039199 7095
3649.35386548 7096
3648.34900152 7097
3652.05000458 7098
3652.27308284 7099
3641.208745 7100
3618.72759485 7101
3591.89723267 7102
3568.06281163 7103
3554.42822854 7104
3553.6298508 7105
3562.85581466 7106
3578.9751413 7107
3598.81759316 7108
3616.95838325 7109
3624.53502909 7110
3612.3958792 7111
3571.45929875 7112
3501.26112563 7113
3418.15242476 7114
3340.42726834 7115
3286.36110656 7116
3266.86324926 7117
3274.2870475 7118
3298.1096126 7119
3327.80833995 7120
3354.02985944 7121
3371.25493917 7122
3374.7490503 7123
3359.77766404 7124
3323.89864223 7125
3274.52568332 7126
3221.72066215 7127
3175.54548787 7128
3144.91597163 7129
3132.27745142 7130
3137.80677741 7131
3161.6783577 7132
3202.98487212 7133
3252.75312147 7134
3298.3666934 7135
3327.19138059 7136
3327.92461088 7137
3302.61012285 7138
3260.98651031 7139
3212.88511008 7140
3167.78112016 7141
3130.22796581 7142
3101.18827144 7143
3081.54304011 7144
3072.11049954 7145
3072.46214764 7146
3081.02331854 7147
3096.17672889 7148
3116.22278583 7149
3136.9849786 7150
3151.43424906 7151
3152.38363387 7152
3132.77732626 7153
3092.1492944 7154
3039.57284708 7155
2984.86778341 7156
2937.83121478 7157
2906.05702808 7158
2893.12445949 7159
2902.18635654 7160
2936.36854278 7161
2992.10689707 7162
3050.40916225 7163
3090.11547091 7164
3090.07466565 7165
3039.92810192 7166
2961.14824183 7167
2881.04716675 7168
2826.93690533 7169
2817.5782876 7170
2839.39072186 7171
2871.14898912 7172
2891.62787036 7173
2884.00115958 7174
2852.84979208 7175
2809.25701885 7176
2764.30758273 7177
2727.9944476 7178
2703.45486459 7179
2691.17119571 7180
2691.62002016 7181
2704.48225256 7182
2722.93397915 7183
2736.97220273 7184
2736.57233005 7185
2712.92849883 7186
2670.43969184 7187
2621.58814826 7188
2578.97252802 7189
2554.53191977 7190
2550.52375677 7191
2561.84725505 7192
2583.21774399 7193
2609.33215583 7194
2634.50850009 7195
2652.7089101 7196
2657.8817371 7197
2644.19639298 7198
2612.56955374 7199
2571.74305706 7200
2530.89686631 7201
2499.10244852 7202
2480.12306912 7203
2470.11954625 7204
2464.66671104 7205
2459.36028444 7206
2451.66151137 7207
2442.34410705 7208
2432.52232116 7209
2423.30699147 7210
2415.11995878 7211
2406.86235137 7212
2397.23207297 7213
2384.92845453 7214
2369.67477001 7215
2354.01918906 7216
2340.99289547 7217
2333.62697616 7218
2333.92804342 7219
2340.35027386 7220
2350.57836355 7221
2362.29700856 7222
2373.35861554 7223
2382.34836589 7224
2388.05152101 7225
2389.25334697 7226
2384.72480152 7227
2373.15773512 7228
2353.21681048 7229
2323.56666557 7230
2283.52862086 7231
2237.0224792 7232
2189.93344625 7233
2148.15412376 7234
2117.04349211 7235
2097.17343802 7236
2086.58921838 7237
2083.31329285 7238
2085.43986837 7239
2091.89844602 7240
2102.15801189 7241
2115.69656988 7242
2131.89264104 7243
2148.58143745 7244
2162.38148854 7245
2169.87832638 7246
2167.86504344 7247
2157.56337156 7248
2144.43996676 7249
2134.1322817 7250
2132.14824813 7251
2140.03223577 7252
2154.7259642 7253
2172.91291832 7254
2191.26247616 7255
2205.78376862 7256
2211.55726921 7257
2203.59369661 7258
2176.9748186 7259
2132.41531193 7260
2080.2556573 7261
2031.778562 7262
1998.23606806 7263
1986.07226017 7264
1991.73581325 7265
2010.42955455 7266
2037.35427528 7267
2066.85768949 7268
2091.11748564 7269
2101.97138596 7270
2091.25902011 7271
2055.19011951 7272
2003.66326733 7273
1949.25015579 7274
1904.52247121 7275
1878.68276107 7276
1867.94164677 7277
1865.37859907 7278
1864.07308872 7279
1858.79830082 7280
1852.39820459 7281
1850.11812381 7282
1857.20378262 7283
1877.12397603 7284
1902.87281828 7285
1923.61941882 7286
1928.52725935 7287
1908.99835418 7288
1872.80259237 7289
1834.97757727 7290
1810.59375296 7291
1812.61964512 7292
1834.76726127 7293
1860.41042376 7294
1872.82404722 7295
1856.91724394 7296
1816.54895294 7297
1767.78118627 7298
1726.87832662 7299
