1947.63250058 3800
2081.74977192 3801
2292.60489052 3802
2508.9538436 3803
2659.81762351 3804
2677.41720209 3805
2559.9552531 3806
2370.4856456 3807
2174.57159741 3808
2037.51095304 3809
2003.83287267 3810
2045.2298719 3811
2117.42089833 3812
2176.310876 3813
2180.54651632 3814
2130.9100472 3815
2062.51933926 3816
2011.34763148 3817
2013.18807413 3818
2088.62105224 3819
2215.10429129 3820
2362.55566838 3821
2501.03355479 3822
2602.64795471 3823
2663.23445567 3824
2694.56131844 3825
2708.63993389 3826
2717.40214594 3827
2727.39333948 3828
2732.82213296 3829
2726.19521977 3830
2700.05853766 3831
2648.62447197 3832
2581.53787111 3833
2516.88088864 3834
2472.72875203 3835
2466.94531333 3836
2505.19692029 3837
2570.4902935 3838
2643.44003433 3839
2704.76630015 3840
2737.73328019 3841
2743.59310706 3842
2731.56441982 3843
2710.8521282 3844
2690.54236559 3845
2675.83943381 3846
2666.1075889 3847
2660.22886609 3848
2657.09152538 3849
2655.79434118 3850
2656.61234518 3851
2660.23559057 3852
2667.35042296 3853
2678.5525291 3854
2691.4495412 3855
2699.99322049 3856
2697.94583009 3857
2679.10771472 3858
2641.71344112 3859
2603.76315735 3860
2588.6939288 3861
2619.79934355 3862
2718.85286321 3863
2876.12566275 3864
3050.75381741 3865
3200.78044859 3866
3284.51061712 3867
3275.10591265 3868
3197.11323147 3869
3086.15673715 3870
2977.63874618 3871
2905.03078788 3872
2874.44659078 3873
2870.23380919 3874
2876.22806327 3875
2876.37492248 3876
2860.15752467 3877
2832.03689346 3878
2798.9804411 3879
2767.91115219 3880
2745.29309396 3881
2732.78694918 3882
2728.9985226 3883
2732.49262956 3884
2741.83865995 3885
2754.80165677 3886
2767.4124667 3887
2775.50099316 3888
2774.92429549 3889
2762.38242187 3890
2741.54829157 3891
2719.58649602 3892
2703.6422579 3893
2700.78859343 3894
2716.0879802 3895
2751.24642845 3896
2807.6368613 3897
2886.62284746 3898
2986.82408258 3899
3089.34365693 3900
3168.49446667 3901
3198.7416182 3902
3155.32337802 3903
3038.66774935 3904
2882.59157417 3905
2723.01425245 3906
2595.61893864 3907
2530.27398976 3908
2529.52325557 3909
2587.66078152 3910
2699.01532348 3911
2857.37042221 3912
3041.8396866 3913
3216.19809763 3914
3343.72207798 3915
3387.93021226 3916
3328.75338408 3917
3205.90596833 3918
3072.59276478 3919
2981.66965508 3920
2982.40331824 3921
3069.66017003 3922
3193.6967393 3923
3303.75536796 3924
3349.43741999 3925
3302.61720147 3926
3196.71877501 3927
3075.59505616 3928
2982.81338776 3929
2958.08266342 3930
2999.42831285 3931
3078.23758923 3932
3165.64084153 3933
3233.02324906 3934
3263.87527718 3935
3267.24205083 3936
3255.38349507 3937
3240.48058579 3938
3233.6470646 3939
3237.71091924 3940
3251.41451856 3941
3273.47925758 3942
3302.58795163 3943
3334.16683481 3944
3358.32599593 3945
3364.74325086 3946
3343.161796 3947
3286.075972 3948
3202.34959452 3949
3106.9214012 3950
3014.64719677 3951
2940.10596041 3952
2891.10280416 3953
2866.9728512 3954
2866.51746669 3955
2888.54567465 3956
2931.46593678 3957
2991.86653036 3958
3065.84422244 3959
3149.52000616 3960
3238.92500884 3961
3327.64033313 3962
3406.89240008 3963
3467.86277493 3964
3501.78735518 3965
3503.53378388 3966
3479.83600376 3967
3439.83026064 3968
3392.59769405 3969
3346.92241982 3970
3308.11387549 3971
3278.91665501 3972
3261.99939821 3973
3260.01021108 3974
3273.84752015 3975
3300.1531384 3976
3334.94909355 3977
3374.28080987 3978
3414.55981484 3979
3455.53454541 3980
3498.81338967 3981
3546.01590715 3982
3598.71973225 3983
3655.25037272 3984
3708.00650973 3985
3748.79582241 3986
3769.47210266 3987
3763.92844354 3988
3739.70158459 3989
3709.97239256 3990
3687.86708631 3991
3686.28924825 3992
3711.44262569 3993
3760.38438217 3994
3829.5257008 3995
3915.29791251 3996
4011.76916225 3997
4101.36681206 3998
4163.04512446 3999
4175.87046086 4000
4120.19300746 4001
4005.18482821 4002
3869.68450675 4003
3753.69758545 4004
3697.01729834 4005
3724.46040828 4006
3808.66347403 4007
3910.94494244 4008
3992.82518593 4009
4018.32449866 4010
3986.45366455 4011
3923.20430741 4012
3855.14007657 4013
3808.66354177 4014
3799.1884167 4015
3814.41404896 4016
3837.76793788 4017
3852.76047262 4018
3844.71557876 4019
3816.33374474 4020
3780.25325744 4021
3749.16963456 4022
3735.64949552 4023
3745.24256176 4024
3770.54331384 4025
3802.77439212 4026
3833.20077992 4027
3854.30435902 4028
3866.66109922 4029
3874.22377473 4030
3880.93797714 4031
3890.67871444 4032
3905.02355867 4033
3922.43133049 4034
3941.14393176 4035
3959.41149737 4036
3975.43214409 4037
3987.12483237 4038
3992.33164111 4039
3988.90399301 4040
3975.03171573 4041
3956.57254492 4042
3947.06903568 4043
3960.3441228 4044
4010.15962685 4045
4100.47844663 4046
4202.34242679 4047
4279.97664646 4048
4297.75787183 4049
4223.74677201 4050
4075.84841759 4051
3908.58573829 4052
3777.11240419 4053
3736.252794 4054
3810.31154188 4055
3951.087831 4056
4099.98812873 4057
4198.65637185 4058
4196.34002404 4059
4109.75947381 4060
3991.56923143 4061
3894.55634656 4062
3870.89240867 4063
3939.96167335 4064
4065.31604224 4065
4205.18064172 4066
4317.941442 4067
4368.30015594 4068
4358.99490997 4069
4307.16147289 4070
4229.89833818 4071
4144.17655678 4072
4064.71256094 4073
4003.46437321 4074
3972.17967824 4075
3982.56433246 4076
4040.53459013 4077
4127.68897414 4078
4219.27356784 4079
4290.62214255 4080
4318.25302971 4081
4299.48745788 4082
4250.12373537 4083
4186.55197323 4084
4125.102942 4085
4079.14650856 4086
4053.55212835 4087
4051.64343768 4088
4076.73374136 4089
4131.05268205 4090
4204.49852429 4091
4279.12601442 4092
4336.92004253 4093
4360.00188313 4094
4341.75833824 4095
4298.33976565 4096
4248.59919285 4097
4211.32995211 4098
4202.75957584 4099
4220.43557826 4100
4253.52567153 4101
4291.19062631 4102
4322.73039814 4103
4342.6552616 4104
4352.90306602 4105
4355.97686829 4106
4354.37193356 4107
4351.01566138 4108
4351.00866174 4109
4360.11182339 4110
4384.07003227 4111
4428.19263119 4112
4487.84673622 4113
4548.32636639 4114
4594.51586758 4115
4611.34257062 4116
4590.26500003 4117
4544.46325158 4118
4491.61038578 4119
4449.33082059 4120
4434.01545514 4121
4445.98818589 4122
4474.06817889 4123
4506.85289714 4124
4532.9890153 4125
4545.59870791 4126
4547.92628613 4127
4544.60353924 4128
4540.25040789 4129
4539.05278194 4130
4541.63526904 4131
4546.84449783 4132
4553.51698883 4133
4560.50220536 4134
4567.28757813 4135
4574.35744611 4136
4582.28223687 4137
4591.63067889 4138
4602.89547986 4139
4616.15952805 4140
4631.36637458 4141
4648.46000912 4142
4667.36124078 4143
4687.36181318 4144
4707.06666059 4145
4725.04881849 4146
4739.884572 4147
4751.47886066 4148
4764.51215202 4149
4784.72973609 4150
4817.86404658 4151
4869.12144993 4152
4936.13926013 4153
5010.80824545 4154
5084.89289082 4155
5150.1833355 4156
5200.82807393 4157
5236.60138713 4158
5258.10182626 4159
5265.92647581 4160
5260.30952997 4161
5238.28222383 4162
5195.20913726 4163
5126.4495858 4164
5027.58625645 4165
4908.81759203 4166
4804.03404784 4167
4749.22842665 4168
4780.32063618 4169
4921.97887972 4170
5135.95692675 4171
5362.13065428 4172
5540.47342529 4173
5612.78890775 4174
5569.02602023 4175
5452.53414979 4176
5309.36447439 4177
5185.47803999 4178
5115.89201762 4179
5096.03625703 4180
5112.35912713 4181
5151.33489609 4182
5199.67727573 4183
5247.25936775 4184
5286.36001649 4185
5309.33208196 4186
5308.56793333 4187
5283.74178011 4188
5251.81240446 4189
5232.22085672 4190
5244.37273587 4191
5304.05463549 4192
5395.94474841 4193
5488.79458113 4194
5551.28150861 4195
5552.55124443 4196
5488.0514172 4197
5394.82412555 4198
5313.53025256 4199
5284.75815286 4200
5339.24756801 4201
5454.71389815 4202
5591.05628886 4203
5708.23099627 4204
5767.39364766 4205
5759.10480508 4206
5705.27859592 4207
5629.32130135 4208
5554.59752937 4209
5500.63202528 4210
5473.82780823 4211
5477.76105631 4212
5516.00182127 4213
5591.18425259 4214
5693.37782065 4215
5803.65255946 4216
5902.91344394 4217
5972.13714108 4218
6000.3618742 4219
5994.44338223 4220
5963.61572752 4221
5917.09779316 4222
5864.12658834 4223
5814.19415687 4224
5776.90491612 4225
5761.84766025 4226
5778.40840405 4227
5826.41098474 4228
5891.76681125 4229
5959.31227209 4230
6013.90938298 4231
6043.34896814 4232
6049.61020949 4233
6038.98465116 4234
6017.75428367 4235
5991.98876016 4236
5963.36605961 4237
5929.31693126 4238
5887.10202734 4239
5833.98909711 4240
5770.9549699 4241
5710.29495784 4242
5666.43780457 4243
5653.7878801 4244
5684.73895157 4245
5748.82876039 4246
5821.00021953 4247
5876.00070627 4248
5888.76381031 4249
5851.74683456 4250
5791.44111889 4251
5738.21156487 4252
5722.37122478 4253
5768.51426619 4254
5863.04655001 4255
5976.66013298 4256
6080.04796241 4257
6144.4906323 4258
6161.06314288 4259
6145.87154892 4260
6116.60338715 4261
6090.91585793 4262
6082.23444348 4263
6086.66100085 4264
6095.85094684 4265
6101.47436903 4266
6095.5685554 4267
6076.10220992 4268
6045.95499384 4269
6008.14987938 4270
5965.71089603 4271
5924.17643019 4272
5895.49376812 4273
5892.59494454 4274
5928.38880477 4275
6012.87833526 4276
6129.71699375 4277
6248.48402671 4278
6338.68032435 4279
6370.23487731 4280
6338.14665212 4281
6277.80210549 4282
6228.19080206 4283
6228.23029262 4284
6306.61521718 4285
6437.26282986 4286
6575.7780474 4287
6677.83580344 4288
6700.87900985 4289
6644.13131137 4290
6550.23273988 4291
6463.77046647 4292
6429.24087033 4293
6473.62752784 4294
6567.12432468 4295
6668.45539284 4296
6736.42564738 4297
6733.14859973 4298
6660.25795467 4299
6545.77123676 4300
6418.13611729 4301
6305.68160745 4302
6228.23177589 4303
6188.60185337 4304
6187.57028013 4305
6225.91374248 4306
6301.99190493 4307
6397.59258635 4308
6487.579361 4309
6546.8442478 4310
6550.93721407 4311
6497.8101445 4312
6413.76831539 4313
6326.89057665 4314
6265.19629552 4315
6248.99090947 4316
6267.48552684 4317
6302.04083917 4318
6334.0571638 4319
6345.93554355 4320
6335.57332531 4321
6313.35209553 4322
6289.98792205 4323
6276.16474445 4324
6279.84889266 4325
6302.43439344 4326
6344.33415629 4327
6405.95987001 4328
6486.32877295 4329
6572.60417208 4330
6645.98770917 4331
6687.6774358 4332
6679.25296984 4333
6621.01616866 4334
6541.34188947 4335
6470.85445599 4336
6440.10627935 4337
6472.50705898 4338
6556.81083103 4339
6671.22906841 4340
6794.02297549 4341
6904.18056895 4342
6994.77918723 4343
7072.17073408 4344
7143.21016452 4345
7214.73250047 4346
7289.82318681 4347
7360.8378529 4348
7418.23754357 4349
7452.50776605 4350
7455.4781457 4351
7432.55765876 4352
7397.10933425 4353
7362.56397703 4354
7342.25591037 4355
7344.3653818 4356
7368.18240804 4357
7412.11564913 4358
7474.5767418 4359
7551.46523453 4360
7624.31734191 4361
7669.62320369 4362
7663.93055422 4363
7585.0635379 4364
7442.5779154 4365
7279.92878836 4366
7142.11787243 4367
7074.0185197 4368
7103.74354188 4369
7204.5368597 4370
7338.45138953 4371
7467.64672223 4372
7557.17136458 4373
7605.64762665 4374
7633.83552128 4375
7662.83118579 4376
7713.5539317 4377
7792.80670316 4378
7880.0581397 4379
7951.69523585 4380
7984.17533444 4381
7959.24054592 4382
7892.3242242 4383
7812.1613221 4384
7747.43491845 4385
7726.02207186 4386
7752.90845299 4387
7806.13218352 4388
7862.24417932 4389
7897.86826745 4390
7897.18348908 4391
7871.79059104 4392
7839.51085375 4393
7818.11008347 4394
7824.09262215 4395
7857.52786238 4396
7906.66649929 4397
7959.53556823 4398
8004.22354902 4399
8032.80352031 4400
8045.7199569 4401
8044.47734855 4402
8030.57615598 4403
8006.38410745 4404
7980.41165828 4405
7963.78727645 4406
7967.61210559 4407
8002.56234704 4408
8065.05111272 4409
8133.50125353 4410
8185.25243173 4411
8197.72227303 4412
8157.47742515 4413
8086.67362786 4414
8016.09450423 4415
7976.41634193 4416
7996.1100102 4417
8072.54428542 4418
8179.43500241 4419
8289.99256058 4420
8377.58051234 4421
8427.84705481 4422
8453.62944933 4423
8471.38184853 4424
8497.49974275 4425
8545.31251768 4426
8605.71995651 4427
8659.559159 4428
8687.68876175 4429
8671.48969991 4430
8610.46424237 4431
8527.85896542 4432
8448.45121126 4433
8396.92449722 4434
8391.25735342 4435
8422.45877555 4436
8474.72954204 4437
8532.3309557 4438
8580.210919 4439
8613.02627454 4440
8633.02713128 4441
8642.65744136 4442
8644.35645248 4443
8641.42342332 4444
8639.12485506 4445
8642.98097618 4446
8658.48895758 4447
8689.23917698 4448
8724.51054981 4449
8747.0766092 4450
8739.74622054 4451
8685.89661246 4452
8589.17489377 4453
8479.96252441 4454
8390.35565488 4455
8352.31719002 4456
8386.4637057 4457
8467.52376322 4458
8558.63644788 4459
8623.09659402 4460
8626.92981122 4461
8575.6441341 4462
8505.42144487 4463
8453.10382617 4464
8455.28450891 4465
8528.25538194 4466
8642.79418514 4467
8763.57589192 4468
8855.43068203 4469
8888.43988983 4470
8870.75214842 4471
8827.58749886 4472
8784.13826463 4473
8764.95343538 4474
8773.95682394 4475
8788.46511209 4476
8784.12530259 4477
8736.69639532 4478
8632.87854745 4479
8502.33312578 4480
8385.20702633 4481
8321.46086422 4482
8348.0546587 4483
8460.82878216 4484
8624.71775633 4485
8804.0554236 4486
8963.40249343 4487
9078.67225418 4488
9150.09854306 4489
9181.07896101 4490
9174.99563581 4491
9135.63647957 4492
9069.72576223 4493
8985.22464787 4494
8890.06116897 4495
8792.2341125 4496
8703.47651342 4497
8640.11064252 4498
8618.66409573 4499
8655.58141255 4500
8758.05878466 4501
8899.28870053 4502
9044.72788848 4503
9160.00648678 4504
9213.74143537 4505
9212.07957844 4506
9187.64765727 4507
9173.4723274 4508
9202.2412641 4509
9282.9341333 4510
9377.10292195 4511
9440.81282585 4512
9430.3564186 4513
9312.90841292 4514
9124.38012789 4515
8927.65026706 4516
8785.33818351 4517
8757.90455869 4518
8851.80869162 4519
9012.42900127 4520
9182.11964016 4521
9303.54235461 4522
9336.70373635 4523
9299.01804662 4524
9219.79566303 4525
9128.19227545 4526
9051.87073164 4527
9002.82544099 4528
8982.97047171 4529
8994.03974235 4530
9037.6979475 4531
9109.84037628 4532
9195.95216496 4533
9280.49711107 4534
9348.02601515 4535
9386.18830924 4536
9399.84106824 4537
9399.86515052 4538
9397.08760584 4539
9401.85900027 4540
9414.60381104 4541
9425.71374777 4542
9425.18578827 4543
9403.07962899 4544
9356.30488981 4545
9301.79193893 4546
9260.03722545 4547
9251.41869629 4548
9293.25823921 4549
9373.8096283 4550
9464.90214693 4551
9538.33871178 4552
9566.36445451 4553
9539.2732832 4554
9475.82368432 4555
9397.19251689 4556
9324.43135731 4557
9275.05974324 4558
9249.9221185 4559
9244.8279053 4560
9255.61017074 4561
9278.10244567 4562
9307.72521911 4563
9339.53964711 4564
9368.6231085 4565
9390.09273963 4566
9402.76302054 4567
9414.64241349 4568
9435.10550047 4569
9473.46791202 4570
9536.28325379 4571
9608.16358353 4572
9663.2031494 4573
9675.58738046 4574
9620.29954613 4575
9499.61814749 4576
9352.50052428 4577
9220.2647662 4578
9143.96927618 4579
9152.0639766 4580
9223.19575904 4581
9323.68226007 4582
9420.05256663 4583
9480.93772499 4584
9502.14562628 4585
9499.63691446 4586
9489.75267155 4587
9488.67056416 4588
9503.25293686 4589
9521.23226966 4590
9528.04973486 4591
9509.2420638 4592
9454.23835986 4593
9377.15661505 4594
9301.83638597 4595
9251.98688138 4596
9250.37332037 4597
9297.19823949 4598
9367.57059864 4599
9435.43727408 4600
9474.92017834 4601
9470.22802306 4602
9437.58269122 4603
9399.50679747 4604
9378.37170447 4605
9394.3633883 4606
9445.65279435 4607
9517.11787521 4608
9593.54960835 4609
9659.95761676 4610
9710.06029966 4611
9751.99502703 4612
9795.21089094 4613
9849.09206315 4614
9919.66946255 4615
9996.32058314 4616
10063.2641098 4617
10104.8246783 4618
10106.1058006 4619
10065.1391167 4620
9991.50505731 4621
9895.13241363 4622
9785.88339681 4623
9674.74265964 4624
9575.60426122 4625
9502.72603864 4626
9470.26511092 4627
9490.18566592 4628
9557.71075338 4629
9660.13898807 4630
9784.8073233 4631
9919.12568168 4632
10049.9240137 4633
10163.2504388 4634
10245.1946193 4635
10281.9450983 4636
10265.9625896 4637
10213.3509343 4638
10145.7323074 4639
10084.5747505 4640
10049.9468547 4641
10045.5060185 4642
10063.4789783 4643
10095.9104284 4644
10134.8948586 4645
10171.6480258 4646
10195.6572387 4647
10196.2847966 4648
10162.9726908 4649
10089.8101411 4650
9997.47320257 4651
9916.04521085 4652
9875.40036888 4653
9903.85037835 4654
9998.32549278 4655
10124.4325901 4656
10246.6539247 4657
10329.7505522 4658
10352.0011476 4659
10329.0228872 4660
10282.7876957 4661
10235.1048221 4662
10205.6963979 4663
10196.9008785 4664
10201.9632287 4665
10214.0967013 4666
10226.6380188 4667
10236.5209137 4668
10245.7581365 4669
10256.7366379 4670
10271.8243505 4671
10293.9095893 4672
10328.1024148 4673
10380.0529845 4674
10455.3697673 4675
10558.6265224 4676
10680.1524927 4677
10799.7154687 4678
10896.9809342 4679
10951.8674276 4680
10958.1577617 4681
10937.4289143 4682
10914.4425881 4683
10913.7709567 4684
10955.0466481 4685
11028.6475359 4686
11114.0079144 4687
11190.6987627 4688
11238.9904293 4689
11252.711238 4690
11239.6813566 4691
11208.3138675 4692
11166.9561829 4693
11123.6956122 4694
11085.9916956 4695
11061.14483 4696
11056.3962429 4697
11077.4319444 4698
11116.2154046 4699
11157.4627759 4700
11185.9413218 4701
11186.8072784 4702
11158.6239836 4703
11119.0384322 4704
11087.0356845 4705
11081.4500787 4706
11114.6237256 4707
11172.6007525 4708
11234.770857 4709
11280.6883132 4710
11291.680054 4711
11271.8381521 4712
11241.8909942 4713
11222.7926072 4714
11235.2479037 4715
11289.395886 4716
11374.7569392 4717
11478.5238212 4718
11587.9929671 4719
11692.5289934 4720
11793.1672338 4721
11895.158911 4722
12003.7194693 4723
12123.5521088 4724
12248.5794476 4725
12362.0466063 4726
12446.867059 4727
12486.1101452 4728
12472.7864031 4729
12426.6511453 4730
12371.8002912 4731
12332.1336763 4732
12328.6810724 4733
12359.6973761 4734
12412.1142855 4735
12472.8839755 4736
12529.1852414 4737
12573.3867254 4738
12604.7010204 4739
12622.8178299 4740
12627.4310747 4741
12619.6232291 4742
12605.6901137 4743
12593.104873 4744
12589.2797199 4745
12600.9594685 4746
12627.3586354 4747
12662.6756357 4748
12701.061111 4749
12736.7397841 4750
12766.3258584 4751
12790.619004 4752
12810.8437166 4753
12828.2113386 4754
12844.985589 4755
12868.8985863 4756
12909.3886254 4757
12975.8187475 4758
13076.4736071 4759
13200.9183759 4760
13322.3113374 4761
13413.4581057 4762
13447.4483768 4763
13413.8359866 4764
13340.6491663 4765
13261.2293018 4766
13208.6469697 4767
13210.9905454 4768
13262.7567863 4769
13344.0735331 4770
13435.1771218 4771
13516.8965147 4772
13583.3257534 4773
13643.6773936 4774
13707.9178534 4775
13785.935482 4776
13881.9001554 4777
13982.2629559 4778
14070.1236372 4779
14128.7200186 4780
14143.699421 4781
14123.0722127 4782
14087.3543278 4783
14057.0394995 4784
14052.188204 4785
14078.5938789 4786
14121.1486657 4787
14163.1875307 4788
14188.1818203 4789
14185.2817493 4790
14166.8358785 4791
14151.1105185 4792
14156.221619 4793
14198.5990186 4794
14273.4024985 4795
14360.4853798 4796
14439.518268 4797
14490.4331444 4798
14504.1922614 4799
14492.4112181 4800
14468.9091034 4801
14447.3920266 4802
14438.3815639 4803
14435.4632855 4804
14426.5349036 4805
14399.5827862 4806
14343.8288933 4807
14270.9887467 4808
14213.2019209 4809
14203.1052499 4810
14272.9998447 4811
14431.6410507 4812
14631.3802741 4813
14816.5975094 4814
14932.1186218 4815
14933.2197625 4816
14847.1616813 4817
14732.1959041 4818
14646.2411075 4819
14645.1930937 4820
14738.3207094 4821
14882.0336155 4822
15030.1972434 4823
15137.0545751 4824
15173.8498338 4825
15163.2576421 4826
15137.5880911 4827
15128.8955329 4828
15165.2132864 4829
15239.0183457 4830
15323.5088352 4831
15391.8976909 4832
15418.0882362 4833
15398.9362396 4834
15363.5004449 4835
15343.0481669 4836
15368.6020898 4837
15458.855312 4838
15585.2816029 4839
15708.1143245 4840
15787.9025721 4841
15789.4209732 4842
15726.2331545 4843
15644.5395822 4844
15590.7962974 4845
15610.7346181 4846
15719.5068781 4847
15879.736254 4848
16049.0980562 4849
16185.6012237 4850
16256.2178199 4851
16270.4286729 4852
16250.5387095 4853
16218.6835424 4854
16195.8081702 4855
16185.9564536 4856
16179.429722 4857
16166.2005078 4858
16136.372942 4859
16088.9192279 4860
16041.4375902 4861
16013.7620567 4862
16025.5740898 4863
16091.3909744 4864
16195.2091825 4865
16309.7417749 4866
16407.8883484 4867
16463.8043582 4868
16475.3362687 4869
16463.4240584 4870
16449.8220328 4871
16456.0971679 4872
16491.9071166 4873
16536.69569 4874
16565.2869258 4875
16552.6946426 4876
16478.8628473 4877
16359.3864348 4878
16225.8363206 4879
16109.628699 4880
16041.2413819 4881
16028.9079648 4882
16055.1482577 4883
16101.1558215 4884
16148.2646135 4885
16181.9491869 4886
16200.1485143 4887
16203.1880685 4888
16191.3925775 4889
16165.4407554 4890
16129.2758004 4891
16088.5766773 4892
16048.9991724 4893
16016.1623473 4894
15995.8923017 4895
15994.3100687 4896
16017.5165693 4897
16071.5676997 4898
16158.3396637 4899
16264.4413185 4900
16373.0629843 4901
16467.5141606 4902
16532.7228991 4903
16570.6431738 4904
16593.8803453 4905
16615.1187644 4906
16646.8512599 4907
16694.7052598 4908
16753.4609274 4909
16816.9756173 4910
16879.1463867 4911
16935.0837591 4912
16985.0618007 4913
17030.7403882 4914
17073.7754959 4915
17115.6238546 4916
17155.2280512 4917
17189.7121598 4918
17216.1745363 4919
17231.7563448 4920
17235.5229238 4921
17230.0628736 4922
17218.3216401 4923
17203.224018 4924
17186.5455873 4925
17164.282754 4926
17130.636391 4927
17079.8416058 4928
17007.201875 4929
16925.4820847 4930
16861.8317958 4931
16843.6694813 4932
16898.0934522 4933
17027.0938904 4934
17180.3667553 4935
17301.3395928 4936
17333.7875594 4937
17236.0653655 4938
17050.3866007 4939
16849.1266919 4940
16704.261868 4941
16684.0069372 4942
16788.0624863 4943
16952.4493396 4944
17111.1218172 4945
17198.5258615 4946
17177.1884917 4947
17075.6374963 4948
16931.7822012 4949
16783.3111423 4950
16663.8384727 4951
16580.9050126 4952
16531.3591335 4953
16512.040051 4954
16519.7081924 4955
16548.8311068 4956
16591.4949575 4957
16639.7184194 4958
16685.5723848 4959
16725.4515047 4960
16767.1700083 4961
16820.3762353 4962
16894.6632212 4963
16997.5430622 4964
17121.0809101 4965
17250.3279512 4966
17370.3801748 4967
17466.6247491 4968
17530.8068601 4969
17561.9372742 4970
17559.4256617 4971
17522.6997499 4972
17457.2746503 4973
17386.6531058 4974
17337.524828 4975
17336.4428289 4976
17404.7012844 4977
17519.9997335 4978
17638.2210296 4979
17715.2937776 4980
17708.4712127 4981
17614.6102247 4982
17479.9166942 4983
17353.4907919 4984
17284.184248 4985
17303.0150461 4986
17383.7412376 4987
17488.6769131 4988
17580.3182563 4989
17624.8214635 4990
17621.2709045 4991
17586.7306334 4992
17538.3704231 4993
17493.1312121 4994
17461.5563418 4995
17445.6001873 4996
17446.5976322 4997
17465.879043 4998
17502.8547278 4999
17550.187814 5000
17599.0871808 5001
17640.8021538 5002
17667.1284127 5003
17675.1676925 5004
17665.1304622 5005
17637.2630579 5006
17591.8927461 5007
17533.4575806 5008
17472.3137029 5009
17419.2381409 5010
17384.9651758 5011
17377.6563145 5012
17395.914602 5013
17436.0952229 5014
17494.5737972 5015
17567.1702766 5016
17643.4069088 5017
17708.9034104 5018
17749.2810098 5019
17750.4172348 5020
17710.061626 5021
17643.9923587 5022
17569.4327584 5023
17503.5486244 5024
17460.254587 5025
17440.6800492 5026
17442.7689661 5027
17464.4746254 5028
17503.701511 5029
17557.6755987 5030
17623.1839629 5031
17697.0139766 5032
17775.9803367 5033
17857.5551185 5034
17940.2572668 5035
18022.7070107 5036
18103.5247612 5037
18180.9628252 5038
18251.7157842 5039
18312.0765878 5040
18358.3510813 5041
18387.0085298 5042
18396.4160269 5043
18386.221248 5044
18356.0958235 5045
18305.8035774 5046
18241.4677838 5047
18179.6609527 5048
18137.8728347 5049
18133.5539831 5050
18177.5646733 5051
18252.5713648 5052
18333.7122274 5053
18396.1886263 5054
18416.894443 5055
18393.739341 5056
18339.1732481 5057
18265.9160489 5058
18186.6548563 5059
18114.5532957 5060
18063.5911581 5061
18047.8014145 5062
18081.1754433 5063
18171.8280841 5064
18302.1248117 5065
18447.4097103 5066
18583.0856795 5067
18686.1054792 5068
18753.0503994 5069
18794.277874 5070
18820.412317 5071
18841.9878007 5072
18864.721558 5073
18886.1776292 5074
18903.1538341 5075
18912.4397573 5076
18911.1179879 5077
18897.4756079 5078
18870.1447887 5079
18827.7513915 5080
18769.8369388 5081
18707.8016281 5082
18661.3748968 5083
18650.4379412 5084
18694.5425675 5085
18791.9963161 5086
18905.1814822 5087
18993.084244 5088
19014.7539898 5089
18943.287499 5090
18813.2080566 5091
18675.8127065 5092
18582.3260644 5093
18580.2156031 5094
18669.1380669 5095
18815.4352023 5096
18984.8162115 5097
19143.1794216 5098
19266.9204946 5099
19349.8743739 5100
19387.5245466 5101
19375.368376 5102
19314.0919334 5103
19226.7511941 5104
19142.3889971 5105
19090.0239649 5106
19096.0186264 5107
19153.7340201 5108
19233.974723 5109
19307.1512035 5110
19343.9743555 5111
19334.4528593 5112
19299.958304 5113
19264.7069529 5114
19252.9043893 5115
19283.1286179 5116
19350.5465292 5117
19444.2361028 5118
19553.2755288 5119
19666.9087114 5120
19776.2644694 5121
19873.7134542 5122
19951.6556374 5123
20002.5754347 5124
20024.3261625 5125
20023.1707645 5126
20006.092147 5127
19980.0837636 5128
19950.7592253 5129
19918.2907126 5130
19881.4808604 5131
19839.140358 5132
19790.6960873 5133
19742.5761246 5134
19705.6194683 5135
19690.7446209 5136
19708.7050375 5137
19761.4578557 5138
19837.8103822 5139
19925.49075 5140
20012.236664 5141
20088.4352284 5142
20154.4496945 5143
20212.9982162 5144
20266.7902487 5145
20317.4823987 5146
20355.6447889 5147
20365.1913559 5148
20329.9517461 5149
20234.2663464 5150
20086.9573991 5151
19931.4008715 5152
19813.5800263 5153
19779.4861685 5154
19857.5578736 5155
20014.4646014 5156
20203.3070478 5157
20377.1680154 5158
20493.9060628 5159
20557.5473276 5160
20597.9907908 5161
20645.4112647 5162
20729.4258752 5163
20856.2634102 5164
21001.3582601 5165
21138.0433333 5166
21239.6354431 5167
21287.309189 5168
21287.6670157 5169
21252.456033 5170
21193.4211678 5171
21121.8065373 5172
21044.4040688 5173
20965.7048183 5174
20890.1788363 5175
20822.3916095 5176
20769.9999805 5177
20744.4200213 5178
20757.2906133 5179
20820.2629299 5180
20936.415583 5181
21083.6280174 5182
21235.1473472 5183
21364.2050637 5184
21446.9487299 5185
21482.563607 5186
21481.0838078 5187
21452.6226392 5188
21407.2596159 5189
21354.1963166 5190
21301.6452707 5191
21257.7789334 5192
21230.7712173 5193
21224.0004452 5194
21228.1147317 5195
21231.6623523 5196
21223.1846969 5197
21194.5973449 5198
21161.3371045 5199
21148.8347015 5200
21182.5872802 5201
21286.7664734 5202
21454.2903038 5203
21646.7574169 5204
21824.3572471 5205
21947.2956626 5206
21995.3534444 5207
21994.4862242 5208
21977.3352559 5209
21976.5853211 5210
22018.6674765 5211
22091.7204565 5212
22169.4362332 5213
22225.4383431 5214
22234.7378367 5215
22199.2107436 5216
22144.7810145 5217
22098.2499842 5218
22086.3787263 5219
22122.7198136 5220
22193.2447235 5221
22280.4716651 5222
22366.8872876 5223
22439.2688196 5224
22507.2071762 5225
22587.8064481 5226
22698.2030218 5227
22853.7480164 5228
23041.5881829 5229
23226.5896921 5230
23372.9517023 5231
23445.0394297 5232
23428.4869718 5233
23347.6732099 5234
23231.1178241 5235
23107.3871188 5236
23002.3526523 5237
22929.4801147 5238
22898.7277937 5239
22920.0750457 5240
23001.4929551 5241
23125.228629 5242
23255.7700623 5243
23357.1838491 5244
23393.9364751 5245
23358.8276027 5246
23289.3713129 5247
23227.0668441 5248
23213.5002106 5249
23275.5289844 5250
23383.0940461 5251
23492.3954914 5252
23559.5385867 5253
23545.9020898 5254
23468.2492447 5255
23376.172686 5256
23319.7910947 5257
23348.2978192 5258
23467.3038679 5259
23623.4133963 5260
23758.9373958 5261
23816.0819859 5262
23761.6865152 5263
23642.3171496 5264
23520.6816033 5265
23459.621975 5266
23513.2683396 5267
23661.4010869 5268
23846.4223958 5269
24010.3247097 5270
24096.4478165 5271
24091.7250132 5272
24033.2200981 5273
23960.8329409 5274
23914.5115665 5275
23918.8851764 5276
23957.3493056 5277
24006.4244371 5278
24042.5927201 5279
24046.8005241 5280
24030.8675807 5281
24019.5937306 5282
24037.863815 5283
24109.2042179 5284
24226.5547341 5285
24353.3020086 5286
24451.5614908 5287
24483.4687722 5288
24435.1806061 5289
24346.1048779 5290
24262.8649451 5291
24232.2043368 5292
24291.108635 5293
24422.3821518 5294
24590.1991644 5295
24758.6372038 5296
24893.3775627 5297
24986.6978796 5298
25052.2591451 5299
25104.367347 5300
25157.2740366 5301
25217.9928695 5302
25280.3796876 5303
25336.8846082 5304
25379.945699 5305
25405.3816064 5306
25424.0052083 5307
25450.7786688 5308
25500.7086839 5309
25586.5848871 5310
25694.3240167 5311
25792.0965704 5312
25847.6873308 5313
25829.3605017 5314
25734.4404547 5315
25603.1776385 5316
25479.3726065 5317
25406.9216617 5318
25416.0996375 5319
25489.1921238 5320
25597.9239321 5321
25713.9559366 5322
25811.0976452 5323
25883.1704814 5324
25934.6537056 5325
25970.1340237 5326
25994.1465919 5327
26009.2471922 5328
26015.6004413 5329
26013.2454152 5330
26002.2176353 5331
25983.9597422 5332
25963.7799643 5333
25947.6606648 5334
25941.5967798 5335
25950.6821528 5336
25973.7167072 5337
26006.8418186 5338
26046.1794946 5339
26087.9381239 5340
26130.3711835 5341
26173.6916958 5342
26218.1841099 5343
26264.1486318 5344
26310.7840017 5345
26354.9731608 5346
26393.2870973 5347
26422.29369 5348
26440.253914 5349
26454.4498197 5350
26475.1141049 5351
26512.5258527 5352
26576.3157376 5353
26666.5101412 5354
26775.8385963 5355
26896.8452662 5356
27022.0439895 5357
27144.2138507 5358
27256.5545135 5359
27352.2937704 5360
27424.6465926 5361
27470.2052784 5362
27499.0393316 5363
27524.6083563 5364
27560.3982938 5365
27617.7098736 5366
27685.0097345 5367
27737.2272235 5368
27749.0764681 5369
27695.9589712 5370
27583.1067865 5371
27454.6856545 5372
27357.5803509 5373
27338.7787857 5374
27424.940644 5375
27581.7915824 5376
27763.6435085 5377
27924.6937694 5378
28025.1651293 5379
28070.8714268 5380
28088.2477463 5381
28103.8844461 5382
28143.3107436 5383
28205.9505208 5384
28264.8969618 5385
28292.038092 5386
28259.2747781 5387
28156.1588607 5388
28011.9235046 5389
27861.2530813 5390
27738.9374333 5391
27674.0060367 5392
27664.0537311 5393
27696.0625315 5394
27756.9769512 5395
27834.3887602 5396
27925.9851597 5397
28037.1979801 5398
28173.676783 5399
28340.9804902 5400
28537.3482564 5401
28748.7122859 5402
28959.8098359 5403
29155.3362236 5404
29320.8629405 5405
29445.5231841 5406
29519.2985361 5407
29532.136072 5408
29476.7635108 5409
29373.6142237 5410
29259.1064482 5411
29169.9360052 5412
29142.1792437 5413
29186.9655842 5414
29284.0887453 5415
29411.3020709 5416
29546.3222165 5417
29671.2237522 5418
29780.4746459 5419
29870.7111001 5420
29938.5631492 5421
29981.6670672 5422
30004.6459784 5423
30015.0972478 5424
30020.6365908 5425
30028.6325071 5426
30041.2330809 5427
30055.6872287 5428
30069.0522308 5429
30078.3918054 5430
30081.3608628 5431
30076.8567696 5432
30063.9225766 5433
30041.6015916 5434
30012.7178278 5435
29998.2843758 5436
30024.8429559 5437
30118.9729065 5438
30303.1937813 5439
30548.2355525 5440
30789.4167649 5441
30961.2440063 5442
30999.1801473 5443
30897.1675738 5444
30735.5466651 5445
30601.7770759 5446
30583.4942049 5447
30733.3932213 5448
30986.8524683 5449
31254.6213088 5450
31447.2398155 5451
31486.3642898 5452
31386.2082785 5453
31206.5093258 5454
31007.4470117 5455
30848.0838443 5456
30755.3564087 5457
30722.0324587 5458
30739.1823679 5459
30797.8729201 5460
30888.5945599 5461
31000.5143835 5462
31122.6133405 5463
31243.8371528 5464
31354.3301401 5465
31450.9221458 5466
31532.7439122 5467
31598.9197179 5468
31648.8908605 5469
31686.762139 5470
31720.180513 5471
31756.9139958 5472
31804.6009105 5473
31861.9155634 5474
31912.8720426 5475
31940.1067375 5476
31926.2092889 5477
31862.4055818 5478
31772.0087509 5479
31685.8090524 5480
31634.6605314 5481
31646.6364338 5482
31723.9992683 5483
31855.2282239 5484
32028.6414057 5485
32232.2416385 5486
32445.2190058 5487
32636.7072713 5488
32775.2193266 5489
32829.2783729 5490
32789.6698641 5491
32702.7687889 5492
32623.555166 5493
32607.1226805 5494
32695.4437196 5495
32853.1516658 5496
33016.7069961 5497
33122.3997884 5498
33110.927663 5499
32994.1493499 5500
32840.7563839 5501
32721.1477983 5502
32705.2675371 5503
32818.692215 5504
33011.648851 5505
33226.9857682 5506
33407.4427506 5507
33508.1899871 5508
33532.2340289 5509
33494.0317008 5510
33408.0825395 5511
33289.7488843 5512
33162.4431194 5513
33053.9632007 5514
32992.2125192 5515
33004.3882732 5516
33094.7789989 5517
33241.2105351 5518
33420.008965 5519
33607.4544954 5520
33783.5043651 5521
33937.3524388 5522
34059.5902607 5523
34140.8017524 5524
34175.3773019 5525
34179.9065864 5526
34179.0328724 5527
34197.4202114 5528
34257.4950132 5529
34346.2723033 5530
34422.9528122 5531
34445.9383931 5532
34374.0744467 5533
34203.3832656 5534
33991.1068374 5535
33800.2964775 5536
33694.0847957 5537
33716.0736399 5538
33837.638408 5539
34013.4802438 5540
34198.2359281 5541
34350.4551115 5542
34463.7041121 5543
34549.8036274 5544
34620.7527833 5545
34688.2609801 5546
34755.6995732 5547
34817.3120526 5548
34866.8566551 5549
34898.1158525 5550
34912.2548476 5551
34927.7387873 5552
34965.5121759 5553
35046.5537415 5554
35183.8049343 5555
35347.0545382 5556
35491.7025461 5557
35573.0538307 5558
35550.6516195 5559
35442.6711092 5560
35309.7854609 5561
35213.6951918 5562
35215.4673604 5563
35336.1529982 5564
35536.4183586 5565
35771.8946698 5566
35998.1442288 5567
36178.4030532 5568
36301.3333758 5569
36360.809467 5570
36350.6984776 5571
36268.012843 5572
36134.0763123 5573
35981.553672 5574
35843.2173477 5575
35751.0567135 5576
35718.666745 5577
35741.6409925 5578
35814.8241749 5579
35933.0190609 5580
36088.1333861 5581
36266.1208092 5582
36452.184621 5583
36631.5274283 5584
36791.7125699 5585
36931.332938 5586
37052.1577436 5587
37155.946702 5588
37245.2828982 5589
37332.0072816 5590
37433.7409361 5591
37568.2373909 5592
37752.7048441 5593
37983.1602484 5594
38228.1095285 5595
38454.1967764 5596
38628.0309564 5597
38729.6680916 5598
38776.2797161 5599
38791.4269807 5600
38798.6808032 5601
38817.6619163 5602
38842.8215669 5603
38858.8165806 5604
38850.2696903 5605
38802.6783196 5606
38716.2219906 5607
38603.1314651 5608
38476.0127093 5609
38347.4381561 5610
38227.2515829 5611
38120.6085179 5612
38032.2433564 5613
37966.8822509 5614
37928.8262431 5615
37920.7122389 5616
37944.8152703 5617
38003.4094967 5618
38097.2479256 5619
38213.9864138 5620
38334.6165569 5621
38440.0560269 5622
38511.7861982 5623
38545.9233682 5624
38553.9001551 5625
38547.9114977 5626
38540.1039895 5627
38535.192045 5628
38521.6820878 5629
38485.9603959 5630
38414.3818988 5631
38297.4035985 5632
38145.2285918 5633
37973.9974875 5634
37799.8618524 5635
37639.5568524 5636
37516.2119975 5637
37457.1049356 5638
37489.5921017 5639
37640.1732502 5640
37899.4651803 5641
38211.0342487 5642
38515.207958 5643
38752.2921873 5644
38882.7791006 5645
38922.8035557 5646
38898.0038403 5647
38834.0351112 5648
38756.1477825 5649
38686.8562055 5650
38647.6517411 5651
38660.0534241 5652
38743.5328099 5653
38885.1823135 5654
39046.2987936 5655
39187.4269668 5656
39269.4269926 5657
39276.9020054 5658
39232.8254362 5659
39163.6942532 5660
39096.0380879 5661
39051.1822619 5662
39032.5843742 5663
39039.8464311 5664
39072.5633595 5665
39130.9970745 5666
39220.4750503 5667
39348.7576034 5668
39523.6049533 5669
39751.2996838 5670
40005.9388179 5671
40230.748913 5672
40367.6501212 5673
40358.8831432 5674
40192.8807351 5675
39948.258827 5676
39714.1396828 5677
39579.7118389 5678
39608.8097347 5679
39757.9061973 5680
39955.0613112 5681
40128.2867015 5682
40212.4061718 5683
40209.1865275 5684
40158.2784755 5685
40099.7793965 5686
40073.0142857 5687
40093.8252925 5688
40151.3477834 5689
40233.284094 5690
40327.3194183 5691
40420.7329742 5692
40499.8780809 5693
40550.9602892 5694
40560.1995721 5695
40519.9274955 5696
40453.6247104 5697
40394.6606394 5698
40376.4161055 5699
40427.5907717 5700
40520.1765582 5701
40588.6133261 5702
40566.6376374 5703
40389.6379377 5704
40061.7379275 5705
39677.8114387 5706
39339.0260611 5707
39146.5357615 5708
39156.2543523 5709
39301.1947178 5710
39493.6838525 5711
39645.9772208 5712
39685.0735655 5713
39625.8879073 5714
39515.706236 5715
39401.9022717 5716
39329.5315312 5717
39309.2620958 5718
39325.8053234 5719
39363.2119828 5720
39405.651762 5721
39444.5796581 5722
39482.3775729 5723
39522.3224038 5724
39567.6910002 5725
39619.1500501 5726
39669.2446861 5727
39708.944368 5728
39729.1980617 5729
39721.538613 5730
39681.4340913 5731
39606.015434 5732
39492.4105202 5733
39338.9469879 5734
39164.9925373 5735
39007.6901189 5736
38904.7557417 5737
38893.559584 5738
38982.7660677 5739
39132.9639867 5740
39300.1397565 5741
39440.2533625 5742
39520.9248598 5743
39550.5338737 5744
39546.3577359 5745
39525.6776785 5746
39506.2691479 5747
39509.5581442 5748
39558.6936479 5749
39676.829775 5750
39884.8046484 5751
40155.9859473 5752
40419.7136855 5753
40603.6211341 5754
40635.7641311 5755
40490.5830148 5756
40227.4922705 5757
39915.0141325 5758
39621.7393865 5759
39402.9161092 5760
39262.7154909 5761
39193.0545557 5762
39185.8513227 5763
39232.4431668 5764
39319.336969 5765
39430.5905962 5766
39550.2496918 5767
39662.9428315 5768
39767.12995 5769
39875.0455771 5770
39999.5169816 5771
40153.2907213 5772
40338.4756323 5773
40536.3096154 5774
40725.6046241 5775
40885.1625404 5776
40995.675579 5777
41045.7149621 5778
41025.8348583 5779
40926.6012288 5780
40742.0390785 5781
40497.8018413 5782
40236.4280586 5783
40000.6395082 5784
39832.0952778 5785
39745.2464745 5786
39726.0518022 5787
39759.1351413 5788
39829.1312836 5789
39923.9293089 5790
40038.1671011 5791
40167.2958249 5792
40306.7688639 5793
40446.7713325 5794
40554.7565588 5795
40592.0542921 5796
40519.9885067 5797
40307.7754535 5798
40000.1592163 5799
39683.739685 5800
39445.6167913 5801
39370.2416408 5802
39471.1324537 5803
39685.3835412 5804
39946.2587171 5805
40187.1276576 5806
40362.8798611 5807
40474.0111375 5808
40526.7885963 5809
40527.5060994 5810
40485.0064453 5811
40419.4122389 5812
40353.9460507 5813
40311.8465809 5814
40313.5763564 5815
40352.5944815 5816
40407.1578214 5817
40455.3621378 5818
40475.6247051 5819
40456.2462757 5820
40396.2891583 5821
40295.3473847 5822
40153.0630187 5823
39977.3847338 5824
39793.8608139 5825
39630.3176918 5826
39514.5746631 5827
39468.3626881 5828
39486.4794868 5829
39556.330306 5830
39665.3082885 5831
39801.6104657 5832
39961.2875396 5833
40144.7652097 5834
40352.5085655 5835
40584.8154344 5836
40837.725516 5837
41102.6031052 5838
41370.648268 5839
41632.9800511 5840
41877.9295271 5841
42087.9458725 5842
42244.7241978 5843
42329.9589807 5844
42331.3447843 5845
42262.3578377 5846
42143.3942385 5847
41994.8497895 5848
41836.4322995 5849
41681.3381171 5850
41539.2227594 5851
41419.6969135 5852
41331.9871175 5853
41275.1982591 5854
41237.9058067 5855
41208.1559959 5856
41174.0439927 5857
41128.0994287 5858
41071.7847094 5859
41007.6453395 5860
40938.2116777 5861
40869.9812943 5862
40825.620968 5863
40831.9309101 5864
40915.7337824 5865
41097.9342635 5866
41347.4613945 5867
41606.3182119 5868
41816.2403471 5869
41921.1621224 5870
41915.7452385 5871
41844.7606025 5872
41755.1443908 5873
41693.6360306 5874
41681.4602182 5875
41691.6401495 5876
41691.8234869 5877
41649.6431163 5878
41548.2509129 5879
41429.7008066 5880
41350.0557978 5881
41365.4164865 5882
41521.568048 5883
41781.2438008 5884
42067.1764895 5885
42301.7897576 5886
42410.436764 5887
42377.552208 5888
42241.8715858 5889
42044.1635402 5890
41825.1981479 5891
41621.8209117 5892
41464.0775263 5893
41381.3409205 5894
41403.0114935 5895
41539.0260904 5896
41732.02025 5897
41910.0192703 5898
42001.0382179 5899
41946.5289686 5900
41785.2141356 5901
41598.3891685 5902
41467.5901858 5903
41469.8944191 5904
41605.0973604 5905
41808.2590174 5906
42012.3678218 5907
42150.9577273 5908
42193.0046588 5909
42163.2220298 5910
42091.2415189 5911
42006.7014709 5912
41934.7349572 5913
41886.5378061 5914
41870.6554542 5915
41895.6646257 5916
41966.33341 5917
42063.6569069 5918
42159.3420364 5919
42225.0477224 5920
42235.2063273 5921
42203.9703728 5922
42175.1950939 5923
42193.4736355 5924
42302.4154512 5925
42498.8364159 5926
42714.5659036 5927
42876.5680609 5928
42911.8044355 5929
42787.6117506 5930
42579.1528816 5931
42379.438612 5932
42281.5761532 5933
42357.8899393 5934
42567.6620508 5935
42832.004018 5936
43071.9384628 5937
43213.9488081 5938
43249.5085212 5939
43212.3300948 5940
43136.867191 5941
43057.5393397 5942
43006.2725545 5943
43012.0018377 5944
43103.4663121 5945
43309.3243171 5946
43622.1304101 5947
43952.1514959 5948
44198.1631546 5949
44258.8484339 5950
44064.8067979 5951
43692.2603018 5952
43258.8765337 5953
42882.4597699 5954
42669.6843704 5955
42620.2932005 5956
42674.7148677 5957
42772.7017001 5958
42855.4275548 5959
42900.2017751 5960
42921.4842174 5961
42935.4509056 5962
42958.2714094 5963
43001.6898594 5964
43069.0581902 5965
43162.7445458 5966
43285.1464092 5967
43433.6702519 5968
43587.1681928 5969
43720.1341939 5970
43807.0512495 5971
43827.7173974 5972
43802.6803766 5973
43771.2816916 5974
43772.9861514 5975
43844.624155 5976
43975.8710183 5977
44115.9115983 5978
44212.5850524 5979
44214.1804707 5980
44100.5607823 5981
43901.3442469 5982
43650.5645014 5983
43382.2873695 5984
43128.754246 5985
42916.7679649 5986
42772.0874606 5987
42720.5388774 5988
42780.4097588 5989
42924.8779843 5990
43110.3077167 5991
43292.9980885 5992
43431.8805213 5993
43520.6384535 5994
43577.2790972 5995
43620.338759 5996
43668.0242016 5997
43726.1461512 5998
43784.6807738 5999
43832.5790692 6000
43858.8030726 6001
43860.1387331 6002
43852.02225 6003
43852.5860828 6004
43879.9787993 6005
43949.1745757 6006
44060.1536346 6007
44208.5430742 6008
44389.9727444 6009
44596.92014 6010
44791.8900373 6011
44920.6595766 6012
44928.7622753 6013
44764.5465187 6014
44444.2977367 6015
44053.2897424 6016
43679.9524171 6017
43412.4034748 6018
43293.1918435 6019
43280.3484845 6020
43322.6582648 6021
43368.8977596 6022
43384.3474259 6023
43393.0605326 6024
43432.0945603 6025
43538.5587942 6026
43740.6556097 6027
44003.6213553 6028
44265.6714267 6029
44464.8300791 6030
44543.8107383 6031
44519.479965 6032
44467.3424011 6033
44464.5980557 6034
44587.3102971 6035
44852.1743177 6036
45191.3275466 6037
45530.320466 6038
45794.6845749 6039
45937.0571492 6040
45981.9161262 6041
45965.5069139 6042
45924.1152942 6043
45886.8792232 6044
45845.9075444 6045
45781.4106032 6046
45673.5577665 6047
45505.6979116 6048
45294.8717471 6049
45078.4388778 6050
44894.0737596 6051
44778.2959417 6052
44735.8960037 6053
44737.4005821 6054
44751.5908519 6055
44747.3537754 6056
44713.4471253 6057
44677.4918398 6058
44671.6427369 6059
44728.1154188 6060
44864.1156695 6061
45041.2562152 6062
45208.1988235 6063
45313.5779276 6064
45315.7860742 6065
45244.9569651 6066
45162.9661682 6067
45131.9417534 6068
45210.1709684 6069
45393.3127012 6070
45626.739169 6071
45854.3082363 6072
46020.3579689 6073
46095.9500542 6074
46090.4952735 6075
46016.3696779 6076
45886.0154738 6077
45722.583285 6078
45577.3858669 6079
45506.3298229 6080
45565.408292 6081
45792.0832608 6082
46130.1705735 6083
46494.0215405 6084
46797.806902 6085
46963.5402737 6086
46993.3837814 6087
46936.3094435 6088
46841.9162357 6089
46759.0019258 6090
46715.0720702 6091
46715.5368374 6092
46764.7856419 6093
46867.1474638 6094
47018.6589735 6095
47200.0823013 6096
47390.4922793 6097
47568.9233335 6098
47718.7722518 6099
47838.3443133 6100
47929.1616759 6101
47992.7555487 6102
48029.8096801 6103
48035.4267177 6104
48002.4454224 6105
47923.69379 6106
47793.3517388 6107
47624.7078079 6108
47445.0893576 6109
47282.1882655 6110
47163.3906485 6111
47102.397792 6112
47095.2238239 6113
47136.7116653 6114
47221.6921332 6115
47346.4585839 6116
47510.705793 6117
47714.6093242 6118
47958.3295195 6119
48238.0614692 6120
48532.5865003 6121
48815.9152033 6122
49062.0307962 6123
49249.8529929 6124
49400.6541914 6125
49557.0924707 6126
49762.0632411 6127
50055.4597548 6128
50419.1006594 6129
50782.8417127 6130
51074.6503384 6131
51223.0908901 6132
51201.8362759 6133
51055.1588949 6134
50833.5568931 6135
50587.5933155 6136
50356.4272568 6137
50146.92696 6138
49960.2685779 6139
49797.6703334 6140
49661.8144497 6141
49563.3088749 6142
49515.4363207 6143
49531.4815094 6144
49622.1378829 6145
49770.434977 6146
49942.7442687 6147
50105.1270809 6148
50224.7696509 6149
50297.5713222 6150
50349.6384355 6151
50408.5360623 6152
50501.7917812 6153
50645.7746551 6154
50836.4748835 6155
51067.6307102 6156
51333.0397013 6157
51615.1978362 6158
51859.1668681 6159
52002.1154627 6160
51981.070787 6161
51749.4099294 6162
51363.8712876 6163
50921.4976998 6164
50519.5987305 6165
50249.1777627 6166
50118.6241786 6167
50079.1434386 6168
50080.7291791 6169
50074.303066 6170
50043.7916983 6171
50012.6776246 6172
50006.7898339 6173
50051.8476711 6174
50148.8864966 6175
50247.3136332 6176
50289.9922281 6177
50219.6852407 6178
50001.2928625 6179
49684.2898998 6180
49338.4112875 6181
49033.5025726 6182
48830.1513576 6183
48721.5993283 6184
48671.6218876 6185
48643.8296149 6186
48603.5861331 6187
48544.0835532 6188
48479.7796697 6189
48425.7609058 6190
48397.1378762 6191
48410.9096334 6192
48486.5244438 6193
48643.6026191 6194
48901.7332988 6195
49257.7535408 6196
49656.159801 6197
50034.0584382 6198
50328.394043 6199
50495.3920632 6200
50572.4838056 6201
50618.5049765 6202
50692.4220921 6203
50845.0012557 6204
51061.571661 6205
51296.243959 6206
51502.8773151 6207
51637.6930288 6208
51697.4298551 6209
51712.2512839 6210
51713.3489827 6211
51731.2573565 6212
51762.958949 6213
51758.3319263 6214
51663.6444136 6215
51425.1830299 6216
51029.2306474 6217
50559.9947395 6218
50116.5068699 6219
49797.9852938 6220
49680.8067738 6221
49739.3824115 6222
49919.7305157 6223
50167.7944579 6224
50431.7819856 6225
50679.6617288 6226
50889.1806217 6227
51038.1530025 6228
51105.7448651 6229
51096.0103748 6230
51034.3192088 6231
50946.7007085 6232
50859.0463088 6233
50785.3844444 6234
50722.4852323 6235
50665.8034457 6236
50610.7943381 6237
50555.1737096 6238
50502.4038806 6239
50456.8702654 6240
50422.9224346 6241
50401.5254552 6242
50378.0567028 6243
50333.4865326 6244
50248.7271164 6245
50108.6752557 6246
49932.1194655 6247
49754.9939188 6248
49613.4047957 6249
49542.1081425 6250
49550.1866137 6251
49624.7445548 6252
49752.1785175 6253
49918.6751552 6254
50104.3905218 6255
50280.6325974 6256
50418.0057721 6257
50487.0606229 6258
50481.0223363 6259
50449.3035834 6260
50450.0194351 6261
50541.3650877 6262
50760.0242571 6263
51046.3234809 6264
51313.635267 6265
51475.1531977 6266
51456.7519292 6267
51289.5713699 6268
51056.5100675 6269
50840.994905 6270
50722.6225413 6271
50713.7180419 6272
50770.5372676 6273
50847.506458 6274
50899.7922003 6275
50920.2736341 6276
50954.3706715 6277
51051.4808637 6278
51260.9800927 6279
51596.5816812 6280
51987.2559882 6281
52349.5725569 6282
52599.8915512 6283
52676.6772385 6284
52611.8216731 6285
52461.9295185 6286
52283.678425 6287
52127.3429262 6288
51992.8804677 6289
51856.9758071 6290
51696.1419647 6291
51488.3623039 6292
51235.554774 6293
50958.3086236 6294
50677.7872627 6295
50415.0880679 6296
50187.2340008 6297
50005.9983133 6298
49882.8025211 6299
49829.0540865 6300
49848.0553864 6301
49925.3519932 6302
50044.0974497 6303
50187.4092467 6304
50333.933352 6305
50445.2582022 6306
50478.8255298 6307
50391.9878416 6308
50155.5287146 6309
49833.4277107 6310
49529.0900248 6311
49346.255438 6312
49380.082109 6313
49608.5085067 6314
49925.9482045 6315
50224.7754734 6316
50399.730866 6317
50424.5768481 6318
50365.9035061 6319
50295.718817 6320
50285.8740134 6321
50371.0388808 6322
50512.9816825 6323
50664.9922858 6324
50780.2633921 6325
50828.9178797 6326
50838.3482347 6327
50848.0265246 6328
50897.5277883 6329
51016.9725803 6330
51179.8570657 6331
51338.6357564 6332
51445.6309461 6333
51457.7558413 6334
51383.6500509 6335
51264.3189669 6336
51141.3469124 6337
51055.2960925 6338
51020.1459841 6339
51022.5653379 6340
51047.9327262 6341
51081.6448552 6342
51111.9472846 6343
51131.8951893 6344
51135.0145225 6345
51114.8164622 6346
51066.6144533 6347
50991.0113715 6348
50889.5358845 6349
50763.6923265 6350
50616.2940527 6351
50456.50209 6352
50295.4744641 6353
50144.3587004 6354
50014.0742445 6355
49912.7797402 6356
49847.2139779 6357
49824.1255192 6358
49850.0065613 6359
49926.8531806 6360
50052.7290828 6361
50225.5672931 6362
50443.0313476 6363
50689.8542167 6364
50932.5668457 6365
51136.2568528 6366
51265.9746936 6367
51302.3063754 6368
51262.1687489 6369
51167.6960606 6370
51041.0689857 6371
50902.2667394 6372
50762.3667153 6373
50630.1990098 6374
50514.6249782 6375
50422.0907799 6376
50341.9685002 6377
50256.2765425 6378
50146.9390336 6379
49999.0263002 6380
49838.9485741 6381
49722.5512731 6382
49706.3873308 6383
49844.7759837 6384
50122.4067956 6385
50444.1096015 6386
50710.1480334 6387
50821.2111519 6388
50739.7673563 6389
50543.6462998 6390
50323.3847635 6391
50169.7137725 6392
50142.8540043 6393
50207.4658263 6394
50309.5384981 6395
50394.974505 6396
50419.5832254 6397
50393.0900686 6398
50343.3832752 6399
50298.3711149 6400
50283.6019651 6401
50301.061094 6402
50339.5586942 6403
50387.7688373 6404
50435.0185391 6405
50483.5619739 6406
50547.3482735 6407
50640.7859138 6408
50777.8931892 6409
50952.8292458 6410
51131.0547269 6411
51275.7277684 6412
51350.0148913 6413
51340.2187012 6414
51287.1708896 6415
51239.6556135 6416
51246.5471922 6417
51345.1776599 6418
51526.5479958 6419
51770.1355535 6420
52055.3577788 6421
52359.4023084 6422
52644.4334625 6423
52866.260651 6424
52980.5558886 6425
52947.4078332 6426
52782.8165837 6427
52541.1452038 6428
52277.5874664 6429
52046.4263362 6430
51875.581491 6431
51764.1207479 6432
51709.6846216 6433
51709.7927328 6434
51754.3052368 6435
51819.7228046 6436
51881.1362977 6437
51913.622995 6438
51897.6686939 6439
51829.3504987 6440
51707.5400796 6441
51531.0860319 6442
51303.7658712 6443
51053.1168075 6444
50813.8490968 6445
50620.7430317 6446
50504.5658665 6447
50462.1692393 6448
50473.4224325 6449
50518.0918985 6450
50575.3981348 6451
50617.0610156 6452
50608.8169053 6453
50516.1444865 6454
50305.6917304 6455
49987.6198897 6456
49626.6914402 6457
49291.2492209 6458
49049.5629245 6459
48944.293486 6460
48966.595017 6461
49101.4471176 6462
49333.8032585 6463
49647.3930261 6464
50021.9198152 6465
50436.2340107 6466
50869.1495851 6467
51301.0343589 6468
51720.907527 6469
52120.8162432 6470
52492.7552557 6471
52828.1624845 6472
53112.9461706 6473
53329.9209488 6474
53461.843408 6475
53493.220367 6476
53441.5143591 6477
53353.2844867 6478
53276.2178382 6479
53257.2654895 6480
53309.4610367 6481
53398.7653081 6482
53487.6394293 6483
53538.5410632 6484
53528.214839 6485
53464.7862216 6486
53360.5770632 6487
53227.9281122 6488
53079.0666738 6489
52925.7606236 6490
52779.737073 6491
52652.7175445 6492
52553.841167 6493
52476.7782671 6494
52409.3978989 6495
52339.5279618 6496
52256.9597286 6497
52172.0319748 6498
52107.318429 6499
52085.6155674 6500
52128.4975759 6501
52232.2389523 6502
52369.5757823 6503
52512.2773139 6504
52632.4443192 6505
52719.3789652 6506
52787.3580751 6507
52852.6129392 6508
52931.4160735 6509
53036.7768733 6510
53174.2719367 6511
53348.472332 6512
53563.9113366 6513
53818.812385 6514
54087.57569 6515
54339.086721 6516
54542.1555275 6517
54671.1089778 6518
54734.5150819 6519
54754.0158449 6520
54751.2865304 6521
54745.0597378 6522
54721.9968324 6523
54649.3673287 6524
54494.090401 6525
54226.0679723 6526
53877.3955981 6527
53538.5256652 6528
53302.3053344 6529
53260.046602 6530
53417.4764112 6531
53656.7412228 6532
53850.1922922 6533
53870.2359753 6534
53662.4596317 6535
53338.0351972 6536
53031.1192223 6537
52876.0821398 6538
52964.7444712 6539
53233.5375431 6540
53583.3961678 6541
53915.0811017 6542
54148.7657566 6543
54321.2816044 6544
54512.7411542 6545
54803.4300218 6546
55261.3424716 6547
55827.8061452 6548
56370.1318231 6549
56754.4152929 6550
56852.0509318 6551
56638.7575727 6552
56184.0783587 6553
55561.0399803 6554
54842.9960547 6555
54113.1896559 6556
53468.4600977 6557
53006.7889835 6558
52825.8972044 6559
52955.8459703 6560
53282.7978601 6561
53674.3683069 6562
53997.930006 6563
54158.8491188 6564
54191.4354806 6565
54157.2413101 6566
54117.9583373 6567
54124.34913 6568
54167.0823238 6569
54216.350931 6570
54242.2844659 6571
54217.7197143 6572
54140.8434729 6573
54023.4094623 6574
53877.31062 6575
53713.6683057 6576
53530.344852 6577
53314.3280312 6578
53052.2548351 6579
52732.0660975 6580
52388.4382329 6581
52114.1215182 6582
52005.6460637 6583
52158.982715 6584
52589.97247 6585
53162.2954423 6586
53722.4246612 6587
54116.6160691 6588
54250.7047997 6589
54207.9031045 6590
54104.2953548 6591
54056.1788607 6592
54152.3421859 6593
54349.9702729 6594
54567.1425186 6595
54721.7871718 6596
54742.8176824 6597
54644.7375841 6598
54481.9808118 6599
54309.3454689 6600
54178.8064176 6601
54103.917419 6602
54070.8417843 6603
54065.136432 6604
54072.3490946 6605
54079.1850846 6606
54073.5505105 6607
54043.3949177 6608
53976.8121515 6609
53873.0074761 6610
53749.1591621 6611
53624.0460542 6612
53516.5208208 6613
53437.84151 6614
53380.327517 6615
53333.4621073 6616
53286.6857482 6617
53234.0846109 6618
53187.9916974 6619
53165.1706001 6620
53182.4256174 6621
53252.4799397 6622
53362.4367245 6623
53489.5339273 6624
53610.955444 6625
53705.0438986 6626
53762.4953147 6627
53781.29266 6628
53759.5077669 6629
53695.7057988 6630
53598.4494811 6631
53485.0926991 6632
53373.3026501 6633
53280.5930499 6634
53217.0336351 6635
53182.8659077 6636
53177.6914762 6637
53201.1054375 6638
53256.8083693 6639
53356.6027001 6640
53513.2736788 6641
53739.5778289 6642
54032.595721 6643
54341.626735 6644
54606.8522188 6645
54768.3575507 6646
54782.6349848 6647
54684.7358672 6648
54533.2046367 6649
54386.7392425 6650
54300.5446196 6651
54302.9734652 6652
54410.0249612 6653
54637.6753471 6654
54996.8535971 6655
55433.613771 6656
55849.2206715 6657
56143.8942277 6658
56221.3944654 6659
56074.9649138 6660
55789.3082414 6661
55453.4083907 6662
55155.9802862 6663
54960.4462872 6664
54892.1100073 6665
54973.1078676 6666
55225.4354997 6667
55635.8989652 6668
56111.5637449 6669
56548.4043519 6670
56842.2199456 6671
56920.5208226 6672
56821.5216617 6673
56607.4989963 6674
56340.842192 6675
56077.6666463 6676
55839.7087996 6677
55637.1150209 6678
55480.0853361 6679
55376.8226228 6680
55318.564458 6681
55287.7997784 6682
55266.96692 6683
55238.9786907 6684
55194.4398743 6685
55129.7394098 6686
55041.4445625 6687
54926.1956861 6688
54784.0250409 6689
54618.7410173 6690
54434.3002695 6691
54234.8163509 6692
54030.9555783 6693
53844.175424 6694
53696.8826374 6695
53611.5503843 6696
53600.4540453 6697
53651.1590249 6698
53747.56845 6699
53873.5493917 6700
54013.7959427 6701
54156.100904 6702
54289.023569 6703
54400.9978792 6704
54481.4547897 6705
54525.1052956 6706
54528.4967996 6707
54488.1972612 6708
54403.1348073 6709
54293.6363076 6710
54191.2946049 6711
54127.9364971 6712
54133.1873526 6713
54203.8806981 6714
54311.2634573 6715
54425.933972 6716
54519.0706545 6717
54580.8163423 6718
54622.7248587 6719
54657.4073213 6720
54697.5535338 6721
54754.9017871 6722
54839.7053959 6723
54962.0851804 6724
55132.1776581 6725
55349.7338457 6726
55589.6294458 6727
55823.0396994 6728
56021.0418755 6729
56162.8928142 6730
56257.4043867 6731
56320.1525977 6732
56366.7027423 6733
56412.4298735 6734
56471.2873784 6735
56556.7851132 6736
56682.4709849 6737
56856.399734 6738
57039.5649173 6739
57168.8820568 6740
57180.9445439 6741
57016.9311676 6742
56684.8493528 6743
56242.1602959 6744
55747.655923 6745
55259.6015796 6746
54820.2978467 6747
54455.0385956 6748
54188.386343 6749
54044.362075 6750
54015.4453332 6751
54045.9028153 6752
54075.7840207 6753
54045.2298088 6754
53928.9014308 6755
53778.4802636 6756
53656.1268096 6757
53624.0978229 6758
53721.9223576 6759
53913.6852447 6760
54147.7760376 6761
54372.5341391 6762
54547.223368 6763
54686.0274634 6764
54820.1897553 6765
54980.9826362 6766
55194.1284877 6767
55442.3708763 6768
55688.6902892 6769
55895.9322438 6770
56028.7186183 6771
56074.5350491 6772
56035.9671253 6773
55915.9218235 6774
55718.5239428 6775
55474.507676 6776
55239.7461779 6777
55071.1806991 6778
55024.4068778 6779
55094.2826995 6780
55193.9111728 6781
55230.4975434 6782
55111.5112639 6783
54796.4848325 6784
54345.3469425 6785
53829.5185801 6786
53320.5990457 6787
52881.1998406 6788
52548.6975932 6789
52356.1628117 6790
52336.6841278 6791
52508.3150881 6792
52826.3701109 6793
53229.8740065 6794
53657.677936 6795
54052.2847598 6796
54379.3041931 6797
54613.152264 6798
54728.216362 6799
54703.1735892 6800
54558.1193741 6801
54336.0081986 6802
54080.1703941 6803
53833.7038223 6804
53635.402489 6805
53520.6546491 6806
53524.8280016 6807
53681.3256535 6808
53966.8446215 6809
54295.5303983 6810
54578.0639872 6811
54726.0768397 6812
54716.3851977 6813
54627.538381 6814
54546.9814134 6815
54562.2162992 6816
54721.9774859 6817
54988.9965774 6818
55314.3842418 6819
55649.1333398 6820
55959.8281952 6821
56263.5424782 6822
56587.4860207 6823
56958.9141087 6824
57387.882005 6825
57803.1709525 6826
58109.3992577 6827
58211.0251299 6828
58032.8446854 6829
57644.005369 6830
57175.4669237 6831
56758.7364947 6832
56512.4161426 6833
56414.0549798 6834
56355.4652275 6835
56227.005154 6836
55924.9328785 6837
55452.0230138 6838
54901.7855525 6839
54370.8191485 6840
53954.229291 6841
53693.7364888 6842
53567.7773192 6843
53551.1485997 6844
53618.7636663 6845
53757.0680292 6846
53971.6857882 6847
54270.068057 6848
54659.5840034 6849
55129.3913634 6850
55625.9589454 6851
56089.6131818 6852
56460.5213565 6853
56692.9512655 6854
56788.3879571 6855
56758.2437614 6856
56613.9046928 6857
56375.4007351 6858
56104.4614055 6859
55875.6282319 6860
55763.5708821 6861
55827.6534496 6862
56017.1656431 6863
56233.4872137 6864
56377.663143 6865
56360.1966488 6866
56196.1440828 6867
55964.3726467 6868
55744.7595303 6869
55613.9621966 6870
55588.9531852 6871
55636.2572035 6872
55720.8066331 6873
55807.7704657 6874
55873.8335749 6875
55909.0274395 6876
55904.1532143 6877
55850.1055158 6878
55747.452446 6879
55612.2481724 6880
55462.0099985 6881
55314.2878051 6882
55191.4704697 6883
55126.7088607 6884
55154.6195527 6885
55309.9247223 6886
55602.5733748 6887
55964.1560716 6888
56310.6671204 6889
56557.916724 6890
56638.6117088 6891
56562.6090224 6892
56361.6200809 6893
56067.4479861 6894
55716.0160237 6895
55369.9138282 6896
55102.4939508 6897
54987.2860614 6898
55088.6858326 6899
55381.4255162 6900
55790.1946456 6901
56238.9638466 6902
56654.3297068 6903
57004.5160368 6904
57289.8262293 6905
57511.3414924 6906
57669.9595955 6907
57762.0130047 6908
57779.1004391 6909
57712.5313011 6910
57554.4303913 6911
57336.1495897 6912
57144.7626808 6913
57071.8191844 6914
57208.4401968 6915
57569.7207786 6916
58022.3307126 6917
58415.5057519 6918
58598.2615791 6919
58485.3585895 6920
58169.9925397 6921
57775.3786092 6922
57425.084842 6923
57210.4469016 6924
57099.4090898 6925
57030.4473056 6926
56941.8878341 6927
56785.6386732 6928
56587.5037544 6929
56398.1416233 6930
56268.3771161 6931
56242.2121505 6932
56310.1937012 6933
56437.8430274 6934
56590.436135 6935
56736.5769113 6936
56883.2137648 6937
57061.7758406 6938
57304.1888589 6939
57639.6195498 6940
58046.6829783 6941
58460.4919523 6942
58814.6082079 6943
59043.6705677 6944
59121.0025042 6945
59064.7803001 6946
58895.7554076 6947
58634.7506762 6948
58306.2027573 6949
57940.0066221 6950
57566.6394718 6951
57216.5737535 6952
56912.7087754 6953
56661.8198298 6954
56468.601863 6955
56337.7484268 6956
56271.9015588 6957
56267.5304808 6958
56320.0239569 6959
56424.7627287 6960
56573.5201442 6961
56743.641121 6962
56908.7993226 6963
57042.5745985 6964
57123.0633295 6965
57153.9706732 6966
57148.0200652 6967
57117.979197 6968
57073.4473965 6969
56998.3810624 6970
56864.315882 6971
56642.6853202 6972
56312.3077392 6973
55939.5506465 6974
55647.4985963 6975
55560.519042 6976
55794.872523 6977
56316.9591517 6978
56963.3884049 6979
57566.1291729 6980
57960.5088143 6981
58093.5822011 6982
58041.0689939 6983
57885.9333405 6984
57710.6532138 6985
57559.1102085 6986
57416.1673072 6987
57261.7045098 6988
57075.6041448 6989
56849.4983831 6990
56599.1153747 6991
56343.1645886 6992
56100.4001116 6993
55893.019384 6994
55752.802576 6995
55713.1788944 6996
55807.7012586 6997
56050.3280565 6998
56380.8498633 6999
56721.2888651 7000
56993.5196828 7001
57138.1653945 7002
57194.3826203 7003
57233.5279107 7004
57327.1086862 7005
57534.0727638 7006
57821.4715996 7007
58115.7933489 7008
58343.1496318 7009
58437.6596017 7010
58416.6686802 7011
58346.5951651 7012
58294.5966408 7013
58325.2423095 7014
58462.1780699 7015
58697.2454522 7016
59021.3861585 7017
59423.8279539 7018
59852.035101 7019
60210.775911 7020
60402.7342805 7021
60332.5599493 7022
59995.3529479 7023
59507.1930473 7024
58992.7829461 7025
58576.3906514 7026
58316.8172886 7027
58157.6032114 7028
58030.4363958 7029
57866.9457311 7030
57634.1161478 7031
57381.6097689 7032
57170.9158025 7033
57063.6714011 7034
57094.5774006 7035
57213.790934 7036
57354.8479086 7037
57451.1990628 7038
57453.4188519 7039
57385.3978749 7040
57290.5079278 7041
57212.1511092 7042
57187.947573 7043
57221.5034714 7044
57304.339634 7045
57427.9505882 7046
57584.2628864 7047
57768.96639 7048
57979.517295 7049
58213.3826179 7050
58466.4065954 7051
58716.4394806 7052
58930.1262896 7053
59073.868853 7054
59116.8386622 7055
59073.1957701 7056
58993.736531 7057
58930.3538671 7058
58933.3807936 7059
59009.9854276 7060
59122.0282437 7061
59229.2265891 7062
59291.4272651 7063
59279.522185 7064
59179.3874419 7065
58977.9397609 7066
58662.4286335 7067
58253.8295948 7068
57832.2759051 7069
57484.0324258 7070
57295.3919298 7071
57304.9597402 7072
57441.461456 7073
57618.0308847 7074
57747.6801396 7075
57777.2569947 7076
57756.7953261 7077
57755.8704224 7078
57844.2145445 7079
58067.3729869 7080
58372.5073129 7081
58681.8558803 7082
58917.4210882 7083
59016.9471918 7084
59002.9266605 7085
58926.4464583 7086
58838.7386684 7087
58783.9329569 7088
58754.5025332 7089
58720.136349 7090
58650.3386403 7091
58520.6902123 7092
58367.1655138 7093
58260.3674418 7094
58271.4137703 7095
58463.9133913 7096
58793.9389765 7097
59138.5655475 7098
59372.7104085 7099
59377.572008 7100
59165.7317778 7101
58873.5138398 7102
58642.2097799 7103
58609.8210353 7104
58795.525668 7105
59076.4470078 7106
59321.1155035 7107
59399.5124744 7108
59279.0437435 7109
59076.3368476 7110
58920.8180822 7111
58941.4952379 7112
59178.9153739 7113
59500.5783906 7114
59753.6539825 7115
59785.1102247 7116
59516.7509935 7117
59059.4382679 7118
58553.675142 7119
58140.2532536 7120
57918.8185372 7121
57853.0347683 7122
57878.5452181 7123
57930.9089682 7124
57957.527171 7125
57957.6241452 7126
57944.3130485 7127
57930.7352934 7128
57930.2335255 7129
57956.8629686 7130
58024.9265925 7131
58148.8003538 7132
58338.5667471 7133
58572.0407502 7134
58812.4010816 7135
59022.6969629 7136
59169.7868938 7137
59259.7444158 7138
59321.4559498 7139
59384.0866995 7140
59473.3683194 7141
59566.6182507 7142
59605.5922015 7143
59531.2028328 7144
59288.5276677 7145
58910.1224698 7146
58509.2666783 7147
58202.4724204 7148
58103.7731041 7149
58241.9679444 7150
58547.4249245 7151
58944.9013432 7152
59359.2606941 7153
59733.8906975 7154
60038.9807714 7155
60246.8099523 7156
60329.8394302 7157
60291.9005977 7158
60194.0100638 7159
60103.5262749 7160
60087.7535115 7161
60179.6063237 7162
60332.1161381 7163
60486.9607401 7164
60585.5865243 7165
60583.4651736 7166
60477.5175035 7167
60272.2366354 7168
59972.2348006 7169
59591.6051115 7170
59180.6925525 7171
58798.4987568 7172
58504.2704974 7173
58340.4926017 7174
58267.4512065 7175
58220.3296052 7176
58134.0502429 7177
57953.4371247 7178
57686.4100067 7179
57365.4568994 7180
57023.2434291 7181
56692.6380927 7182
56407.5159938 7183
56202.3743559 7184
56111.799611 7185
56166.1748311 7186
56348.9878421 7187
56614.886786 7188
56917.9412645 7189
57213.7749418 7190
57482.1198662 7191
57721.2272485 7192
57929.7873826 7193
58106.7492024 7194
58256.2751183 7195
58387.432026 7196
58509.6061662 7197
58631.7626706 7198
58752.4606977 7199
58858.0345603 7200
58934.1002 7201
58966.7600636 7202
58970.635728 7203
59001.2329878 7204
59117.5167367 7205
59377.9415761 7206
59781.4512646 7207
60220.6496303 7208
60576.7417777 7209
60730.754639 7210
60631.4168587 7211
60377.7258819 7212
60089.2984729 7213
59886.16254 7214
59839.6916858 7215
59885.6043284 7216
59936.08245 7217
59902.89278 7218
59730.1155029 7219
59475.0567184 7220
59219.9156948 7221
59047.242176 7222
59021.0762271 7223
59122.912947 7224
59311.5896005 7225
59545.6404723 7226
59788.0868754 7227
60027.1829689 7228
60259.884253 7229
60483.1424785 7230
60692.1572698 7231
60870.0117392 7232
60994.4636765 7233
61043.2048418 7234
60997.5840932 7235
60873.1877109 7236
60703.8404781 7237
60523.7160602 7238
60365.6316103 7239
60244.0640495 7240
60161.8282666 7241
60121.4235457 7242
60125.0383138 7243
60168.8618811 7244
60244.36487 7245
60342.8041736 7246
60455.2891592 7247
60571.0895462 7248
60677.6032969 7249
60762.114593 7250
60812.2058294 7251
60828.2532627 7252
60825.4186567 7253
60819.8758081 7254
60828.1226981 7255
60878.9655873 7256
61018.5249815 7257
61294.5084068 7258
61754.2415018 7259
62384.4991389 7260
63067.9404968 7261
63676.1758573 7262
64080.3472827 7263
64214.9200822 7264
64147.7568107 7265
63963.7798305 7266
63748.5334891 7267
63564.1519957 7268
63412.0663859 7269
63284.1580754 7270
63172.1678217 7271
63067.3381982 7272
62959.2289174 7273
62837.0249342 7274
62689.7954086 7275
62520.8242735 7276
62388.6941784 7277
62365.8098465 7278
62525.1536006 7279
62914.3222133 7280
63457.6076228 7281
64041.664376 7282
64552.2938442 7283
64893.4255566 7284
65081.7019319 7285
65175.4144591 7286
65233.3593522 7287
65311.1631152 7288
65437.841986 7289
65630.6305232 7290
65906.8069952 7291
66276.0823367 7292
66676.5811468 7293
67007.4177372 7294
67166.303841 7295
67063.3824873 7296
66763.6058218 7297
66432.9493239 7298
66240.6687141 7299
