0.0 3800
0.0 3801
0.0 3802
0.0 3803
0.0 3804
0.0 3805
0.0 3806
0.0 3807
0.0 3808
0.0 3809
0.0 3810
0.0 3811
0.0 3812
0.0 3813
0.0 3814
0.0 3815
0.0 3816
0.0 3817
0.0 3818
0.0 3819
0.0 3820
0.0 3821
0.0 3822
0.0 3823
0.0 3824
0.0 3825
0.0 3826
0.0 3827
0.0 3828
0.0 3829
0.0 3830
0.0 3831
0.0 3832
0.0 3833
0.0 3834
0.0 3835
0.0 3836
0.0 3837
0.0 3838
0.0 3839
0.0 3840
0.0 3841
0.0 3842
0.0 3843
0.0 3844
0.0 3845
0.0 3846
0.0 3847
0.0 3848
0.0 3849
0.0 3850
0.0 3851
0.0 3852
0.0 3853
0.0 3854
0.0 3855
0.0 3856
0.0 3857
0.0 3858
0.0 3859
0.0 3860
0.0 3861
0.0 3862
0.0 3863
0.0 3864
0.0 3865
0.0 3866
0.0 3867
0.0 3868
0.0 3869
0.0 3870
0.0 3871
0.0 3872
0.0 3873
0.0 3874
0.0 3875
0.0 3876
0.0 3877
0.0 3878
0.0 3879
0.0 3880
0.0 3881
0.0 3882
0.0 3883
0.0 3884
0.0 3885
0.0 3886
0.0 3887
0.0 3888
0.0 3889
0.0 3890
0.0 3891
0.0 3892
0.0 3893
0.0 3894
0.0 3895
60.5276147922 3896
115.788003782 3897
137.688115354 3898
109.223689339 3899
40.9855405066 3900
0.0 3901
0.0 3902
0.0 3903
0.0 3904
0.0 3905
0.0 3906
0.0 3907
0.0 3908
0.0 3909
0.0 3910
0.0 3911
0.0 3912
0.0 3913
0.0 3914
0.0 3915
0.0 3916
0.0 3917
0.0 3918
0.0 3919
0.0 3920
0.0 3921
29.9896881867 3922
141.869291064 3923
218.348161117 3924
242.114732177 3925
205.518908818 3926
127.662692355 3927
32.1562626469 3928
0.0 3929
0.0 3930
0.0 3931
0.0 3932
0.0 3933
0.0 3934
0.0 3935
0.0 3936
0.0 3937
0.0 3938
0.0 3939
0.0 3940
0.0 3941
0.0 3942
0.0 3943
0.0 3944
0.0 3945
0.0 3946
0.0 3947
65.2091857484 3948
141.801667477 3949
207.285566589 3950
250.726713946 3951
261.534245053 3952
239.18927845 3953
195.785349455 3954
144.145812199 3955
97.0141609383 3956
64.2371863876 3957
42.9683883763 3958
26.8402114721 3959
9.52420888113 3960
0.0 3961
0.0 3962
0.0 3963
0.0 3964
0.0 3965
0.0 3966
0.0 3967
0.0 3968
0.0 3969
0.0 3970
0.0 3971
0.0 3972
0.0 3973
0.0 3974
0.0 3975
0.0 3976
44.9440597022 3977
66.241622566 3978
41.4997039317 3979
0.0 3980
0.0 3981
0.0 3982
0.0 3983
0.0 3984
0.0 3985
0.0 3986
0.0 3987
0.0 3988
4.70876933619 3989
0.0 3990
0.0 3991
0.0 3992
0.0 3993
0.0 3994
0.0 3995
0.0 3996
0.0 3997
0.0 3998
0.0 3999
0.0 4000
0.0 4001
0.0 4002
0.0 4003
0.0 4004
0.0 4005
0.0 4006
0.0 4007
0.0 4008
0.0 4009
0.0 4010
0.0 4011
0.0 4012
0.0 4013
0.0 4014
0.0 4015
0.0 4016
67.3644392927 4017
134.020244702 4018
177.399019793 4019
191.767603562 4020
174.327570952 4021
122.328256006 4022
33.1303833982 4023
0.0 4024
0.0 4025
0.0 4026
0.0 4027
0.0 4028
0.0 4029
0.0 4030
0.0 4031
9.88764185583 4032
0.0 4033
0.0 4034
0.0 4035
0.0 4036
0.0 4037
0.0 4038
0.0 4039
0.0 4040
5.61901624418 4041
36.5774450126 4042
49.0811873377 4043
48.7868202918 4044
41.3257096965 4045
31.0748540747 4046
18.2380229936 4047
2.14167803166 4048
0.0 4049
0.0 4050
0.0 4051
0.0 4052
0.0 4053
0.0 4054
0.0 4055
0.0 4056
0.0 4057
0.0 4058
0.0 4059
0.0 4060
0.0 4061
0.0 4062
0.0 4063
0.0 4064
0.0 4065
0.0 4066
0.0 4067
0.0 4068
0.0 4069
0.0 4070
20.9862959861 4071
49.0017173907 4072
50.2263745203 4073
31.6701408283 4074
1.09225045042 4075
0.0 4076
0.0 4077
0.0 4078
0.0 4079
0.0 4080
0.0 4081
16.3767536368 4082
78.9129801238 4083
128.265536396 4084
147.88106194 4085
128.279863411 4086
80.4384063659 4087
18.99085734 4088
0.0 4089
0.0 4090
0.0 4091
0.0 4092
0.0 4093
0.0 4094
0.0 4095
0.0 4096
0.0 4097
0.0 4098
0.0 4099
0.0 4100
0.0 4101
0.0 4102
0.0 4103
0.0 4104
0.0 4105
0.0 4106
0.0 4107
0.0 4108
0.0 4109
7.64601110097 4110
15.1180980142 4111
0.0 4112
0.0 4113
0.0 4114
0.0 4115
0.0 4116
0.0 4117
0.0 4118
0.0 4119
0.0 4120
0.0 4121
0.0 4122
26.420525061 4123
61.2053672853 4124
81.9450934055 4125
88.0834997716 4126
85.8384873453 4127
82.3477117721 4128
84.7304214361 4129
98.6323220631 4130
117.446508779 4131
128.459435727 4132
118.943700203 4133
76.4371964333 4134
3.01476365183 4135
0.0 4136
0.0 4137
0.0 4138
0.0 4139
6.50375509311 4140
112.352242008 4141
188.929151192 4142
200.987935364 4143
145.263783169 4144
53.41016564 4145
0.0 4146
0.0 4147
0.0 4148
0.0 4149
0.0 4150
9.56664667946 4151
33.7579524774 4152
33.6750233239 4153
21.2313884347 4154
8.66031338404 4155
8.15152792942 4156
26.7788503034 4157
59.3949478359 4158
99.0716613883 4159
138.895717903 4160
172.235562953 4161
194.83924407 4162
203.699293818 4163
195.825072722 4164
168.324391474 4165
124.624510519 4166
78.3952857579 4167
44.2169833243 4168
36.640397418 4169
66.2103056339 4170
121.08911769 4171
181.653791691 4172
228.312288113 4173
241.977931241 4174
216.693646843 4175
161.064236407 4176
84.4371578095 4177
0.0 4178
0.0 4179
0.0 4180
0.0 4181
0.0 4182
0.0 4183
0.0 4184
0.0 4185
0.0 4186
23.0991789274 4187
0.0 4188
0.0 4189
0.0 4190
0.0 4191
0.0 4192
0.0 4193
35.2377941373 4194
107.179822617 4195
145.272120854 4196
139.30943839 4197
102.382265995 4198
49.6204063025 4199
0.0 4200
0.0 4201
0.0 4202
0.0 4203
0.0 4204
0.0 4205
0.0 4206
0.0 4207
0.0 4208
0.0 4209
0.0 4210
0.0 4211
0.0 4212
0.0 4213
0.0 4214
59.8313038292 4215
148.964417242 4216
232.960093461 4217
301.744505395 4218
347.574712153 4219
367.849886401 4220
360.662458326 4221
324.108101379 4222
258.051196033 4223
176.319051099 4224
99.3497640153 4225
47.5870007134 4226
41.0619997098 4227
80.45906205 4228
138.315588481 4229
184.991734932 4230
190.897915557 4231
134.930001674 4232
37.1866952766 4233
0.0 4234
0.0 4235
0.0 4236
0.0 4237
0.0 4238
0.0 4239
73.085206657 4240
123.283317339 4241
148.582428077 4242
151.961265377 4243
136.393559893 4244
105.105898486 4245
64.2845173427 4246
22.0025603563 4247
0.0 4248
0.0 4249
0.0 4250
0.0 4251
0.0 4252
4.32523526497 4253
14.2935556162 4254
17.2960841889 4255
14.2225765804 4256
5.96734850013 4257
0.0 4258
0.0 4259
0.0 4260
0.0 4261
13.6012440696 4262
70.0889077622 4263
141.865204972 4264
214.475575514 4265
273.490907264 4266
305.252760991 4267
308.634625773 4268
292.884813747 4269
267.54909045 4270
242.148558211 4271
222.918803538 4272
207.760684585 4273
193.273136492 4274
176.06124371 4275
153.265449174 4276
126.866394914 4277
101.430950653 4278
81.5422454043 4279
71.7286330994 4280
73.3992879611 4281
82.9391698103 4282
96.2835886207 4283
109.375372757 4284
118.941424414 4285
125.90155361 4286
132.578612708 4287
141.292108521 4288
154.214166148 4289
169.971591159 4290
183.507024424 4291
189.60059072 4292
183.04331334 4293
161.584371052 4294
132.575164852 4295
105.302854067 4296
89.0364527325 4297
92.2875905379 4298
114.519586052 4299
149.154922866 4300
189.518081215 4301
228.955688149 4302
262.054375075 4303
285.875548274 4304
297.781480536 4305
295.139987274 4306
276.17285647 4307
244.931135123 4308
207.903969715 4309
171.575662249 4310
142.346352217 4311
123.994479302 4312
116.982006946 4313
121.55644612 4314
137.96459131 4315
165.342637362 4316
198.325882665 4317
230.419393608 4318
255.142215765 4319
266.463724976 4320
265.387904178 4321
258.585292558 4322
252.873908623 4323
255.044325991 4324
267.830932068 4325
284.130613038 4326
295.389496811 4327
293.073023428 4328
270.343813378 4329
234.657429721 4330
200.667696252 4331
183.05057901 4332
196.205627822 4333
241.086667966 4334
298.487290083 4335
347.58307896 4336
367.598698231 4337
343.676714704 4338
289.715042796 4339
228.350742903 4340
182.16901657 4341
172.807541808 4342
203.280416605 4343
259.05747727 4344
324.957041194 4345
385.837865005 4346
429.888162707 4347
454.783257263 4348
459.89260105 4349
444.587667793 4350
408.724687703 4351
357.119784779 4352
297.491214309 4353
237.574914153 4354
185.070554981 4355
146.30255911 4356
125.231222762 4357
125.572262281 4358
151.031139845 4359
203.080342708 4360
270.491928845 4361
337.567027186 4362
388.643514741 4363
408.672815095 4364
397.569298268 4365
371.231657744 4366
346.299884835 4367
339.366655689 4368
360.209401329 4369
396.28381691 4370
430.497064347 4371
445.804352232 4372
426.9613839 4373
379.83872138 4374
324.223669326 4375
280.095352951 4376
267.276915317 4377
293.601793459 4378
343.692523603 4379
399.549485993 4380
443.225776311 4381
460.257884412 4382
458.348125985 4383
453.954826539 4384
463.509314592 4385
502.830379274 4386
569.851359191 4387
641.44755718 4388
693.350045074 4389
701.36522308 4390
651.392678612 4391
566.016919721 4392
476.127634585 4393
412.517924639 4394
403.620145376 4395
447.003870617 4396
518.050441636 4397
591.727619878 4398
643.144515731 4399
657.793621191 4400
643.004186756 4401
608.85382112 4402
565.387743406 4403
522.226995687 4404
486.199246228 4405
462.92125025 4406
457.986024625 4407
476.685602712 4408
513.950330763 4409
551.639436272 4410
570.832952276 4411
552.67607209 4412
485.896765612 4413
388.717112958 4414
286.509956689 4415
204.559973683 4416
166.479146753 4417
172.390041065 4418
204.549529956 4419
244.825374771 4420
275.184547128 4421
285.00045987 4422
280.030425024 4423
268.217838717 4424
257.477503461 4425
254.84297459 4426
260.974675559 4427
273.667075341 4428
290.708634901 4429
309.869348519 4430
327.865375978 4431
340.028142085 4432
341.611646795 4433
327.888149745 4434
296.466553104 4435
254.398782543 4436
211.109216916 4437
175.986028365 4438
157.652354794 4439
153.473408111 4440
152.018519208 4441
141.665107271 4442
110.872684622 4443
56.5870991911 4444
0.0 4445
0.0 4446
0.0 4447
0.0 4448
11.4202322111 4449
86.6996928441 4450
154.849805652 4451
194.952902116 4452
199.840888695 4453
180.468095081 4454
148.989168811 4455
117.508645907 4456
96.299968266 4457
88.3189767522 4458
94.6512909689 4459
116.377473217 4460
154.213307233 4461
203.374152604 4462
254.806058462 4463
299.38000424 4464
328.032327598 4465
337.505347738 4466
337.566230956 4467
339.723073284 4468
355.433474309 4469
393.531124117 4470
443.656819359 4471
486.859808315 4472
504.231958177 4473
477.466761118 4474
408.335016244 4475
324.513137947 4476
255.27951838 4477
229.779102783 4478
267.037399128 4479
346.438602172 4480
437.668293934 4481
510.551441537 4482
537.152171187 4483
520.202911023 4484
485.487380385 4485
459.238126518 4486
467.490123149 4487
522.394622362 4488
606.263837448 4489
697.60176084 4490
775.014633939 4491
820.409704506 4492
838.284214105 4493
842.771820678 4494
847.975476338 4495
867.72304519 4496
908.622204221 4497
968.439763081 4498
1044.41002567 4499
1133.78032669 4500
1231.43377308 4501
1323.46762682 4502
1394.00769885 4503
1427.26007616 4504
1409.31824901 4505
1350.34084118 4506
1277.45706168 4507
1218.02142196 4508
1199.11733396 4509
1229.48415192 4510
1281.17437555 4511
1321.98763278 4512
1319.89002626 4513
1249.51388318 4514
1127.45085679 4515
986.772246949 4516
860.418792724 4517
780.319910691 4518
753.621698234 4519
759.441288201 4520
775.486515442 4521
779.584199602 4522
755.375929553 4523
705.713202359 4524
637.441143213 4525
557.368818343 4526
472.40604463 4527
391.021990405 4528
322.669861729 4529
276.767971384 4530
262.614337874 4531
282.956529115 4532
328.752105368 4533
389.765618068 4534
455.817816864 4535
517.109639555 4536
565.738621943 4537
594.497191383 4538
596.21971255 4539
564.355254093 4540
505.991556 4541
442.002787626 4542
393.764460533 4543
382.520984908 4544
418.664615738 4545
480.932739546 4546
542.397406581 4547
576.28599594 4548
559.006189852 4549
496.94123264 4550
413.424201676 4551
331.850319509 4552
275.288877386 4553
254.521264964 4554
260.961388709 4555
284.355624238 4556
314.510372504 4557
342.802864796 4558
368.006953338 4559
391.133233493 4560
413.186865458 4561
434.873929674 4562
451.441478011 4563
453.344651515 4564
430.93071976 4565
374.629507051 4566
283.792112932 4567
179.967054027 4568
87.9896428402 4569
32.5423416526 4570
34.4151295764 4571
83.9948083261 4572
157.055606219 4573
229.424228929 4574
277.378227149 4575
290.174493624 4576
274.486053038 4577
238.17654511 4578
189.061030927 4579
134.766353637 4580
82.3108301188 4581
38.5274902508 4582
10.2056503643 4583
3.52008658486 4584
16.4501521701 4585
40.9038477392 4586
68.6946187959 4587
91.7112717515 4588
105.453556923 4589
112.824041682 4590
117.622459639 4591
123.623997948 4592
133.823660918 4593
146.299350465 4594
157.189287475 4595
162.651963459 4596
158.994193294 4597
146.04852589 4598
127.568365786 4599
107.489862338 4600
89.722719972 4601
76.8196441032 4602
67.0324517412 4603
57.764337616 4604
46.4358384766 4605
30.9941192826 4606
14.8730242912 4607
4.81132230906 4608
7.54925033107 4609
29.6958460507 4610
71.4925184421 4611
122.619750583 4612
171.824191385 4613
207.929327004 4614
222.290253431 4615
218.720623659 4616
204.913970202 4617
188.512761129 4618
176.882308856 4619
173.032053019 4620
176.07815413 4621
185.004423836 4622
198.800243526 4623
215.978253661 4624
233.846908056 4625
249.545832834 4626
260.234786841 4627
263.508428903 4628
260.280537698 4629
253.036144341 4630
244.252718358 4631
236.416723622 4632
233.051431886 4633
239.039018628 4634
259.320604035 4635
298.801470931 4636
358.787918695 4637
426.958128389 4638
487.825444824 4639
526.014750825 4640
527.639484327 4641
496.899598897 4642
450.576072477 4643
405.590124656 4644
378.680902557 4645
379.61955831 4646
405.008216814 4647
449.99482775 4648
509.762037061 4649
579.422551811 4650
653.517305826 4651
726.408539627 4652
792.499650597 4653
846.510739551 4654
889.606744689 4655
929.384836581 4656
973.669361271 4657
1030.22579824 4658
1106.20763975 4659
1207.16061759 4660
1338.31775204 4661
1504.8718957 4662
1710.16866676 4663
1941.35103467 4664
2177.13859963 4665
2396.33375149 4666
2578.16611356 4667
2715.00501607 4668
2817.79147027 4669
2898.80502265 4670
2970.2330136 4671
3041.11947316 4672
3107.76818149 4673
3163.22081812 4674
3200.57293379 4675
3213.35378032 4676
3200.61317202 4677
3165.50262774 4678
3111.24947232 4679
3041.04624332 4680
2956.53069601 4681
2856.23104153 4682
2738.31296675 4683
2600.95714257 4684
2443.40212749 4685
2271.28742333 4686
2092.63057326 4687
1915.39179826 4688
1747.44205369 4689
1595.90807149 4690
1467.14975143 4691
1367.4437615 4692
1303.0111828 4693
1274.19951086 4694
1264.54749712 4695
1254.70843246 4696
1225.48657443 4697
1160.03929436 4698
1061.73258015 4699
944.638766565 4700
822.822130716 4701
710.125505828 4702
614.803888866 4703
537.183690898 4704
476.979829946 4705
433.908819265 4706
406.954864679 4707
392.078111132 4708
384.4876408 4709
379.430268287 4710
372.404205533 4711
361.945520547 4712
348.814500747 4713
333.817152082 4714
317.758560381 4715
302.145663759 4716
289.871905035 4717
283.97150631 4718
287.454310638 4719
302.495391927 4720
326.483818975 4721
355.091275778 4722
384.021400277 4723
409.060942889 4724
427.150376798 4725
436.372573955 4726
434.87456305 4727
420.82148146 4728
394.217468443 4729
360.030621167 4730
324.025825848 4731
291.921514365 4732
268.944461746 4733
256.52079675 4734
254.179829809 4735
261.4401523 4736
277.771405617 4737
300.474964473 4738
323.977061314 4739
342.547470961 4740
350.502580656 4741
344.856714189 4742
332.633286051 4743
323.148599425 4744
325.643269788 4745
348.849243353 4746
396.094637682 4747
467.096197788 4748
561.505504051 4749
678.915899826 4750
813.500383588 4751
949.846723216 4752
1071.67720196 4753
1162.84684 4754
1210.60324455 4755
1219.17683107 4756
1198.20969921 4757
1157.26902657 4758
1105.69691364 4759
1050.00938106 4760
994.237582991 4761
942.295626059 4762
898.059569651 4763
863.613329461 4764
836.865863596 4765
815.142478304 4766
795.790266101 4767
776.303697326 4768
755.090630148 4769
730.957217349 4770
702.721225436 4771
669.266817948 4772
631.197572083 4773
591.078507728 4774
551.562256605 4775
515.27975992 4776
484.238718399 4777
458.541783933 4778
437.92091285 4779
422.110114262 4780
410.758787875 4781
402.672131622 4782
396.185975737 4783
389.644295448 4784
381.416473907 4785
370.518047969 4786
356.90797699 4787
340.621106567 4788
321.692063949 4789
300.700688737 4790
280.495007609 4791
264.491691894 4792
256.079460209 4793
258.25777771 4794
269.035592344 4795
282.832228468 4796
294.031078808 4797
297.097491043 4798
290.580981474 4799
280.695113799 4800
274.456440351 4801
278.824465557 4802
298.767767146 4803
328.609660955 4804
359.104181903 4805
381.077044764 4806
385.909547964 4807
374.554425422 4808
356.656404343 4809
342.103878547 4810
340.68909141 4811
356.940545736 4812
382.80540723 4813
408.435207796 4814
424.060752493 4815
421.474429981 4816
403.151455102 4817
376.173966972 4818
347.586763201 4819
324.250862727 4820
309.194210477 4821
301.101777711 4822
298.432442019 4823
299.657452178 4824
303.487927995 4825
309.34610821 4826
316.79316216 4827
325.393768385 4828
334.787206882 4829
345.283789262 4830
357.556946749 4831
372.278503544 4832
390.088303553 4833
410.353441554 4834
430.652688475 4835
448.447981886 4836
461.221386029 4837
467.263876943 4838
467.954284496 4839
465.409181185 4840
461.728640408 4841
458.814414508 4842
456.303287869 4843
452.316168014 4844
444.960073596 4845
432.380354952 4846
414.695779179 4847
395.422216317 4848
378.387300993 4849
367.389073274 4850
365.235621917 4851
370.016812387 4852
378.403994993 4853
387.093813323 4854
392.960367617 4855
395.405166771 4856
395.883347757 4857
395.899325407 4858
396.943687772 4859
400.091233759 4860
405.553079307 4861
413.429806984 4862
423.821187823 4863
436.483279482 4864
449.094270882 4865
458.570134685 4866
461.848761748 4867
456.080781518 4868
442.670911893 4869
427.171195336 4870
415.267333933 4871
412.595962312 4872
421.813645325 4873
438.018780769 4874
455.153713827 4875
467.205814434 4876
468.952379434 4877
460.788408634 4878
445.633952381 4879
426.400080598 4880
405.969826557 4881
386.995647138 4882
371.866855979 4883
362.941477355 4884
362.559917598 4885
372.015532459 4886
389.41536251 4887
412.269482069 4888
438.105990187 4889
464.400292168 4890
487.996487797 4891
505.41136101 4892
513.183120903 4893
507.985237336 4894
491.376684086 4895
471.556532147 4896
457.146169965 4897
456.706159444 4898
475.456625785 4899
506.499769406 4900
540.205505712 4901
567.010976083 4902
578.244348917 4903
574.58364228 4904
562.55545573 4905
548.732990495 4906
539.598263145 4907
538.60549704 4908
544.432348262 4909
555.341283734 4910
569.606577018 4911
585.593378887 4912
602.023526651 4913
617.721258319 4914
631.51895153 4915
642.361687648 4916
650.652405391 4917
657.848044427 4918
665.419735477 4919
674.812407285 4920
685.791626684 4921
695.057908756 4922
699.004055599 4923
694.046211033 4924
677.741203462 4925
653.337446888 4926
625.860287453 4927
600.303382745 4928
581.388752987 4929
569.773574714 4930
562.759069102 4931
557.561802085 4932
551.427636909 4933
543.505007074 4934
536.901267211 4935
535.202440278 4936
541.972296723 4937
559.436787194 4938
582.078930741 4939
601.602908961 4940
609.759437076 4941
598.952963263 4942
573.991418666 4943
551.211053421 4944
547.2945114 4945
578.787142771 4946
651.1961497 4947
744.010582091 4948
833.066077388 4949
894.340507073 4950
908.32229632 4951
884.958147327 4952
846.213877557 4953
813.965819042 4954
809.297916804 4955
836.604943027 4956
882.979382663 4957
934.777536036 4958
978.445548418 4959
1007.68223788 4960
1035.34210403 4961
1077.35805775 4962
1149.57506856 4963
1265.24015479 4964
1418.48790393 4965
1594.7628405 4966
1779.54366192 4967
1959.00882038 4968
2138.06307797 4969
2343.03396938 4970
2601.29474487 4971
2940.06991118 4972
3377.13238898 4973
3902.66119861 4974
4501.83380017 4975
5159.90710684 4976
5861.80173394 4977
6589.00596122 4978
7321.33397111 4979
8038.68537871 4980
8721.0573122 4981
9348.32641603 4982
9900.1933143 4983
10356.4408712 4984
10696.9485375 4985
10908.9476664 4986
11003.2870282 4987
10995.5274742 4988
10901.1519258 4989
10734.6496219 4990
10501.7966978 4991
10203.5958727 4992
9840.99445482 4993
9415.17664358 4994
8937.73889561 4995
8434.31792532 4996
7931.43081413 4997
7455.47482654 4998
7026.38735188 4999
6641.66634126 5000
6293.90064655 5001
5975.71371581 5002
5679.63639559 5003
5396.95260541 5004
5118.2305588 5005
4834.06858331 5006
4535.28851603 5007
4221.94470741 5008
3907.37277212 5009
3605.88991301 5010
3331.75505544 5011
3095.06743645 5012
2890.41269642 5013
2708.74944369 5014
2541.07421577 5015
2379.01913412 5016
2220.91262077 5017
2069.24479387 5018
1926.5603685 5019
1795.36319938 5020
1676.37015567 5021
1567.58759228 5022
1466.8011121 5023
1371.80550514 5024
1281.1536049 5025
1196.39966999 5026
1119.84063859 5027
1053.76564395 5028
1000.08985568 5029
956.379703566 5030
917.369202037 5031
877.761355237 5032
832.356554393 5033
781.078231375 5034
731.979082479 5035
693.810473054 5036
675.295186691 5037
681.984356841 5038
706.276575833 5039
737.165472547 5040
763.679923946 5041
775.486219384 5042
769.782954501 5043
748.857676284 5044
715.086638227 5045
670.874607808 5046
621.18169844 5047
575.168999605 5048
542.363445681 5049
532.265424306 5050
550.686776719 5051
587.643687808 5052
628.931702153 5053
660.385473849 5054
668.952235049 5055
655.451940403 5056
630.311670565 5057
604.124986005 5058
587.384427108 5059
585.057237034 5060
592.8761931 5061
605.704138196 5062
618.416543841 5063
626.782045267 5064
630.449058082 5065
630.129714688 5066
626.534349957 5067
620.346968126 5068
611.927850819 5069
601.409831139 5070
588.920771385 5071
574.595028537 5072
559.107452406 5073
544.046621379 5074
531.086856893 5075
521.898706455 5076
517.711223468 5077
517.810875378 5078
520.949767906 5079
525.882308966 5080
531.481758888 5081
538.147471916 5082
547.350787485 5083
560.583239738 5084
579.305887262 5085
602.86749425 5086
627.047440375 5087
647.287594911 5088
659.037083353 5089
659.135893392 5090
650.502964763 5091
637.718177292 5092
625.354461832 5093
617.674464179 5094
614.999846405 5095
614.905720995 5096
614.914564557 5097
612.569125768 5098
606.658081121 5099
598.042171542 5100
587.776873879 5101
576.91657689 5102
566.412549937 5103
556.777369547 5104
548.404974759 5105
541.689162654 5106
537.00741738 5107
534.538847013 5108
534.326583495 5109
536.411536926 5110
540.827532868 5111
547.136432286 5112
554.132839979 5113
560.5416431 5114
565.089132765 5115
566.91637983 5116
566.893012582 5117
566.339102491 5118
566.573414343 5119
568.712543603 5120
571.452274965 5121
571.88876797 5122
567.091575871 5123
554.187518794 5124
533.766915797 5125
511.851021502 5126
494.932474676 5127
489.501148149 5128
499.606089365 5129
519.566323824 5130
541.276786751 5131
556.635980903 5132
558.427804254 5133
549.431395873 5134
538.74654821 5135
535.570520383 5136
548.984510323 5137
581.849170523 5138
627.720568788 5139
679.393817451 5140
729.665718241 5141
774.561692132 5142
822.252419231 5143
883.76432532 5144
970.123314227 5145
1091.45780562 5146
1248.43724623 5147
1436.0629493 5148
1649.26089047 5149
1882.85937157 5150
2127.06703393 5151
2365.57283911 5152
2581.57073692 5153
2758.25142083 5154
2883.39306177 5155
2960.91239928 5156
2998.27247255 5157
3002.93575452 5158
2981.76326742 5159
2935.79261783 5160
2862.80222977 5161
2760.53041644 5162
2626.8919391 5163
2466.85570566 5164
2294.68079137 5165
2125.26638061 5166
1973.51682299 5167
1850.08691006 5168
1751.86860368 5169
1672.97576454 5170
1607.51898795 5171
1549.89507451 5172
1497.02863742 5173
1447.15264803 5174
1398.50974013 5175
1349.34756859 5176
1298.11786119 5177
1243.52066353 5178
1184.26921574 5179
1119.07784446 5180
1048.60043601 5181
979.197484782 5182
918.277499927 5183
873.255770525 5184
850.123842995 5185
843.690293858 5186
843.491545945 5187
839.024144628 5188
820.088113488 5189
785.230269667 5190
742.703594318 5191
701.273882349 5192
669.709380329 5193
653.225245938 5194
647.595606808 5195
647.041955892 5196
645.779778748 5197
639.013389779 5198
628.849339295 5199
620.325417242 5200
618.495925156 5201
628.150919055 5202
647.857078 5203
669.944341818 5204
686.461746311 5205
689.462374593 5206
674.921380169 5207
648.069105105 5208
615.474836165 5209
583.716447006 5210
558.585915974 5211
541.042978616 5212
530.226363982 5213
525.270316875 5214
525.311727136 5215
529.554836517 5216
537.264139861 5217
547.705152414 5218
560.139422471 5219
573.348262736 5220
585.113083675 5221
593.087626726 5222
594.921813366 5223
588.887583408 5224
576.559832246 5225
560.602820714 5226
543.685654965 5227
528.459880115 5228
517.240251047 5229
512.0764628 5230
515.014319576 5231
528.075901518 5232
550.653646124 5233
577.355136874 5234
602.272563697 5235
619.487855934 5236
624.858083602 5237
622.33569546 5238
618.177225677 5239
618.650514449 5240
629.510111483 5241
649.849259032 5242
674.165012968 5243
696.853568768 5244
712.347030453 5245
717.935512015 5246
715.419655705 5247
706.999512261 5248
694.879446362 5249
681.376957339 5250
669.233150339 5251
661.295581608 5252
660.417078061 5253
668.970294086 5254
684.299722079 5255
700.767652918 5256
712.686553537 5257
714.451906488 5258
704.457107074 5259
686.509523396 5260
664.807742741 5261
643.558776376 5262
626.410957447 5263
615.192053986 5264
611.366040918 5265
616.400136986 5266
631.19545803 5267
651.858414213 5268
672.081977192 5269
685.527582977 5270
686.014060006 5271
672.440966285 5272
649.549181404 5273
622.410908108 5274
596.108426626 5275
575.454800868 5276
564.522275071 5277
567.267566058 5278
587.656441794 5279
627.815544571 5280
677.241185415 5281
720.120092274 5282
740.58582622 5283
723.610322827 5284
672.946658991 5285
610.492905823 5286
558.933429833 5287
540.942610246 5288
566.920178751 5289
620.03122485 5290
679.752133313 5291
725.513121064 5292
740.552454021 5293
729.301148376 5294
703.469579528 5295
674.801318032 5296
654.582429919 5297
646.404727928 5298
647.676254454 5299
655.625147863 5300
667.468405218 5301
679.99339764 5302
689.21385371 5303
691.053397032 5304
681.426224612 5305
658.354619586 5306
629.196818546 5307
603.902443679 5308
592.444916329 5309
603.684995602 5310
632.922252409 5311
666.500419667 5312
690.573511734 5313
691.48286266 5314
667.101426127 5315
632.337625538 5316
603.502635333 5317
596.945983488 5318
622.558030911 5319
667.499787486 5320
713.924366356 5321
743.942033823 5322
741.785516498 5323
711.241611518 5324
666.519191617 5325
621.957510691 5326
591.667220832 5327
581.280133003 5328
586.283747322 5329
601.559913813 5330
621.980022391 5331
643.852077998 5332
667.455500279 5333
693.747908835 5334
723.689209459 5335
757.610877521 5336
791.493784438 5337
819.473722667 5338
835.665700492 5339
834.458409459 5340
816.340213583 5341
787.643597025 5342
754.950045172 5343
724.856542788 5344
703.751640666 5345
697.558194869 5346
712.151023637 5347
753.419460612 5348
823.772473495 5349
907.234665186 5350
981.762126436 5351
1025.2540471 5352
1017.15544653 5353
960.188595116 5354
874.731420811 5355
781.648557158 5356
701.746504053 5357
647.712482522 5358
618.548353442 5359
611.941824676 5360
625.574948708 5361
655.593868391 5362
692.048603686 5363
723.451967693 5364
738.288499425 5365
726.569619039 5366
694.328348533 5367
657.075742014 5368
630.483378676 5369
629.954646549 5370
658.966275215 5371
705.41761434 5372
756.132719758 5373
797.906319522 5374
821.250247083 5375
827.845937903 5376
821.458331917 5377
805.861482241 5378
784.84434297 5379
762.248235928 5380
741.94347216 5381
727.809589716 5382
723.62146617 5383
730.515090762 5384
746.966348851 5385
771.330936316 5386
801.954416557 5387
835.869535156 5388
867.171220196 5389
889.541511897 5390
896.648012473 5391
884.225781593 5392
859.268839926 5393
832.581109229 5394
814.995261322 5395
816.555497869 5396
835.238383263 5397
859.751888241 5398
878.541756085 5399
880.13946093 5400
861.505899212 5401
833.761578661 5402
809.404989604 5403
800.963949886 5404
816.741112719 5405
848.388516575 5406
883.455963072 5407
909.463641941 5408
915.299120139 5409
903.73983946 5410
885.561184163 5411
871.65882732 5412
872.710425809 5413
890.695141455 5414
916.666258056 5415
940.964696511 5416
953.914476042 5417
950.132188937 5418
936.384417212 5419
921.580952651 5420
914.652099088 5421
923.01948702 5422
943.601690922 5423
968.884435269 5424
991.320646784 5425
1003.63731422 5426
1004.47300261 5427
997.990780706 5428
988.574361838 5429
980.604676456 5430
976.600941034 5431
975.279275618 5432
974.889802665 5433
973.678796569 5434
970.148286602 5435
964.04582022 5436
955.494206899 5437
944.615920137 5438
931.865097232 5439
921.847469375 5440
922.008822497 5441
939.865964762 5442
982.775615355 5443
1048.85853696 5444
1122.58906717 5445
1187.31269253 5446
1226.33979012 5447
1229.5633387 5448
1208.97379332 5449
1181.20363193 5450
1162.9204745 5451
1168.91635595 5452
1198.31347874 5453
1242.52826633 5454
1292.90570379 5455
1340.89905038 5456
1381.19081632 5457
1411.90486435 5458
1431.32700876 5459
1437.74662281 5460
1431.06494219 5461
1414.9447024 5462
1393.59169562 5463
1371.2199265 5464
1352.29100308 5465
1342.59056818 5466
1348.36687295 5467
1375.88092524 5468
1430.78159631 5469
1509.54451832 5470
1601.64870355 5471
1696.37749665 5472
1783.0476491 5473
1854.81303771 5474
1911.10763204 5475
1951.94435331 5476
1977.33559065 5477
1989.28722024 5478
1997.19665827 5479
2012.19106578 5480
2045.41966094 5481
2106.3966597 5482
2189.59151535 5483
2281.42648653 5484
2368.22149755 5485
2436.68121375 5486
2485.62708337 5487
2527.74132191 5488
2576.48565071 5489
2645.33119621 5490
2741.46049328 5491
2856.33756292 5492
2979.00108229 5493
3098.46983631 5494
3205.88738081 5495
3304.96003521 5496
3403.97020045 5497
3511.22091609 5498
3634.47519106 5499
3772.73857663 5500
3918.02258976 5501
4062.13024224 5502
4196.9085689 5503
4318.80654283 5504
4432.083857 5505
4541.76547753 5506
4652.88477313 5507
4768.73638104 5508
4885.93553226 5509
4999.49243855 5510
5104.41089301 5511
5196.30171248 5512
5276.549473 5513
5349.68875461 5514
5420.29590713 5515
5492.7943217 5516
5566.72300272 5517
5635.97774937 5518
5694.13207362 5519
5734.75804733 5520
5755.89626401 5521
5766.7618741 5522
5778.29952386 5523
5801.47370509 5524
5845.32043802 5525
5907.59373472 5526
5981.98304305 5527
6062.15648864 5528
6141.87205693 5529
6216.35619926 5530
6281.9895963 5531
6335.18059392 5532
6372.38812065 5533
6394.25110049 5534
6408.28910165 5535
6422.67752156 5536
6445.60120815 5537
6482.85316118 5538
6531.37554411 5539
6586.06761109 5540
6641.82198282 5541
6694.0161547 5542
6742.35785911 5543
6788.81337795 5544
6835.37206626 5545
6884.01846748 5546
6936.5339565 5547
6994.48032348 5548
7059.40806698 5549
7132.86358942 5550
7214.42513468 5551
7299.07166998 5552
7381.1159473 5553
7454.86292839 5554
7517.14573476 5555
7578.3458981 5556
7653.37597906 5557
7757.1689071 5558
7903.15053442 5559
8083.87525703 5560
8276.76637567 5561
8458.87605933 5562
8607.53917571 5563
8717.56081784 5564
8810.08186477 5565
8908.45415716 5566
9036.05843698 5567
9208.27194759 5568
9414.02792364 5569
9636.80119462 5570
9860.04376363 5571
10069.0381245 5572
10263.3458642 5573
10449.1819462 5574
10632.8068887 5575
10820.3545077 5576
11014.9322317 5577
11216.6872151 5578
11425.646071 5579
11641.81884 5580
11863.4698913 5581
12085.2763418 5582
12301.4678966 5583
12506.273099 5584
12696.3519031 5585
12879.6022167 5586
13067.1614711 5587
13270.1772533 5588
13498.5709687 5589
13748.4198139 5590
14007.0884551 5591
14261.7993749 5592
14499.8564825 5593
14712.5618341 5594
14896.3983512 5595
15048.1933311 5596
15164.7729062 5597
15248.4775197 5598
15316.8462781 5599
15390.0448431 5600
15488.2554745 5601
15627.629418 5602
15798.7458673 5603
15982.2333431 5604
16158.6777986 5605
16309.5139867 5606
16430.5216489 5607
16529.2596567 5608
16613.6460298 5609
16691.5477334 5610
16766.6543073 5611
16835.5691496 5612
16894.2209811 5613
16938.528267 5614
16967.0379208 5615
16987.9295652 5616
17011.6122467 5617
17048.5049678 5618
17106.7834657 5619
17175.2935954 5620
17233.0419275 5621
17258.9347335 5622
17232.8411178 5623
17159.2862401 5624
17068.6365835 5625
16992.5218774 5626
16962.4958607 5627
16991.5202358 5628
17052.112377 5629
17111.4642697 5630
17136.7266734 5631
17103.1147181 5632
17024.7629163 5633
16927.5164422 5634
16837.245794 5635
16777.6334382 5636
16746.6184956 5637
16725.5488575 5638
16695.4719237 5639
16637.959679 5640
16555.6805709 5641
16478.9859439 5642
16440.1309703 5643
16471.3743487 5644
16584.4175447 5645
16734.3703883 5646
16866.6568257 5647
16926.6468877 5648
16871.9439342 5649
16735.9941442 5650
16581.2413153 5651
16470.2482708 5652
16462.0138866 5653
16558.6434414 5654
16716.909306 5655
16892.2875901 5656
17040.5028468 5657
17136.7132238 5658
17187.5040817 5659
17202.3325386 5660
17190.6690147 5661
17165.6416797 5662
17152.9977091 5663
17181.2109489 5664
17278.7763165 5665
17469.3514639 5666
17738.4691367 5667
18053.6914006 5668
18382.4384373 5669
18693.5655312 5670
18986.9673896 5671
19292.3834478 5672
19640.7738859 5673
20063.1144716 5674
20589.752254 5675
21249.743397 5676
22072.0219839 5677
23085.5417429 5678
24308.8917765 5679
25716.7975274 5680
27272.3683195 5681
28938.6887364 5682
30676.6861226 5683
32426.4127541 5684
34116.1226661 5685
35673.8730593 5686
37028.9691286 5687
38148.6887047 5688
39043.4189108 5689
39725.9056754 5690
40208.8471842 5691
40491.4599937 5692
40541.6303966 5693
40322.7773029 5694
39798.3185882 5695
38951.1530391 5696
37863.1973157 5697
36647.7624249 5698
35418.2381706 5699
34281.8123793 5700
33270.0459122 5701
32364.4386359 5702
31545.5942596 5703
30794.2327029 5704
30096.6075731 5705
29446.2617434 5706
28837.2461362 5707
28263.5960537 5708
27717.8503003 5709
27188.4811565 5710
26663.2762804 5711
26130.0068906 5712
25580.126093 5713
25026.9938862 5714
24492.0335678 5715
23996.6989443 5716
23560.5257663 5717
23174.8126986 5718
22809.5330595 5719
22434.1085739 5720
22018.4274323 5721
21559.2057574 5722
21093.421456 5723
20661.3842738 5724
20303.4224594 5725
20045.3663037 5726
19867.9334687 5727
19743.0908036 5728
19642.7797948 5729
19541.9479778 5730
19436.1872451 5731
19329.7503912 5732
19226.9188462 5733
19132.1352225 5734
19052.7105084 5735
18998.3701627 5736
18978.9171237 5737
19003.9687932 5738
19068.2773051 5739
19141.7025383 5740
19191.7159561 5741
19185.7703449 5742
19107.3175984 5743
18995.6977809 5744
18902.4618511 5745
18879.1885977 5746
18968.6596286 5747
19145.6429496 5748
19353.2922479 5749
19534.5441217 5750
19634.8751012 5751
19651.3875858 5752
19629.1255644 5753
19614.973273 5754
19655.5600511 5755
19769.9554052 5756
19926.7219714 5757
20089.0024752 5758
20219.9324309 5759
20292.6496266 5760
20318.7654441 5761
20319.1058002 5762
20314.5117075 5763
20324.2219492 5764
20353.847446 5765
20402.1327206 5766
20467.7774298 5767
20549.3498323 5768
20642.6120798 5769
20740.5312051 5770
20835.9455997 5771
20921.7082199 5772
20993.1619772 5773
21050.5162266 5774
21094.5489351 5775
21126.0395338 5776
21149.6261949 5777
21185.8194932 5778
21259.1925714 5779
21394.3413175 5780
21611.7110739 5781
21893.9482522 5782
22203.5026827 5783
22502.6142254 5784
22754.3527304 5785
22942.9784453 5786
23074.9227246 5787
23157.6734437 5788
23198.7592662 5789
23211.4044591 5790
23220.5857885 5791
23252.7327441 5792
23334.2925252 5793
23482.5850093 5794
23675.5609908 5795
23880.572612 5796
24064.9629187 5797
24199.8324763 5798
24292.3287551 5799
24369.5711702 5800
24458.9107909 5801
24586.733659 5802
24753.6927893 5803
24932.7173689 5804
25095.3415315 5805
25213.188298 5806
25273.8852751 5807
25298.9579768 5808
25314.2355449 5809
25345.5763769 5810
25412.6132292 5811
25507.6385463 5812
25615.4289105 5813
25720.7537366 5814
25809.9329149 5815
25884.4580183 5816
25954.3529459 5817
26029.7557409 5818
26120.515039 5819
26229.0925496 5820
26349.8919283 5821
26476.8996962 5822
26604.0875359 5823
26723.5449591 5824
26823.349459 5825
26891.0711677 5826
26914.2570143 5827
26885.1982412 5828
26816.9781126 5829
26728.4043581 5830
26638.2928432 5831
26564.0151992 5832
26509.0074027 5833
26468.921901 5834
26439.3184106 5835
26415.6180735 5836
26389.7589842 5837
26349.8705198 5838
26283.9333379 5839
26179.896903 5840
26027.8368567 5841
25822.2183208 5842
25558.0465605 5843
25230.3302465 5844
24840.2306034 5845
24415.3034944 5846
23990.1924519 5847
23599.5550536 5848
23272.2583367 5849
22983.1276404 5850
22677.5930865 5851
22300.7493178 5852
21799.565082 5853
21168.0960695 5854
20449.5291348 5855
19689.3627173 5856
18933.0087286 5857
18208.4427298 5858
17508.5941429 5859
16822.1993099 5860
16137.9800622 5861
15447.1495721 5862
14751.1017254 5863
14053.8271899 5864
13359.3207681 5865
12671.5041955 5866
11993.6548799 5867
11328.723885 5868
10679.6604655 5869
10049.3153 5870
9438.38769749 5871
8845.44162989 5872
8268.95050938 5873
7707.41563576 5874
7162.39315258 5875
6641.21287605 5876
6151.84946089 5877
5702.2843606 5878
5297.25962233 5879
4929.210732 5880
4587.65240543 5881
4262.09184187 5882
3943.33203565 5883
3632.62736217 5884
3336.26418941 5885
3060.56559346 5886
2811.56216565 5887
2589.39775257 5888
2388.80660778 5889
2204.31802922 5890
2030.49580176 5891
1865.03404852 5892
1711.0852056 5893
1572.35097299 5894
1452.53603359 5895
1354.22810567 5896
1276.14778476 5897
1216.17827421 5898
1172.20260369 5899
1141.59697518 5900
1118.1130465 5901
1093.91231455 5902
1061.14359413 5903
1012.61863631 5904
952.537185856 5905
894.644468084 5906
852.990259358 5907
841.495970102 5908
865.390771042 5909
916.239894867 5910
984.405575748 5911
1060.24363966 5912
1136.80370888 5913
1215.42059932 5914
1299.01586048 5915
1390.51420714 5916
1493.61633492 5917
1616.91595067 5918
1770.91511943 5919
1966.1287926 5920
2212.15220332 5921
2505.31099152 5922
2832.01934621 5923
3178.44217257 5924
3531.00521175 5925
3888.44813796 5926
4266.63076077 5927
4682.68798108 5928
5153.75282196 5929
5688.18556683 5930
6270.89694198 5931
6882.91215142 5932
7505.24201852 5933
8122.31544035 5934
8737.15680436 5935
9359.06884687 5936
9997.3695912 5937
10660.3780923 5938
11344.6347707 5939
12039.0174925 5940
12732.2623709 5941
13413.1524601 5942
14072.2612282 5943
14702.3383019 5944
15296.2428277 5945
15846.8746914 5946
16354.5585418 5947
16836.5796913 5948
17312.5905838 5949
17802.2635677 5950
18318.4958301 5951
18843.3229515 5952
19349.9777567 5953
19811.6757072 5954
20204.8727946 5955
20537.1665637 5956
20833.4225498 5957
21118.7189535 5958
21417.4468652 5959
21736.9677899 5960
22067.0791896 5961
22396.7662428 5962
22715.047351 5963
23014.985855 5964
23297.417113 5965
23564.0295404 5966
23816.5275324 5967
24053.4895497 5968
24261.8683676 5969
24425.887196 5970
24529.7613051 5971
24561.8168571 5972
24541.8488299 5973
24504.1631389 5974
24483.1685742 5975
24511.4831056 5976
24589.5245028 5977
24690.0684892 5978
24784.9778086 5979
24846.3200993 5980
24860.8243084 5981
24838.3257319 5982
24790.7076236 5983
24729.8620835 5984
24664.6243476 5985
24594.692802 5986
24518.0279507 5987
24432.6098621 5988
24337.1216635 5989
24234.6222105 5990
24129.77787 5991
24027.2694722 5992
23931.8672832 5993
23849.4209135 5994
23786.5435888 5995
23749.8774011 5996
23745.6720707 5997
23765.643769 5998
23782.9640842 5999
23769.5787615 6000
23697.4470519 6001
23552.2516279 6002
23352.3170821 6003
23120.709627 6004
22880.5198993 6005
22651.9252604 6006
22441.373565 6007
22251.3293555 6008
22084.2640396 6009
21942.576454 6010
21828.0193291 6011
21741.9746881 6012
21685.8235156 6013
21660.4660123 6014
21655.4297333 6015
21648.6991087 6016
21617.7058542 6017
21539.9954766 6018
21406.4652657 6019
21232.7970084 6020
21037.3655958 6021
20838.5957505 6022
20652.5369323 6023
20486.9001567 6024
20347.5521876 6025
20240.3694084 6026
20168.4914629 6027
20115.7411876 6028
20057.6531179 6029
19969.6947419 6030
19829.2142025 6031
19643.296423 6032
19442.541455 6033
19258.2296278 6034
19121.1492757 6035
19036.5277356 6036
18973.1868374 6037
18897.1101951 6038
18774.2791788 6039
18587.0549894 6040
18361.1769211 6041
18129.501509 6042
17924.9265211 6043
17774.6949135 6044
17676.7440495 6045
17619.5979361 6046
17591.7575753 6047
17581.1141272 6048
17569.1977999 6049
17533.7202754 6050
17452.3051027 6051
17303.6652425 6052
17096.2193508 6053
16870.481667 6054
16668.6148734 6055
16532.6455991 6056
16481.0149898 6057
16485.9968457 6058
16514.4805035 6059
16533.3135126 6060
16514.4737148 6061
16449.0759459 6062
16332.6401561 6063
16160.6967638 6064
15932.9617718 6065
15679.7463817 6066
15444.9161765 6067
15272.4685665 6068
15203.1670081 6069
15225.2608485 6070
15284.8178945 6071
15326.6329728 6072
15296.2104199 6073
15177.4156427 6074
15009.1364204 6075
14834.5574045 6076
14696.8982727 6077
14620.2664571 6078
14578.6668847 6079
14537.955147 6080
14463.9352125 6081
14331.2183753 6082
14158.9347174 6083
13980.2324186 6084
13828.30383 6085
13733.3661505 6086
13694.8041125 6087
13694.0593972 6088
13712.3142714 6089
13730.8152526 6090
13733.1032145 6091
13705.0894141 6092
13632.7714516 6093
13502.3028229 6094
13317.396574 6095
13114.2198726 6096
12932.4938202 6097
12811.9987954 6098
12776.6527016 6099
12795.830064 6100
12827.1869405 6101
12828.3132895 6102
12763.8263902 6103
12645.3223005 6104
12503.5534087 6105
12369.3792383 6106
12272.1175567 6107
12219.0290161 6108
12201.1857635 6109
12209.2729118 6110
12233.866551 6111
12261.8596561 6112
12275.392591 6113
12256.2649729 6114
12186.2973788 6115
12060.735719 6116
11905.9375968 6117
11752.6904395 6118
11631.8291318 6119
11566.6278231 6120
11547.2030627 6121
11554.6178991 6122
11569.907379 6123
11575.3024296 6124
11563.4523798 6125
11532.2568632 6126
11479.6525628 6127
11403.9577314 6128
11310.7346209 6129
11212.0036228 6130
11120.0432823 6131
11047.0159001 6132
10996.9673761 6133
10961.2448781 6134
10930.0793155 6135
10893.685716 6136
10844.5667099 6137
10781.7222323 6138
10705.281199 6139
10615.3812866 6140
10515.4462073 6141
10426.4256051 6142
10375.1185534 6143
10388.3699941 6144
10489.5024173 6145
10664.1331334 6146
10875.1751421 6147
11085.1617324 6148
11258.0318886 6149
11394.3757689 6150
11533.2978359 6151
11715.7891254 6152
11982.6561129 6153
12348.7839053 6154
12781.5182176 6155
13243.0492079 6156
13695.5188457 6157
14106.095804 6158
14458.9507638 6159
14741.7779549 6160
14942.2413232 6161
15049.4662869 6162
15061.8324548 6163
14981.3257316 6164
14809.9441116 6165
14551.1488396 6166
14227.0806083 6167
13872.8193287 6168
13523.7694617 6169
13214.7297505 6170
12958.8610459 6171
12743.439637 6172
12554.1928708 6173
12376.840227 6174
12199.9896488 6175
12018.2933375 6176
11827.1543101 6177
11621.9683317 6178
11402.8912385 6179
11188.2240985 6180
11000.626007 6181
10862.7938856 6182
10791.5913336 6183
10761.7384175 6184
10729.4926946 6185
10650.9591948 6186
10485.358008 6187
10239.5515422 6188
9956.98001142 6189
9682.10888284 6190
9458.76175316 6191
9302.44979728 6192
9191.4502727 6193
9101.46674438 6194
9008.20115871 6195
8896.76186527 6196
8773.94218118 6197
8649.59079964 6198
8533.56735702 6199
8433.01389201 6200
8343.56016391 6201
8257.80153494 6202
8168.32257348 6203
8068.84235716 6204
7962.18667255 6205
7855.51306664 6206
7756.02280716 6207
7670.65533002 6208
7601.81050205 6209
7548.15595722 6210
7508.24271381 6211
7480.61534381 6212
7463.58308456 6213
7455.12386562 6214
7453.18759898 6215
7455.71638507 6216
7459.33446615 6217
7457.45098222 6218
7442.97991837 6219
7408.82114395 6220
7350.59322083 6221
7276.02542013 6222
7196.21269688 6223
7122.27587857 6224
7064.1037219 6225
7021.16268733 6226
6987.72313006 6227
6958.01213225 6228
6926.33030987 6229
6888.51829115 6230
6841.73842319 6231
6783.18052253 6232
6710.18883117 6233
6627.77044585 6234
6552.02199268 6235
6499.9422018 6236
6488.53508028 6237
6523.99194662 6238
6585.30322361 6239
6647.22147995 6240
6684.44443532 6241
6676.91188346 6242
6628.46416102 6243
6549.72873551 6244
6451.3514393 6245
6344.05429174 6246
6239.03075381 6247
6147.72666458 6248
6081.60842509 6249
6051.33825459 6250
6052.92859496 6251
6069.82982834 6252
6085.05819753 6253
6081.83649425 6254
6055.72395758 6255
6020.12886374 6256
5989.88420945 6257
5979.81909506 6258
5995.41655787 6259
6018.87599084 6260
6028.81408902 6261
6003.80165961 6262
5929.78001061 6263
5825.64790456 6264
5719.5165914 6265
5639.55196702 6266
5610.14369125 6267
5624.25026977 6268
5659.37012915 6269
5692.85220152 6270
5702.86224168 6271
5682.06435572 6272
5635.22079865 6273
5567.46838675 6274
5484.0409497 6275
5394.139225 6276
5312.48277973 6277
5254.22710525 6278
5234.52001448 6279
5257.70848103 6280
5302.47064093 6281
5343.72366549 6282
5356.33079931 6283
5322.80599008 6284
5258.03114863 6285
5185.44812833 6286
5128.54108542 6287
5107.54170159 6288
5117.38043757 6289
5141.25543118 6290
5162.26822688 6291
5164.60766702 6292
5149.69852982 6293
5132.47692337 6294
5128.27248093 6295
5151.97393657 6296
5200.18853893 6297
5245.72687532 6298
5259.75332949 6299
5213.48028028 6300
5098.30820124 6301
4949.94883045 6302
4810.05170339 6303
4720.34786309 6304
4709.11716374 6305
4752.82478855 6306
4815.46477282 6307
4860.95989838 6308
4858.15825473 6309
4810.30395673 6310
4735.17312897 6311
4650.6271722 6312
4573.98107815 6313
4514.80319684 6314
4477.14984487 6315
4464.96273076 6316
4481.86866912 6317
4521.34174351 6318
4564.93374197 6319
4593.4818797 6320
4587.88929357 6321
4541.73551431 6322
4473.41888961 6323
4404.25032902 6324
4355.58043539 6325
4341.5977812 6326
4352.28175072 6327
4372.49779272 6328
4387.08398105 6329
4383.20427181 6330
4362.08375443 6331
4330.15323557 6332
4293.86394455 6333
4259.35058421 6334
4229.07548462 6335
4203.20525584 6336
4181.87235069 6337
4165.09866453 6338
4150.22951886 6339
4131.86009478 6340
4104.44850683 6341
4062.54163875 6342
4008.16605376 6343
3955.96483265 6344
3921.82226219 6345
3921.64280641 6346
3961.89490157 6347
4022.08249077 6348
4076.89347161 6349
4100.96448589 6350
4075.85117791 6351
4017.75837262 6352
3953.69820735 6353
3910.73589523 6354
3912.67681145 6355
3953.5415993 6356
4011.56349751 6357
4064.79119627 6358
4092.20730596 6359
4090.39062899 6360
4071.21347553 6361
4047.07876448 6362
4030.21022016 6363
4023.24380841 6364
4015.26164722 6365
3994.30101225 6366
3948.40769229 6367
3874.5222583 6368
3790.41778116 6369
3716.8739479 6370
3674.7106061 6371
3677.69133193 6372
3711.17994985 6373
3753.39218502 6374
3782.50305297 6375
3779.58161037 6376
3746.35253199 6377
3693.43842686 6378
3631.51429311 6379
3571.13826237 6380
3521.01663417 6381
3488.55221329 6382
3481.13246141 6383
3505.69911819 6384
3555.53206034 6385
3608.24253065 6386
3640.54040166 6387
3629.24349089 6388
3566.83382262 6389
3475.02803261 6390
3378.77212141 6391
3303.0585272 6392
3265.4846524 6393
3260.46301711 6394
3277.87986029 6395
3307.60321878 6396
3339.99057751 6397
3368.12616604 6398
3386.00405166 6399
3387.60459182 6400
3368.2480848 6401
3336.19104395 6402
3306.92133419 6403
3296.035966 6404
3318.20333326 6405
3369.7377367 6406
3430.38792149 6407
3479.27386217 6408
3495.76652629 6409
3473.7026864 6410
3427.83291715 6411
3374.56454068 6412
3330.31327048 6413
3305.50767742 6414
3296.40869879 6415
3297.2299106 6416
3302.17397933 6417
3305.52625935 6418
3301.9284306 6419
3286.10606231 6420
3252.77354013 6421
3198.47447352 6422
3132.37726858 6423
3068.97277504 6424
3022.79500432 6425
3007.27950254 6426
3021.69851224 6427
3055.63610533 6428
3098.46905595 6429
3139.63972457 6430
3170.91775017 6431
3186.60794124 6432
3181.13518095 6433
3148.99687029 6434
3091.74950977 6435
3023.25897181 6436
2958.64865973 6437
2913.06655781 6438
2897.14456407 6439
2908.55636778 6440
2942.670619 6441
2994.8461983 6442
3058.70976659 6443
3119.57053272 6444
3160.21087873 6445
3163.38142898 6446
3114.96258085 6447
3027.19298187 6448
2925.44845477 6449
2835.24991993 6450
2780.8035698 6451
2764.95970805 6452
2773.53786842 6453
2791.85819559 6454
2805.42364396 6455
2807.1999181 6456
2799.52434713 6457
2785.33275427 6458
2767.56588912 6459
2749.16729379 6460
2733.07794081 6461
2722.24273127 6462
2719.61160206 6463
2726.43485725 6464
2738.35983372 6465
2749.87676048 6466
2755.46599382 6467
2751.16385805 6468
2741.64846123 6469
2734.58143315 6470
2737.63877033 6471
2757.44069792 6472
2790.29916943 6473
2826.75148184 6474
2857.25518141 6475
2872.47231372 6476
2867.15393372 6477
2839.66122387 6478
2788.47905162 6479
2712.30296866 6480
2619.5501041 6481
2532.08985824 6482
2472.81567875 6483
2464.57692085 6484
2513.73773737 6485
2590.46625574 6486
2660.08069295 6487
2687.83749105 6488
2651.61009076 6489
2574.85030282 6490
2491.30983684 6491
2434.7994853 6492
2432.87484455 6493
2475.2346356 6494
2537.47754786 6495
2595.13483329 6496
2625.60270264 6497
2626.1577353 6498
2605.92658017 6499
2574.21040709 6500
2540.05458418 6501
2507.02082989 6502
2473.56624097 6503
2437.94998042 6504
2398.5058423 6505
2357.35871989 6506
2322.11982857 6507
2300.84047801 6508
2301.56763393 6509
2327.67066806 6510
2371.79950326 6511
2425.09961028 6512
2478.69867074 6513
2524.58984277 6514
2558.01327574 6515
2574.96147107 6516
2571.41890765 6517
2544.64131544 6518
2499.75632995 6519
2444.89954149 6520
2388.22544547 6521
2337.61248069 6522
2297.84390271 6523
2271.83443988 6524
2262.47694599 6525
2272.40416989 6526
2298.81096884 6527
2333.78734191 6528
2369.21225062 6529
2397.03747251 6530
2413.47602515 6531
2420.89932144 6532
2422.16376892 6533
2420.12099973 6534
2415.89611565 6535
2406.69640509 6536
2389.18837612 6537
2360.03174035 6538
2317.79054154 6539
2267.97810323 6540
2217.69639255 6541
2174.05996341 6542
2142.96815236 6543
2122.99722398 6544
2110.0137769 6545
2099.87132572 6546
2088.99899185 6547
2079.74224767 6548
2077.90929094 6549
2089.35960976 6550
2119.35335395 6551
2161.49939306 6552
2198.93213156 6553
2214.38635134 6554
2190.95636824 6555
2128.90974273 6556
2052.10713247 6557
1986.15908002 6558
1956.63571893 6559
1974.82964736 6560
2021.67021624 6561
2074.1768001 6562
2109.32874189 6563
2110.97885664 6564
2086.29518224 6565
2047.37805731 6566
2006.3503721 6567
1973.71748573 6568
1951.05128995 6569
1936.88334798 6570
1929.74032859 6571
1928.12405086 6572
1930.33798179 6573
1934.57690653 6574
1939.03106051 6575
1941.97533345 6576
1943.11960659 6577
1943.35182587 6578
1943.59595382 6579
1944.75580361 6580
1946.97418057 6581
1949.44661082 6582
1951.30811672 6583
1951.69096802 6584
1949.6118277 6585
1943.86815324 6586
1933.23101238 6587
1916.47099433 6588
1894.13327572 6589
1872.03491111 6590
1856.97462368 6591
1855.76345083 6592
1873.42379684 6593
1906.43143125 6594
1948.72051133 6595
1994.21402295 6596
2036.59391993 6597
2067.74562645 6598
2078.70919148 6599
2060.50580702 6600
2005.56752992 6601
1925.37986477 6602
1845.03366652 6603
1789.95624903 6604
1784.60884796 6605
1827.09145039 6606
1887.20087237 6607
1933.29115273 6608
1934.0001751 6609
1880.73465119 6610
1801.7278714 6611
1728.60765931 6612
1693.01850016 6613
1711.54758318 6614
1763.36483578 6615
1821.90577647 6616
1860.55746334 6617
1859.99466111 6618
1829.48254536 6619
1785.2823208 6620
1743.68483851 6621
1718.63785725 6622
1709.36500391 6623
1709.42992675 6624
1712.37330119 6625
1712.36477039 6626
1710.14663231 6627
1710.3325279 6628
1717.59384178 6629
1736.15447374 6630
1761.840121 6631
1783.06232301 6632
1787.95773694 6633
1764.9629432 6634
1715.30452831 6635
1657.0420052 6636
1609.41246649 6637
1591.60231369 6638
1611.92419771 6639
1657.13576357 6640
1711.43852147 6641
1759.00617196 6642
1787.78829573 6643
1797.24310804 6644
1789.00474245 6645
1764.71076856 6646
1726.75855941 6647
1681.15500786 6648
1634.99198772 6649
1595.37585681 6650
1568.57778087 6651
1554.45345279 6652
1549.90884717 6653
1551.82919785 6654
1557.10982833 6655
1562.83467315 6656
1566.21705401 6657
1564.4683936 6658
1555.0058733 6659
1540.29694794 6660
1527.97216015 6661
1525.90880313 6662
1541.87031569 6663
1576.43481387 6664
1619.32702711 6665
1659.35198973 6666
1685.31612497 6667
1691.16436072 6668
1682.47924695 6669
1666.4526728 6670
1650.29019778 6671
1638.510235 6672
1626.27952411 6673
1606.72742462 6674
1572.97025923 6675
1520.79958477 6676
1460.52441215 6677
1407.35565089 6678
1376.5376696 6679
1381.2078871 6680
1416.17266429 6681
1466.86859039 6682
1518.63149309 6683
1557.44138136 6684
1579.02073806 6685
1586.45652118 6686
1583.02400492 6687
1572.01647605 6688
1557.09424992 6689
1542.32367166 6690
1531.79792151 6691
1529.55713168 6692
1535.41226882 6693
1542.30791637 6694
1542.54553853 6695
1528.42891597 6696
1497.11096282 6697
1457.49756577 6698
1420.25391635 6699
1396.06554349 6700
1392.13158975 6701
1402.76241918 6702
1419.29285548 6703
1433.03827902 6704
1437.38680714 6705
1437.56154371 6706
1442.97018864 6707
1463.0440761 6708
1505.2964943 6709
1559.90125236 6710
1607.85625306 6711
1630.04196302 6712
1608.70531212 6713
1547.25696988 6714
1465.51049895 6715
1383.74670533 6716
1321.8915175 6717
1288.68359332 6718
1280.29621427 6719
1292.22664064 6720
1319.94631527 6721
1357.64109147 6722
1397.40888087 6723
1431.1408651 6724
1450.72157588 6725
1450.64348893 6726
1431.69520293 6727
1395.59470203 6728
1344.06241068 6729
1281.44793194 6730
1221.61330595 6731
1180.60017222 6732
1174.48135261 6733
1214.45699677 6734
1284.65397014 6735
1359.86424667 6736
1414.8211609 6737
1427.4883855 6738
1403.99707981 6739
1364.8686271 6740
1330.77995307 6741
1320.9141819 6742
1332.83702771 6743
1348.07827693 6744
1347.75491481 6745
1313.75438186 6746
1248.73288771 6747
1177.45955498 6748
1125.82400205 6749
1119.43304778 6750
1164.70548958 6751
1238.71193024 6752
1316.00305534 6753
1371.12755136 6754
1388.73623496 6755
1376.0057624 6756
1343.16375172 6757
1300.45793612 6758
1257.38134852 6759
1220.88323167 6760
1197.39748283 6761
1193.37256091 6762
1212.44660876 6763
1244.2568994 6764
1274.08139628 6765
1287.16534524 6766
1271.36747539 6767
1234.56560622 6768
1193.84320369 6769
1166.36807377 6770
1167.87486697 6771
1196.4848782 6772
1238.6448555 6773
1280.56675555 6774
1308.80007505 6775
1317.50190533 6776
1308.02148777 6777
1281.99153671 6778
1241.13909798 6779
1191.0065437 6780
1142.25970368 6781
1105.94561482 6782
1093.06770188 6783
1106.84470003 6784
1135.49795878 6785
1165.52162146 6786
1183.38837275 6787
1180.4679442 6788
1161.87626462 6789
1135.1253643 6790
1107.74205022 6791
1085.8765 6792
1069.92051007 6793
1058.77416444 6794
1051.33431668 6795
1046.97765121 6796
1048.06353941 6797
1058.09792799 6798
1080.59672626 6799
1117.94436348 6800
1161.72448084 6801
1197.53203489 6802
1210.86927319 6803
1188.50416945 6804
1137.15208267 6805
1079.21260582 6806
1037.55357768 6807
1034.3214695 6808
1070.43497572 6809
1123.35773043 6810
1169.29549996 6811
1184.6519943 6812
1160.76059244 6813
1112.22282329 6814
1055.68072398 6815
1007.7870506 6816
979.810794546 6817
971.046714395 6818
979.17878414 6819
1001.8853566 6820
1035.89408645 6821
1074.89221361 6822
1111.94521906 6823
1140.10320586 6824
1153.89100038 6825
1154.84871908 6826
1146.58785545 6827
1132.72910556 6828
1116.45647662 6829
1097.85917007 6830
1075.69837415 6831
1048.72812749 6832
1016.27496864 6833
983.821071481 6834
960.596837924 6835
955.905053603 6836
978.307629225 6837
1023.1069212 6838
1074.31432684 6839
1115.54767341 6840
1130.78076409 6841
1116.36165072 6842
1083.27861836 6843
1043.38912545 6844
1008.49856827 6845
984.8363262 6846
969.400000595 6847
958.315948541 6848
947.709792302 6849
935.866547677 6850
926.116867453 6851
922.517368384 6852
929.132643759 6853
947.264584741 6854
968.957734781 6855
984.309119884 6856
983.39291724 6857
959.656216451 6858
923.038648146 6859
888.513635653 6860
871.088346364 6861
883.143946675 6862
918.176790584 6863
961.473966711 6864
998.258204325 6865
1014.8896011 6866
1010.28738426 6867
991.029546894 6868
963.81587698 6869
935.176556613 6870
908.451292581 6871
884.283011268 6872
863.232372612 6873
845.882385861 6874
833.494657896 6875
828.119254302 6876
831.855483934 6877
846.766522025 6878
872.274299721 6879
903.559671917 6880
935.412010448 6881
962.607682465 6882
979.721554085 6883
980.893757523 6884
960.193291193 6885
911.679267134 6886
835.986638468 6887
754.553061938 6888
692.958312876 6889
676.839338659 6890
723.120953333 6891
809.083537501 6892
900.737362812 6893
964.016367435 6894
970.668851229 6895
930.772406037 6896
869.809551458 6897
813.36048452 6898
784.571473791 6899
782.720263574 6900
793.75174461 6901
803.435047399 6902
798.374766965 6903
778.063806642 6904
751.910472825 6905
729.596692354 6906
720.528461028 6907
726.739026475 6908
742.551259947 6909
761.913163779 6910
778.842581348 6911
791.325528237 6912
802.996520069 6913
817.929164227 6914
840.165963558 6915
868.860514756 6916
893.62215348 6917
902.936321301 6918
885.27581516 6919
836.990514484 6920
775.780239321 6921
722.955599716 6922
699.875571076 6923
719.864823181 6924
765.506162857 6925
812.020730762 6926
834.574491783 6927
814.193981079 6928
763.779916622 6929
706.976775009 6930
667.489805194 6931
665.66363165 6932
695.433990357 6933
738.365940672 6934
775.913622033 6935
790.953820741 6936
783.04031636 6937
762.37337348 6938
739.347568901 6939
723.931592857 6940
718.129170586 6941
717.078794707 6942
715.6844377 6943
709.001603034 6944
697.05750638 6945
685.656131616 6946
680.937761577 6947
688.981366058 6948
711.354594386 6949
742.575953995 6950
776.541508015 6951
807.141676506 6952
829.616738051 6953
842.082716466 6954
843.018496899 6955
830.902233215 6956
807.193524219 6957
782.044939992 6958
767.205059663 6959
774.448066717 6960
810.270865454 6961
859.72901793 6962
902.419814384 6963
917.895620696 6964
890.200420129 6965
828.991924352 6966
752.955569652 6967
680.827305753 6968
629.611995602 6969
602.140101486 6970
594.412724903 6971
602.379143107 6972
621.888124125 6973
647.714517464 6974
673.930403115 6975
694.584160069 6976
704.003468971 6977
701.743266584 6978
691.888700165 6979
678.68271383 6980
666.325657135 6981
657.487065037 6982
653.072970548 6983
653.893595598 6984
660.747203292 6985
673.640828717 6986
691.372100784 6987
712.63455244 6988
736.105739248 6989
758.593701041 6990
773.084783352 6991
772.084507998 6992
748.090713037 6993
699.59148992 6994
641.693466239 6995
592.385836453 6996
569.69653042 6997
585.753493529 6998
630.210239209 6999
687.368510622 7000
741.496922975 7001
778.935620964 7002
796.984916503 7003
796.514752142 7004
778.398649716 7005
744.498672931 7006
703.825988796 7007
668.55706476 7008
650.907052467 7009
661.427975206 7010
693.361437754 7011
729.75740795 7012
753.500396835 7013
748.549141855 7014
715.630630578 7015
668.506799008 7016
621.308713305 7017
587.746565132 7018
570.812184613 7019
562.54358909 7020
554.469115315 7021
538.307060315 7022
514.348913038 7023
494.353084436 7024
490.899955721 7025
516.473747338 7026
572.946913639 7027
643.485978099 7028
709.322038537 7029
751.677116288 7030
759.720279041 7031
741.227935048 7032
706.643500927 7033
666.431636122 7034
629.063050101 7035
596.722737319 7036
570.37119199 7037
550.971419936 7038
539.306017564 7039
535.390162461 7040
539.0355424 7041
550.052879689 7042
567.634453414 7043
587.420649777 7044
603.779246313 7045
611.064918278 7046
604.565404838 7047
587.00104062 7048
564.621568756 7049
543.710765719 7050
530.246244702 7051
526.68897907 7052
533.311754554 7053
550.35488803 7054
577.831597156 7055
612.070952831 7056
646.413330107 7057
674.099123642 7058
688.509216143 7059
686.857724955 7060
670.381114129 7061
640.509202107 7062
598.748426373 7063
549.774729707 7064
502.55889504 7065
466.394627926 7066
450.524437517 7067
458.171174651 7068
481.965501382 7069
513.449202529 7070
544.152737189 7071
567.030412989 7072
578.33747264 7073
574.785148534 7074
553.080651876 7075
513.910605098 7076
470.047971133 7077
436.572963326 7078
428.597573335 7079
454.90040574 7080
498.55007932 7081
536.080579624 7082
543.975783442 7083
505.517644112 7084
440.794350672 7085
382.275814384 7086
362.509689825 7087
407.89124192 7088
499.890045457 7089
600.157557937 7090
670.177975909 7091
675.546970214 7092
623.309422393 7093
544.242349698 7094
469.465780413 7095
428.318745939 7096
424.460261765 7097
442.675055695 7098
467.280043919 7099
483.073578642 7100
485.38131959 7101
479.422512248 7102
470.809083054 7103
465.043866764 7104
463.693147575 7105
463.61467581 7106
461.383160294 7107
453.63795409 7108
441.144141295 7109
430.975996633 7110
430.754295388 7111
448.060327102 7112
483.503086663 7113
524.047813332 7114
555.052578213 7115
561.863075275 7116
538.258148275 7117
499.340445418 7118
463.55692584 7119
449.395233594 7120
468.50575092 7121
509.990372864 7122
558.302337471 7123
597.859162305 7124
615.543295842 7125
608.971263036 7126
578.6471114 7127
525.075807122 7128
450.983921656 7129
371.646387062 7130
306.774546643 7131
276.132652849 7132
295.529327604 7133
350.937571087 7134
414.794223968 7135
459.40254829 7136
459.978740892 7137
421.581602834 7138
366.53561031 7139
317.428623771 7140
295.487731925 7141
302.385546267 7142
325.48354884 7143
351.786038917 7144
368.679788457 7145
371.794342014 7146
364.360956987 7147
349.902033596 7148
331.97495423 7149
314.914479957 7150
303.95244678 7151
304.384069537 7152
321.408951975 7153
354.719390452 7154
396.007420435 7155
436.316321433 7156
466.701450174 7157
481.819786865 7158
482.925020064 7159
471.977538875 7160
450.948805647 7161
423.463991188 7162
396.961284625 7163
379.435292217 7164
378.899838827 7165
398.572624253 7166
427.452419815 7167
451.892736915 7168
458.206809546 7169
437.858632871 7170
401.94224889 7171
366.23472749 7172
346.562280264 7173
354.863306831 7174
383.939282507 7175
420.740890092 7176
452.175888694 7177
466.917870936 7178
464.963627031 7179
450.712470601 7180
428.587480698 7181
402.984269528 7182
377.971855506 7183
357.466563824 7184
345.396758025 7185
345.252980114 7186
355.640980327 7187
372.161698485 7188
390.357617843 7189
405.836685951 7190
415.376398949 7191
416.645020501 7192
407.32450418 7193
385.471370069 7194
357.038021651 7195
335.428386677 7196
334.385357365 7197
367.1196485 7198
429.04533568 7199
494.839859403 7200
537.921790171 7201
532.022702608 7202
471.244769751 7203
379.018703678 7204
281.13315675 7205
203.357371737 7206
160.587550586 7207
148.267111077 7208
159.813633352 7209
188.620690321 7210
228.544305903 7211
274.49578528 7212
321.509685136 7213
364.601064087 7214
400.323983285 7215
429.527651826 7216
453.802778639 7217
474.746595261 7218
491.670035623 7219
495.918218067 7220
477.068889868 7221
424.649471223 7222
334.684688221 7223
231.824335143 7224
148.667457543 7225
117.972229692 7226
163.992699438 7227
263.124025147 7228
375.134956867 7229
459.577309947 7230
482.063121251 7231
451.971508098 7232
397.534355107 7233
347.201132144 7234
326.500739829 7235
333.515118982 7236
351.738498382 7237
364.444417323 7238
356.366295043 7239
330.24274596 7240
300.52879207 7241
281.955935317 7242
288.277971428 7243
316.818158772 7244
351.849939903 7245
377.200713926 7246
377.344399235 7247
352.539666902 7248
318.288300184 7249
290.80035186 7250
285.953928314 7251
306.487651459 7252
339.759318738 7253
372.182647035 7254
390.284270914 7255
389.880625001 7256
379.971024098 7257
370.607202231 7258
371.81299082 7259
386.131174797 7260
403.201516907 7261
411.325901184 7262
398.778747891 7263
362.213022081 7264
315.87968281 7265
276.329920597 7266
260.215315669 7267
276.248359467 7268
312.663866796 7269
354.387311273 7270
386.234010934 7271
397.485439114 7272
391.715929743 7273
375.338551545 7274
354.814812055 7275
336.452839465 7276
325.824678708 7277
328.357536183 7278
349.52323193 7279
391.696606809 7280
442.26872317 7281
484.052740009 7282
499.717909989 7283
476.411988621 7284
428.506083572 7285
380.495425692 7286
357.101112291 7287
379.022225651 7288
436.074419092 7289
504.159827012 7290
558.902781978 7291
578.486616261 7292
566.418707882 7293
539.972851796 7294
516.71278394 7295
513.02769162 7296
529.894307244 7297
558.249873345 7298
588.778568384 7299
